0.0,0.0,0.37512875,0.0,0.0,0.10976247,0.0,0.0,0.28466007,0.0,0.0,0.36845666,113.12702,140.23566,0.819019,65.73959,173.51204,0.96839696,117.84282,177.55937,0.98541856,52.57165,227.99684,0.87485963,130.21542,227.8177,0.94863904,51.426376,267.90024,0.76146674,120.16237,252.49661,0.8761727,73.71901,269.00577,0.9963075,103.31934,271.90067,0.99728644,91.93659,342.50696,0.99488246,87.747826,350.19727,0.99630606,104.85234,411.47064,0.9843125,69.48397,421.91714,0.9871681
0.0,0.0,0.12608208,0.0,0.0,0.07638961,0.0,0.0,0.07871637,597.18976,197.5651,0.5665737,612.6887,197.59906,0.5857168,590.7771,217.97052,0.96575457,621.3884,218.10184,0.9810843,581.6884,245.35083,0.86339825,629.9612,244.5413,0.9339718,581.95917,264.74615,0.6870517,633.41205,264.988,0.7944847,596.4491,266.46356,0.9896382,615.3374,266.6852,0.99234265,601.9698,305.5395,0.97545743,614.09576,305.68927,0.979729,602.33966,341.91202,0.9420462,607.73126,341.6083,0.9493265
0.0,0.0,0.08085988,0.0,0.0,0.05949563,0.0,0.0,0.034972187,335.00464,210.23505,0.6647203,0.0,0.0,0.48643875,328.9441,229.4237,0.9802705,361.5354,229.01193,0.9802332,318.3103,254.00975,0.9097706,370.54016,254.64125,0.8864659,312.4034,271.2835,0.72570294,368.76953,271.87527,0.6829163,336.30234,279.16418,0.99420303,357.28958,278.91177,0.9944048,337.5874,316.51617,0.9851886,357.7079,316.56396,0.98389107,341.05273,352.53122,0.9638976,358.76453,352.04282,0.961725
0.0,0.0,0.15356313,0.0,0.0,0.03932625,0.0,0.0,0.10456739,0.0,0.0,0.23761861,427.17703,181.13573,0.61616987,392.1409,208.66751,0.9209335,436.35025,205.82898,0.97386557,382.53625,246.57089,0.8131139,458.7811,225.45482,0.9544268,388.53033,264.9978,0.7050077,453.2139,208.1255,0.89189124,399.4445,272.7651,0.9916059,426.55695,272.45715,0.99508566,408.83276,324.53934,0.98619497,423.1107,325.72104,0.9924839,403.22513,367.7471,0.9621307,413.97324,371.07822,0.9747181
546.94775,204.55219,0.9212371,549.68524,201.92668,0.8733618,544.8499,202.07855,0.85403514,554.58044,203.54759,0.6965847,542.4882,203.86763,0.6316652,560.5556,219.93956,0.9866281,538.9737,220.37544,0.98996824,566.19507,238.84969,0.9150578,531.75226,238.35327,0.9265217,568.7736,257.68484,0.86618406,527.4776,254.23912,0.87407994,558.07623,260.01175,0.98731995,545.16766,260.24814,0.98906285,557.49036,290.18356,0.9694123,548.4076,290.19315,0.97046757,557.7216,318.603,0.933573,550.7559,318.11258,0.9351273
0.0,0.0,0.068091735,0.0,0.0,0.049035203,0.0,0.0,0.0384704,688.65826,205.20824,0.5176254,0.0,0.0,0.4348399,682.69135,219.52115,0.96159613,707.77094,219.72017,0.96046156,675.295,237.01662,0.86709183,712.32855,239.94714,0.84316397,675.2969,251.7117,0.67225385,714.1575,257.07394,0.6397278,687.8074,254.91345,0.99080443,704.0051,255.12581,0.9905991,690.5065,282.2275,0.9840448,702.596,282.59885,0.9818363,693.0923,308.93033,0.9716897,702.4458,308.96423,0.96848685
0.0,0.0,0.08963915,0.0,0.0,0.057330802,0.0,0.0,0.052686576,0.0,0.0,0.47997853,0.0,0.0,0.43739536,146.51189,221.82132,0.90864897,175.33736,222.5051,0.90936744,138.47514,244.54567,0.6113964,175.5898,242.79486,0.5930548,0.0,0.0,0.37013957,0.0,0.0,0.34721386,149.38155,263.82486,0.97187257,169.16916,264.1703,0.9706715,144.87642,299.53775,0.97336835,165.67033,300.04523,0.96851724,142.6161,335.9999,0.9661785,164.00032,336.4868,0.96117437
464.4315,197.67735,0.7438967,466.76425,194.84311,0.6831572,462.60156,195.23465,0.5650073,471.86374,197.2677,0.57928157,0.0,0.0,0.3418888,479.48532,213.7161,0.96259564,455.26276,215.82924,0.9422212,482.72964,229.58665,0.8546464,452.5284,232.37242,0.6890721,467.95123,216.27379,0.78651553,460.62756,214.17918,0.62953115,477.2437,255.30383,0.98597765,460.42776,256.4768,0.9815988,482.29297,290.84042,0.9887189,459.0817,292.16052,0.98334724,485.48248,327.1385,0.98377544,458.2719,328.10068,0.9781085
0.0,0.0,0.17882088,0.0,0.0,0.20714454,0.0,0.0,0.047786456,211.86455,215.22296,0.7583176,0.0,0.0,0.18763717,211.41064,229.89395,0.96264535,232.01538,228.24791,0.8834533,205.30716,250.17337,0.88149095,0.0,0.0,0.4424032,203.62378,256.53055,0.6933371,0.0,0.0,0.29905403,222.99287,268.16235,0.96024233,237.71457,267.60864,0.9277872,222.84505,293.06937,0.9116556,241.34392,292.85538,0.8298867,224.82124,321.25827,0.83285517,245.49121,319.2954,0.743328
0.0,0.0,0.17160049,0.0,0.0,0.07281284,0.0,0.0,0.15763903,0.0,0.0,0.1694856,647.3144,209.79259,0.50247276,638.83014,223.18074,0.81089735,648.8622,222.88481,0.89962196,0.0,0.0,0.46074328,653.3385,239.80284,0.768396,0.0,0.0,0.3499162,656.6652,254.77614,0.6013007,641.7985,257.7826,0.92396957,648.35376,257.65872,0.9496399,641.0265,285.39462,0.89154375,645.12695,284.97726,0.92805177,644.48096,310.59625,0.8568775,645.3974,310.42056,0.89313745
0.0,0.0,0.45805407,0.0,0.0,0.38174534,0.0,0.0,0.29469678,0.0,0.0,0.45003965,0.0,0.0,0.3033535,317.9736,226.9985,0.89104855,312.61365,227.23325,0.89717156,313.68076,248.13446,0.6975354,311.97266,248.665,0.67642015,307.16415,261.8661,0.6059599,310.59042,263.02087,0.58018386,315.58923,269.82526,0.941892,312.47348,269.90652,0.9445437,316.92703,304.29617,0.9362802,314.5528,304.463,0.9341772,318.76285,337.27045,0.9144199,314.88364,336.91412,0.91277266
