500.13373,167.2895,0.9007879,502.4809,163.5661,0.539267,496.4636,163.32964,0.91478634,0.0,0.0,0.22806285,485.39447,163.61388,0.9041585,496.29633,188.882,0.94602,469.7351,191.595,0.99580234,501.24014,220.9698,0.70196915,464.67847,228.44855,0.98771834,505.2855,213.08159,0.64109826,502.10712,217.77786,0.962762,490.68445,259.43195,0.99120855,478.4047,263.38382,0.9974795,482.01053,310.8857,0.98988754,503.56552,323.71994,0.9973162,451.4782,356.3889,0.980414,506.1198,379.34348,0.9915057
267.7741,202.1942,0.96739256,270.8799,199.07161,0.92167455,264.34378,198.95836,0.9523315,274.56876,201.73969,0.64903444,258.1403,201.41031,0.8317749,279.7618,222.0576,0.9934977,249.79958,221.3616,0.99772495,290.34695,244.23972,0.95678777,233.7577,240.94743,0.98836213,291.40268,262.75327,0.9378705,223.21379,259.50958,0.9751926,270.2968,268.46655,0.9961558,252.75237,268.1847,0.99779034,265.57202,303.83432,0.98838496,257.69962,303.6814,0.9922544,257.3537,336.6296,0.9660136,257.3809,336.97064,0.9744495
622.247,210.93369,0.76365334,0.0,0.0,0.30115172,619.7704,207.79112,0.78277516,0.0,0.0,0.1540501,612.2299,208.6102,0.89635324,610.43286,222.3921,0.9761613,604.1373,223.5859,0.9963141,619.2928,240.98146,0.7993262,597.9321,246.70888,0.9873798,636.1515,250.39622,0.77006704,605.25824,263.96918,0.96473897,601.057,264.9184,0.9936606,601.2505,265.6323,0.9977428,594.23315,293.75403,0.98336303,619.499,294.0315,0.99397284,580.5081,319.0605,0.96473885,624.882,320.8672,0.98351246
0.0,0.0,0.13373725,0.0,0.0,0.07418672,0.0,0.0,0.07925501,516.3148,161.82683,0.51089895,532.3914,162.43195,0.5959792,509.1874,183.61862,0.945,543.5552,184.27054,0.9582158,503.90704,210.9268,0.6260095,550.5806,211.73318,0.7215789,0.0,0.0,0.3489837,0.0,0.0,0.42675635,515.93604,244.70567,0.98110265,540.1064,245.07278,0.9838785,514.6602,291.55026,0.9727979,541.5204,291.84286,0.97503155,516.254,341.0808,0.9519539,542.8589,340.81357,0.9545933
842.2482,111.29526,0.78381854,0.0,0.0,0.3077815,836.1405,105.53082,0.85650307,0.0,0.0,0.07050317,814.17645,112.70406,0.85547626,828.5315,152.51794,0.73638725,792.11237,156.4173,0.9587901,0.0,0.0,0.34456033,792.1428,221.70995,0.91112626,0.0,0.0,0.33254734,838.0712,250.00969,0.83013165,830.25555,263.07648,0.9005506,802.59674,266.73825,0.9621127,837.0285,351.10275,0.78061223,796.68463,357.70068,0.90824133,831.86707,419.73376,0.56827533,773.02625,426.96237,0.7054477
767.33716,112.73411,0.89784604,0.0,0.0,0.43160307,758.6351,106.50795,0.9222196,0.0,0.0,0.084608115,735.30865,119.52836,0.91205037,759.6626,170.82898,0.86784947,709.78955,171.83925,0.98954713,768.2539,233.08876,0.5886574,711.27026,239.58484,0.9802019,787.1112,201.80127,0.5677208,763.89,215.15799,0.95081043,749.9421,305.2853,0.95657194,711.40814,307.10785,0.98648596,757.93005,413.45804,0.8288095,706.9764,416.05637,0.94158804,0.0,0.0,0.4581108,669.2176,475.40356,0.6342828
343.33487,210.07729,0.8754774,344.88757,207.53728,0.6323735,340.93118,207.14395,0.88755274,0.0,0.0,0.23136432,333.90695,207.40933,0.8409367,345.5124,223.06706,0.9561533,323.98602,222.61276,0.9905944,348.7884,239.6397,0.72009975,313.8506,243.11649,0.96761113,352.71054,248.69899,0.6957341,316.06686,260.49518,0.93303305,341.7774,261.39072,0.9826202,328.88354,261.87796,0.9923758,340.91193,292.1352,0.9717809,333.9126,292.74295,0.98695785,336.8844,322.48355,0.9545266,333.55984,323.78238,0.97412217
99.88752,209.01399,0.8452009,101.27014,207.07295,0.71646464,98.30454,207.19211,0.783484,103.151695,208.25429,0.5084303,95.65933,208.20268,0.6673997,106.05925,219.88258,0.9746882,90.32877,219.3575,0.98511386,109.76106,233.91502,0.8324582,81.45355,232.83418,0.9135377,109.729675,246.44615,0.7558074,79.35613,246.14656,0.84259087,99.61284,248.2431,0.97999954,89.91828,247.85422,0.9850686,98.16253,269.68417,0.95915234,86.84571,269.2743,0.9672829,96.81124,290.5774,0.9277676,85.44628,290.25534,0.93806094
769.6568,114.105804,0.83085215,0.0,0.0,0.22858433,761.5191,106.73359,0.9269645,0.0,0.0,0.015383431,737.3873,114.763176,0.94830954,750.0842,162.11375,0.813885,717.63666,168.61835,0.9756619,0.0,0.0,0.24226496,713.3832,241.24022,0.9464818,0.0,0.0,0.2510776,757.62,218.89635,0.8612664,755.049,296.21896,0.77784956,733.2496,301.83173,0.92032444,0.0,0.0,0.10277023,0.0,0.0,0.31071323,0.0,0.0,0.015801875,0.0,0.0,0.045884725
125.854294,207.40587,0.82087845,127.91698,205.41893,0.80159533,124.660736,205.45016,0.6046615,131.5558,206.81898,0.75516117,0.0,0.0,0.31961071,136.16663,218.27109,0.98023903,120.4095,218.72958,0.9516276,139.90137,232.21594,0.9260363,116.68925,231.5234,0.6950687,133.57071,241.38326,0.87272805,119.87178,237.54755,0.64784247,132.19708,245.80275,0.97644913,122.23366,245.95229,0.96161324,130.66504,268.77213,0.95933527,122.17754,268.99457,0.92707056,131.06079,288.91592,0.9262995,124.38944,288.64374,0.8865741
375.82523,210.38828,0.857954,376.70178,208.45967,0.6717028,373.80154,208.26942,0.8457213,0.0,0.0,0.36358586,368.48053,209.06555,0.7844462,378.23526,222.18845,0.963554,362.32562,221.28389,0.98641115,382.49936,235.27098,0.73694694,357.64682,235.85402,0.9278013,385.2531,242.89902,0.67598194,362.11697,245.46085,0.86401844,376.71082,250.4647,0.9713624,366.64743,250.48077,0.98341525,377.98257,273.07928,0.9457144,367.79517,273.1162,0.96682626,376.1279,296.6725,0.9189818,365.02637,297.07126,0.9430905
