550.9262,181.35297,0.9519395,554.80066,177.88545,0.92481965,548.02826,177.82166,0.890654,561.581,180.96674,0.7708455,544.0912,180.7124,0.60000145,570.892,205.88219,0.9921055,535.4817,204.13002,0.9932476,578.07324,237.05066,0.95040846,520.45636,229.75093,0.946183,573.56104,260.77795,0.91373557,517.68317,250.49536,0.9054252,560.8091,263.83865,0.9929644,539.48047,262.8363,0.9935721,555.1103,305.93323,0.97728354,541.756,304.88712,0.97571725,550.0549,346.5474,0.93505985,547.50006,344.85593,0.9307782
467.43637,185.95581,0.94654506,470.96487,182.50089,0.9326971,465.1996,182.59813,0.85961235,478.81235,183.76701,0.8134113,0.0,0.0,0.4925479,490.6539,204.84653,0.9930704,456.70328,205.32512,0.99193996,503.34003,229.75865,0.97036934,446.12622,230.68655,0.93822724,499.9301,253.57716,0.9490944,440.51422,257.56412,0.9041782,481.905,260.86826,0.99468464,461.6644,260.33362,0.9940514,478.24994,300.87897,0.98416555,464.15012,300.03714,0.9787725,476.99182,339.53836,0.9539776,472.65518,338.15497,0.9433677
626.41864,183.38228,0.9498756,630.8601,179.67178,0.9357919,623.65344,179.57953,0.8665577,640.1539,182.26619,0.80586743,0.0,0.0,0.47841766,649.8184,205.8372,0.99039745,617.40466,205.23372,0.9881734,657.55475,234.39455,0.95895493,610.0043,230.702,0.9104026,647.3992,249.51512,0.93456334,609.5817,241.5055,0.8736655,640.9034,265.11664,0.99281067,619.1869,264.09296,0.9916952,643.5655,309.5434,0.9829785,615.6554,308.28177,0.9769207,646.1328,352.94907,0.9535156,614.4857,350.96396,0.9428169
312.19217,189.67833,0.93610966,316.17392,185.83499,0.92030966,308.95258,185.6467,0.83424824,322.89978,187.68893,0.78793263,0.0,0.0,0.4157075,332.3318,211.41017,0.98833174,296.35364,210.81238,0.98065776,340.19754,241.6418,0.9534479,288.5892,238.30544,0.8640372,333.3875,267.46814,0.9205284,290.2253,260.19666,0.8199693,323.77832,273.16638,0.99191123,299.6927,272.7762,0.98935294,325.74445,319.21365,0.985219,294.79364,318.77048,0.9770899,325.0696,363.86923,0.9626785,290.75348,362.81323,0.9478247
379.78873,174.54875,0.9494331,384.9286,169.89848,0.943022,376.28513,169.89168,0.87028277,394.16742,172.64511,0.81235796,0.0,0.0,0.4465718,406.53082,202.35428,0.9903267,363.59134,202.64716,0.9854813,420.00772,239.27924,0.9667225,356.31906,236.59161,0.90651053,421.74954,280.3825,0.9417377,352.33072,268.93573,0.86636764,397.62186,275.439,0.99280435,370.51187,275.46945,0.9908427,397.97006,324.79654,0.97858983,372.60477,324.63794,0.96829164,399.89963,368.1812,0.93057287,378.00095,367.4064,0.908973
0.0,0.0,0.06915836,0.0,0.0,0.03460668,0.0,0.0,0.046883617,0.0,0.0,0.48403615,734.11957,183.38136,0.64405966,708.19836,203.0918,0.9606667,741.82355,205.08354,0.9774933,702.7093,228.21259,0.78123677,751.09735,234.78236,0.8892586,708.3684,243.56712,0.5134435,751.3103,255.93513,0.65088415,714.2784,260.89197,0.99105364,736.97925,261.98553,0.99339324,714.20795,306.3832,0.9816473,738.1753,307.2991,0.98476297,717.3498,351.3621,0.959725,741.1614,352.2717,0.96445125
0.0,0.0,0.43347567,0.0,0.0,0.41149113,0.0,0.0,0.19555262,0.0,0.0,0.47292823,0.0,0.0,0.1217774,235.48691,212.44205,0.9182666,220.27475,210.64006,0.833089,242.93205,239.15239,0.862405,211.9702,234.03026,0.5824012,236.15341,250.0116,0.7923939,212.91281,239.99184,0.5481937,228.8975,272.92505,0.977276,219.7027,271.78564,0.96499026,226.20717,317.87973,0.9750046,218.45079,317.07852,0.95738703,225.47652,361.1962,0.9465854,216.22844,359.52515,0.9217497
136.09781,222.80966,0.7341292,139.90947,219.15735,0.6905119,0.0,0.0,0.4856928,148.044,221.88034,0.5808915,0.0,0.0,0.21571481,154.78194,241.84047,0.9655164,127.61978,242.65266,0.9508663,157.9826,263.5138,0.93061066,116.42499,268.6803,0.8272661,142.5933,266.3319,0.9053761,110.07942,285.54013,0.7984034,144.2803,295.23242,0.9852997,126.62008,294.29572,0.9811544,134.28014,330.67798,0.97364175,117.32914,329.52414,0.959889,132.03096,361.4902,0.9376141,117.661644,359.87256,0.9166653
0.0,0.0,0.03955236,0.0,0.0,0.03331506,0.0,0.0,0.02985505,0.0,0.0,0.04338893,0.0,0.0,0.03241927,0.0,0.0,0.10361037,0.0,0.0,0.07419111,0.0,0.0,0.18693309,0.0,0.0,0.12628363,0.0,0.0,0.18072261,0.0,0.0,0.1446026,0.0,0.0,0.17719428,0.0,0.0,0.1544547,0.0,0.0,0.19776018,0.0,0.0,0.17498973,0.0,0.0,0.15025076,0.0,0.0,0.13525519
0.0,0.0,0.10807026,0.0,0.0,0.10798653,0.0,0.0,0.05046575,0.0,0.0,0.16069739,0.0,0.0,0.054405708,0.0,0.0,0.2263234,0.0,0.0,0.22003333,0.0,0.0,0.19370495,0.0,0.0,0.15386197,0.0,0.0,0.1940412,0.0,0.0,0.15958127,0.0,0.0,0.22953625,0.0,0.0,0.23749359,0.0,0.0,0.21405393,0.0,0.0,0.21092613,0.0,0.0,0.183688,0.0,0.0,0.1865759
