0.0,0.0,0.18064089,0.0,0.0,0.11069458,0.0,0.0,0.026295219,468.28876,95.46955,0.85850036,0.0,0.0,0.29812145,465.28918,147.63914,0.9911097,544.04443,144.78233,0.9724699,451.51517,229.67792,0.9684955,566.41144,228.92874,0.8766429,447.50137,298.07083,0.87566847,564.33356,295.99603,0.70997167,484.4769,295.02142,0.98849493,543.7676,292.7748,0.98205644,448.895,402.125,0.8933572,547.42865,401.04004,0.85505575,0.0,0.0,0.33754307,0.0,0.0,0.29817054
0.0,0.0,0.13605869,0.0,0.0,0.06788601,0.0,0.0,0.07868281,0.0,0.0,0.38097534,0.0,0.0,0.48729002,170.02545,216.97264,0.96092474,194.47849,216.96783,0.96827346,160.21988,236.2202,0.83722377,201.9154,239.6165,0.87235886,161.758,252.18318,0.66412175,206.91963,258.5138,0.7098561,174.1332,257.75323,0.9883773,189.24922,257.58078,0.990213,177.46788,287.68573,0.9733473,187.35196,287.54926,0.9764495,179.5715,315.85898,0.9476034,184.6991,316.00565,0.95246035
337.66272,173.15778,0.9679404,340.6336,169.59721,0.90595293,333.6324,169.55157,0.9552469,344.01984,174.25427,0.56177413,325.6289,173.61855,0.84817034,348.64807,201.26753,0.9911712,314.9883,201.21838,0.9967553,358.10898,232.06084,0.9259718,303.36664,233.1549,0.9804535,364.08557,262.52292,0.89266396,301.54492,266.29196,0.9574138,340.14008,262.4871,0.9935229,319.58154,262.76074,0.9962708,332.0218,309.10034,0.97833157,319.1226,309.69217,0.98579466,325.66885,353.34598,0.9336853,319.18057,354.8549,0.9503293
0.0,0.0,0.077926725,0.0,0.0,0.058190174,0.0,0.0,0.030169293,593.2473,175.86388,0.69213,0.0,0.0,0.4763034,584.897,199.9564,0.9777939,621.86255,198.33252,0.9720324,576.6041,232.90955,0.8787929,629.533,229.60541,0.8041584,574.89044,263.28314,0.62206954,625.62726,257.1731,0.5129301,590.60614,258.35693,0.99034166,614.4738,257.79135,0.98937947,590.7922,296.34085,0.9721638,610.93005,296.41504,0.9659209,599.90186,332.17877,0.9339602,614.6723,331.83768,0.92372257
0.0,0.0,0.09802176,0.0,0.0,0.04855926,0.0,0.0,0.07240962,0.0,0.0,0.42118463,134.00452,202.32004,0.6064249,114.46486,217.9337,0.9625402,140.46704,218.29599,0.977384,107.33444,237.43759,0.80026495,145.65219,240.42203,0.8930451,109.364784,248.9959,0.57621807,146.88435,256.60245,0.6969594,118.13854,258.93982,0.99108034,135.19023,259.00577,0.9930554,116.959724,289.298,0.9838495,130.70879,289.312,0.986019,117.69326,318.8551,0.9705219,127.3028,318.908,0.973034
397.1294,186.19876,0.93800116,401.16727,182.45982,0.8707427,393.2726,182.49733,0.91552424,406.9919,186.89032,0.54528904,387.1357,186.90742,0.74379396,413.1237,212.18593,0.9765211,378.08182,213.54634,0.99044573,418.83502,237.47401,0.8234399,366.13,242.90396,0.9371315,416.39224,250.94191,0.77562034,364.98047,263.3514,0.8839767,406.0151,269.09772,0.9860909,383.62308,269.4513,0.9912107,401.97156,312.36316,0.9738506,380.17407,312.43948,0.9811747,395.74155,354.46683,0.9499475,376.97733,354.61765,0.9610334
0.0,0.0,0.28174904,0.0,0.0,0.10861571,0.0,0.0,0.2714179,0.0,0.0,0.44916406,85.73178,200.30435,0.85479224,65.64084,219.05833,0.9776589,90.777756,217.73994,0.9900041,60.299732,242.08733,0.76798505,98.82738,238.19873,0.9228777,60.387455,261.09177,0.5321269,100.25498,254.92404,0.739727,70.87195,259.0989,0.98829085,87.289764,258.6978,0.9922035,71.990204,289.0628,0.9727173,84.66229,288.60666,0.98042136,73.68254,317.58484,0.94844615,83.25759,317.91788,0.95859855
0.0,0.0,0.2929585,0.0,0.0,0.28565678,0.0,0.0,0.12233216,754.8443,165.58978,0.6756146,0.0,0.0,0.24337535,749.2439,189.29124,0.9128151,791.51056,189.34372,0.791302,742.2058,228.47244,0.7303288,0.0,0.0,0.4293251,746.33466,253.66318,0.5210976,0.0,0.0,0.3044505,758.4657,255.32913,0.9428589,790.7196,255.434,0.91413957,743.3451,311.68402,0.95086586,795.957,315.83206,0.9319114,738.792,359.2193,0.92559445,807.18414,367.953,0.9109078
0.0,0.0,0.10432898,0.0,0.0,0.10201779,0.0,0.0,0.038162887,723.16113,175.9174,0.7533627,0.0,0.0,0.37033904,714.2846,196.7424,0.960982,752.54315,197.53055,0.9198264,701.83295,223.96767,0.780159,0.0,0.0,0.46876398,0.0,0.0,0.44406006,0.0,0.0,0.21961088,719.9622,258.6106,0.9717557,744.161,259.12354,0.95597893,727.11206,307.82385,0.93653023,742.51886,308.9206,0.89315957,734.44006,355.5385,0.863956,739.41266,355.6797,0.8061815
664.6262,205.66106,0.9008435,667.93506,202.77939,0.8483097,662.0335,202.63074,0.825272,673.17865,204.98642,0.65744597,658.15216,204.4636,0.58195937,677.4339,222.91052,0.9742519,653.1453,222.6251,0.9767447,680.7291,244.4768,0.81963396,648.28455,244.45532,0.81302476,673.4115,257.06003,0.7305422,650.6308,258.7958,0.71645886,671.6462,267.30948,0.9635151,656.4286,267.16833,0.9659077,668.66284,301.40826,0.90833616,657.7962,301.21448,0.90607446,666.81305,333.01263,0.84152454,661.38605,332.39993,0.83800185
0.0,0.0,0.1720073,0.0,0.0,0.12784393,0.0,0.0,0.14468397,0.0,0.0,0.13590682,0.0,0.0,0.18760285,0.0,0.0,0.29044297,0.0,0.0,0.43741858,0.0,0.0,0.14576909,0.0,0.0,0.30758157,0.0,0.0,0.15240401,0.0,0.0,0.2673902,0.0,0.0,0.32182324,0.0,0.0,0.41371533,0.0,0.0,0.36890087,0.0,0.0,0.45451534,0.0,0.0,0.46768293,846.4444,333.3936,0.53735477
664.4405,204.61089,0.85767126,667.8636,201.66779,0.8195997,662.4216,201.21646,0.73170364,673.2753,204.0029,0.6369766,0.0,0.0,0.3976159,676.8937,223.04784,0.95104957,652.22375,222.1413,0.92586374,682.62274,243.9377,0.8174723,644.83704,243.19267,0.6358327,675.6999,256.80368,0.7532924,645.73615,256.7752,0.5860961,668.3921,268.9619,0.9555947,652.6794,268.49094,0.9419621,663.2875,302.29263,0.94671065,649.7842,301.8862,0.9216334,669.5383,334.77533,0.92516357,656.88666,333.94818,0.9001908
286.87457,206.73999,0.67283183,288.93005,204.11754,0.5874589,285.47464,203.97438,0.537982,0.0,0.0,0.4554989,0.0,0.0,0.34456247,293.7037,217.98663,0.9374326,281.3664,217.32185,0.9326842,293.72668,235.6926,0.7485972,277.70584,234.13872,0.7232194,288.15015,242.65118,0.68394464,280.1493,241.67477,0.66109824,289.1293,253.80203,0.96193975,281.80618,253.39272,0.9608293,287.86353,282.81,0.94023937,282.4619,282.2842,0.93733716,287.26645,310.7144,0.8755765,282.56458,310.2748,0.87118506
