0.0,0.0,0.36855933,0.0,0.0,0.08944809,0.0,0.0,0.23499365,0.0,0.0,0.29949862,326.1686,183.50464,0.7651362,288.94183,208.72437,0.97871166,334.1799,207.73723,0.98758066,275.80356,247.74657,0.93657887,353.9992,217.13771,0.9692468,270.61914,281.28348,0.87476885,342.04453,194.59782,0.9296109,303.07684,280.70877,0.99602205,331.07245,281.48892,0.9968984,308.2853,329.9398,0.9921455,326.09305,333.4646,0.99404824,305.37354,375.87506,0.9730454,318.55676,377.24686,0.97747976
0.0,0.0,0.147549,0.0,0.0,0.05420347,0.0,0.0,0.1022316,0.0,0.0,0.42400798,594.91705,196.62491,0.735603,569.01636,216.1021,0.976757,602.50183,216.8178,0.985104,559.40515,242.95227,0.851555,613.2999,247.6616,0.9196733,563.1218,260.0397,0.656078,615.3553,268.37228,0.7557835,574.8665,269.20935,0.99380046,597.7735,269.249,0.9953349,572.24854,310.37427,0.98769253,598.8649,310.06165,0.99010557,568.9521,347.17426,0.9718436,597.59906,347.6867,0.9761548
495.10562,195.47481,0.9215559,498.31516,192.69493,0.9090694,493.2495,192.661,0.7978043,504.59604,194.9677,0.81533206,0.0,0.0,0.43623948,511.94714,212.8545,0.9897293,487.47592,213.2289,0.9825737,517.9866,233.21263,0.9534754,484.03458,232.60239,0.8534718,511.52734,237.66472,0.9199696,488.43228,233.33925,0.8062876,508.72723,256.7847,0.9887793,492.78467,256.98636,0.98502284,510.64938,290.7409,0.97664136,494.3045,290.82184,0.9642856,513.956,322.45474,0.9461716,497.4255,321.67523,0.9264556
0.0,0.0,0.11489787,0.0,0.0,0.083832994,0.0,0.0,0.05508586,154.59584,205.60455,0.61224663,0.0,0.0,0.42768928,146.62856,221.13937,0.95653695,174.01277,221.82791,0.9441828,137.47076,240.71883,0.7721621,174.60583,241.79478,0.64743876,142.87498,250.4192,0.50920695,0.0,0.0,0.3849139,150.52289,264.32724,0.97966754,169.1981,264.8611,0.97541624,144.34325,299.88123,0.96428764,165.74037,300.7576,0.95061415,141.7481,334.51648,0.93719137,163.37213,335.00684,0.9201481
0.0,0.0,0.234894,0.0,0.0,0.27193332,0.0,0.0,0.0982527,0.0,0.0,0.34604025,0.0,0.0,0.07872928,10.733388,171.87227,0.6230125,0.0,0.0,0.15221897,15.379068,226.22162,0.53821945,0.0,0.0,0.055123188,0.0,0.0,0.42687193,0.0,0.0,0.08189621,0.0,0.0,0.38022515,0.0,0.0,0.16470462,0.0,0.0,0.30259198,0.0,0.0,0.1241606,0.0,0.0,0.14692886,0.0,0.0,0.07437519
0.0,0.0,0.09091762,0.0,0.0,0.055819333,0.0,0.0,0.053970117,0.0,0.0,0.46906245,697.3712,198.71632,0.5023785,678.0362,215.55951,0.9641569,704.50055,214.70262,0.97333366,673.0196,235.16759,0.8394122,710.5268,236.37463,0.8811743,674.02814,251.12447,0.6225779,710.39557,255.47943,0.6839408,684.74274,254.07976,0.98963225,701.63635,253.78288,0.9913932,687.2998,282.4052,0.9769672,698.1522,282.2585,0.9790019,691.551,309.96313,0.95614684,697.502,309.5073,0.9586608
0.0,0.0,0.047501497,0.0,0.0,0.029186843,0.0,0.0,0.027144881,0.0,0.0,0.47665682,392.1313,194.21495,0.51386696,368.52002,217.0535,0.94561046,404.80078,213.68959,0.96217906,360.64395,248.37396,0.78433686,418.134,240.77078,0.8654106,359.20145,273.6685,0.5136205,418.6019,261.37723,0.6246549,378.75247,272.69104,0.9876908,401.71036,271.41498,0.9901736,387.14105,312.81775,0.97776836,403.3564,311.87766,0.9812847,383.77768,354.32047,0.95482713,392.9945,352.4075,0.96021044
458.92947,200.81274,0.8788076,460.69827,198.00345,0.7288388,455.71777,198.01239,0.84898686,0.0,0.0,0.40395856,449.1574,199.7253,0.73218817,466.93924,216.63809,0.96603376,442.00934,216.78812,0.9855585,472.36493,235.61151,0.7793947,433.34866,237.7549,0.9274544,471.21368,252.31291,0.7201641,429.77313,258.8701,0.86785895,462.8943,256.34497,0.97866654,447.7106,256.48386,0.98622173,462.4728,286.10056,0.9582663,450.61862,286.02997,0.97124535,458.00977,312.9885,0.92620856,449.64935,312.96097,0.9440195
537.57275,206.41098,0.569041,0.0,0.0,0.44154072,0.0,0.0,0.43055606,537.8771,205.0768,0.57471305,539.3664,205.31859,0.5654494,535.4391,219.77367,0.9555759,544.43915,219.92366,0.961843,534.14264,238.66298,0.7146589,548.87787,238.0855,0.7446641,533.85815,252.93944,0.54400516,546.36115,251.325,0.5664331,539.7162,257.2256,0.96360815,545.87445,257.37857,0.9673719,540.26666,287.2129,0.92742187,547.06836,287.2274,0.93006855,545.1567,315.296,0.8970938,549.34814,315.01553,0.89956284
0.0,0.0,0.23494332,0.0,0.0,0.26054546,0.0,0.0,0.077132784,643.1137,214.69322,0.64608824,0.0,0.0,0.14162154,642.7986,229.04356,0.9402515,654.8293,228.52657,0.8294069,637.2455,247.36311,0.8551013,0.0,0.0,0.41889766,630.8754,257.14044,0.7159988,0.0,0.0,0.34467885,643.20514,264.72885,0.97319984,651.3275,264.23383,0.9506523,641.52606,293.3417,0.97472227,647.30597,293.39255,0.94769174,643.7506,321.90213,0.96579516,647.3228,321.1747,0.94142234
0.0,0.0,0.15719058,0.0,0.0,0.17065278,0.0,0.0,0.046194434,209.42097,215.31793,0.690123,0.0,0.0,0.18287507,208.72357,229.39027,0.9552634,230.41608,227.18918,0.88395834,203.3506,248.75002,0.865299,0.0,0.0,0.490753,202.1038,255.252,0.6765423,0.0,0.0,0.3380312,220.55222,267.1788,0.9680926,235.67328,266.3967,0.9476822,221.60014,295.8855,0.9283175,239.4919,295.43643,0.87332845,225.3595,322.34213,0.86915195,243.47366,320.26443,0.80798703
756.8915,225.68765,0.61156934,0.0,0.0,0.43926805,756.016,224.01776,0.50388026,0.0,0.0,0.34374863,0.0,0.0,0.46288309,761.4428,233.98393,0.9246659,752.7217,233.94843,0.9414662,764.9851,244.18573,0.741634,752.0663,244.54819,0.81521875,763.1899,247.00574,0.67566496,756.248,247.32298,0.7430954,761.22284,257.90167,0.9573267,755.71063,258.10873,0.9630318,763.2674,275.8727,0.93796194,757.0636,275.9725,0.94493604,764.83234,293.51758,0.9227151,757.40295,293.357,0.9292047
