0.0,0.0,0.24294709,0.0,0.0,0.13452283,0.0,0.0,0.05177379,429.43372,94.149796,0.8152544,0.0,0.0,0.4887914,417.66705,143.08078,0.99205583,491.24463,143.34721,0.9841467,382.90704,207.39691,0.97738874,514.8308,216.24026,0.9352866,354.71082,254.58504,0.9175435,508.12955,271.58777,0.8432728,432.27695,275.30203,0.997195,476.52206,275.1997,0.9961201,435.31015,374.45047,0.97839546,460.56314,374.76883,0.97236425,455.5472,456.5983,0.8145036,454.0008,455.93942,0.79374933
0.0,0.0,0.3061075,0.0,0.0,0.2988201,0.0,0.0,0.07704434,726.0764,168.16238,0.7115185,0.0,0.0,0.15567857,725.24194,191.47095,0.9638771,757.5906,188.48065,0.83862174,714.1303,226.98781,0.9355861,773.5991,223.92009,0.60484016,706.8929,251.37364,0.8586447,766.82324,246.71129,0.54226595,732.84906,254.26564,0.9780644,754.10785,252.68994,0.95348984,729.7198,308.7285,0.96688753,751.98456,305.63544,0.9352618,742.43805,354.64038,0.9199969,764.03314,349.84012,0.88445
0.0,0.0,0.07310193,0.0,0.0,0.077515885,0.0,0.0,0.023014115,575.07794,171.95079,0.8177312,0.0,0.0,0.3411791,569.06213,195.14824,0.98660827,604.36127,194.61794,0.9788325,557.0877,226.77316,0.957488,613.3201,226.84625,0.86547625,552.3202,252.96748,0.8322719,609.43604,255.65778,0.64429414,575.1356,253.25099,0.99576193,597.4234,253.01268,0.99433583,578.2191,298.036,0.9873941,595.94696,298.3262,0.9792196,582.46136,340.29086,0.96240246,594.1173,339.68246,0.9457832
0.0,0.0,0.12608127,0.0,0.0,0.06778904,0.0,0.0,0.0691867,0.0,0.0,0.39422292,0.0,0.0,0.43875098,171.69496,218.5641,0.95587325,195.00157,218.76231,0.9607381,162.83981,237.54655,0.8281719,201.27269,241.3145,0.84671664,163.57843,252.93137,0.64966226,206.23041,259.57788,0.67344123,174.59,258.776,0.9859752,189.17079,258.57797,0.98759884,175.95892,287.65094,0.9681585,186.2388,287.57867,0.9702697,176.56058,314.509,0.9389407,182.90605,314.69034,0.9423198
0.0,0.0,0.2818552,0.0,0.0,0.09534922,0.0,0.0,0.29836455,0.0,0.0,0.36194038,85.821785,202.61115,0.8732888,65.08664,221.1021,0.9695197,90.279495,220.06833,0.98881745,60.552788,243.52866,0.7025057,96.470474,241.05017,0.92806554,0.0,0.0,0.4740997,97.89318,256.95605,0.7573865,70.52373,260.6427,0.9860839,87.338,260.32,0.9917619,72.42828,290.81177,0.9711582,85.80942,290.25244,0.9819665,73.75259,318.96057,0.9498396,85.21101,319.24005,0.96365154
0.0,0.0,0.11955876,0.0,0.0,0.038293514,0.0,0.0,0.11399097,0.0,0.0,0.20797515,132.07143,206.13942,0.7009803,112.61984,221.29607,0.93517256,136.62602,221.43034,0.97272384,105.354836,239.88512,0.67278916,143.04892,242.32812,0.90984577,0.0,0.0,0.4810434,146.48866,260.99634,0.75591093,116.19917,260.50656,0.986649,131.62572,260.36633,0.99206597,118.01418,289.34402,0.9792044,128.38654,288.87094,0.9875665,118.4834,317.05222,0.9664543,125.104744,317.33978,0.9769305
340.69675,171.3757,0.91736937,344.27515,166.76851,0.761559,334.99484,167.93904,0.8983923,0.0,0.0,0.42742783,325.72922,171.6902,0.791103,361.16895,194.5227,0.9322542,318.11682,200.01917,0.98384696,375.2422,226.79291,0.7003808,314.75732,236.79327,0.9421293,364.41592,268.9939,0.6334342,309.41406,275.5617,0.88560534,354.07764,261.12283,0.960222,327.47836,262.75952,0.9798794,353.1156,314.08517,0.93365073,335.0298,315.01678,0.96807957,345.40228,359.84857,0.87125576,341.91168,361.889,0.9198807
0.0,0.0,0.1566765,0.0,0.0,0.09014995,0.0,0.0,0.14836884,0.0,0.0,0.09858971,0.0,0.0,0.25570711,0.0,0.0,0.32469004,846.0562,208.29193,0.5627929,0.0,0.0,0.16378492,0.0,0.0,0.47303,0.0,0.0,0.16412921,0.0,0.0,0.37687916,0.0,0.0,0.42233637,846.76324,260.78717,0.5648919,0.0,0.0,0.3860354,845.68365,298.18115,0.5194483,0.0,0.0,0.37967637,0.0,0.0,0.48265803
0.0,0.0,0.14774604,0.0,0.0,0.09577642,0.0,0.0,0.08474492,0.0,0.0,0.48828015,0.0,0.0,0.48579085,532.44684,211.43724,0.9365804,558.2794,211.83392,0.94537985,527.03564,234.08917,0.6456038,560.81305,237.03094,0.6924194,0.0,0.0,0.38381267,0.0,0.0,0.4252835,537.30286,257.35342,0.9678993,554.3191,257.70255,0.971402,539.6272,294.52536,0.937673,556.4626,295.0693,0.94180274,544.2334,330.43298,0.9037289,557.4698,330.5836,0.90885234
302.77933,203.2305,0.87692034,305.56076,200.98845,0.7290405,300.8753,200.22926,0.86009127,0.0,0.0,0.386818,295.93146,201.02002,0.7495224,309.4165,219.17047,0.9413181,286.9902,215.1824,0.9771557,310.7332,236.55334,0.6407866,277.5046,227.48573,0.887997,303.99835,243.1515,0.5943061,290.2441,229.08086,0.8151041,303.9841,254.82826,0.9456188,289.4768,253.60158,0.96709913,301.7424,285.22232,0.91307646,289.99847,284.08893,0.94410926,298.05856,313.44934,0.87077045,290.05505,312.13074,0.90558434
664.22046,205.7665,0.9217008,667.46,202.9819,0.8977969,661.5463,203.17868,0.85918456,672.748,205.39392,0.74038017,658.1441,206.01872,0.5870665,679.3657,223.01422,0.965999,653.63617,224.27834,0.9631229,684.05756,243.57816,0.7921519,650.5557,244.74698,0.7419803,677.77576,257.28748,0.6777994,653.7333,256.12286,0.62353265,675.6772,263.8469,0.8246735,658.8957,264.40155,0.8226318,0.0,0.0,0.45023707,0.0,0.0,0.43363857,0.0,0.0,0.25044248,0.0,0.0,0.24226959
