0.0,0.0,0.26773244,0.0,0.0,0.05909428,0.0,0.0,0.4721278,0.0,0.0,0.106036074,31.36895,132.68286,0.88025135,0.0,0.0,0.46654543,38.154552,170.27858,0.90375334,0.0,0.0,0.09064282,50.251266,225.52438,0.71900505,0.0,0.0,0.07125328,0.0,0.0,0.47767535,1.2734194,273.5227,0.58037686,35.534924,274.4205,0.8112497,4.4041595,351.0606,0.67393816,45.389057,348.33688,0.86413866,8.29196,426.51523,0.6274011,56.55053,424.06177,0.7699269
0.0,0.0,0.19707364,0.0,0.0,0.048195906,0.0,0.0,0.116396345,0.0,0.0,0.25428683,355.58554,183.24194,0.6712394,315.95435,210.14099,0.95777774,363.86,208.17014,0.9793051,309.69327,247.82687,0.8978344,383.06213,217.91312,0.9568772,309.17538,274.38593,0.81349456,368.57666,195.1954,0.90507823,322.59882,279.39066,0.99402845,353.0389,280.56003,0.9955739,324.99054,324.79376,0.988192,345.19644,331.98755,0.99160177,329.86087,365.3284,0.96083707,343.06012,373.12332,0.96868336
0.0,0.0,0.11242796,0.0,0.0,0.06989846,0.0,0.0,0.05709552,587.1125,195.5147,0.5657377,603.5063,195.53217,0.52157927,578.66534,216.69296,0.97097665,612.3734,216.17914,0.9678182,569.094,245.83553,0.86639875,622.1845,243.65959,0.8280799,566.9316,272.61746,0.6642567,619.2543,265.94025,0.6089848,583.415,270.6601,0.99217105,605.46716,270.40823,0.9917943,581.29224,310.00375,0.988063,602.3337,310.1255,0.9861995,581.01013,347.55896,0.97733784,600.7816,348.02377,0.97482276
0.0,0.0,0.11616151,0.0,0.0,0.08689528,0.0,0.0,0.052678697,153.71408,205.24767,0.6272274,0.0,0.0,0.41129312,146.27211,220.97282,0.96000695,173.07365,221.36482,0.94378537,137.64319,240.91418,0.78857523,174.45789,241.72485,0.63372904,142.73814,251.59601,0.5271928,0.0,0.0,0.37535715,150.94817,264.41867,0.9818932,169.28087,264.8571,0.97696555,144.87971,299.89282,0.96867174,166.60016,300.69034,0.9543995,142.68742,334.38635,0.94461113,165.26952,334.64484,0.92687446
0.0,0.0,0.10692566,0.0,0.0,0.07256091,0.0,0.0,0.044427533,385.025,197.92496,0.6092858,0.0,0.0,0.44928446,381.36926,214.9933,0.9645872,413.97162,213.40294,0.95374936,376.30215,237.99567,0.83549625,425.8419,239.94844,0.7443328,376.31277,244.6405,0.60055226,420.7218,252.5114,0.5032345,390.48184,268.1737,0.99072254,413.4371,267.0877,0.98965925,389.22318,311.73688,0.9888876,418.64542,310.55942,0.98646414,390.15982,355.2782,0.97949606,424.00418,353.02225,0.9763348
544.462,204.64609,0.9172774,547.2966,202.1352,0.8192088,542.5068,202.07921,0.891785,552.0708,203.4597,0.5368582,539.90186,203.21779,0.77770185,557.66876,218.72462,0.9778246,534.1137,218.80537,0.9927279,561.2121,237.56071,0.81333673,528.65674,237.66205,0.9580387,557.0466,251.2591,0.75085354,529.24994,253.13002,0.9106122,553.8988,257.46677,0.97931117,538.65063,257.50394,0.98889637,554.3511,286.87915,0.94828075,537.279,286.5427,0.96994174,554.97833,314.61835,0.8991937,537.4982,313.87793,0.9311943
0.0,0.0,0.0975321,0.0,0.0,0.048863277,0.0,0.0,0.07278928,0.0,0.0,0.36942193,700.71423,202.71332,0.58435184,681.01587,218.57567,0.9573971,705.853,218.69447,0.9754817,673.3665,236.8055,0.79978,710.63666,239.84436,0.89942086,674.8114,250.97198,0.5829988,712.4375,257.53665,0.7181852,686.61676,256.33582,0.98869854,702.37775,256.549,0.9917359,690.3441,283.52255,0.9760562,699.917,283.71454,0.98100877,693.9719,309.71674,0.9570004,698.2424,310.0672,0.9633618
487.55362,198.61597,0.9066127,490.37106,195.79071,0.87757796,485.33078,196.06013,0.7808856,496.03888,197.51758,0.75371414,0.0,0.0,0.4411085,503.7352,213.85475,0.98602027,480.818,215.9553,0.9805617,507.26526,229.63872,0.94514287,476.41016,234.10463,0.870181,494.23822,222.49838,0.91769636,482.97446,229.95152,0.83526105,501.12997,256.98138,0.99197257,486.59308,257.6507,0.9899805,502.19153,292.22235,0.9896101,490.03168,292.40247,0.98489165,501.1481,325.95886,0.9790454,492.908,325.36182,0.97239304
459.3065,198.57478,0.88684064,461.46628,195.9936,0.81581324,456.88058,196.0293,0.8122839,464.65106,198.03519,0.6130532,452.21365,198.03473,0.58530575,469.83118,213.8419,0.9786315,446.16425,215.08624,0.9810743,472.89917,231.67305,0.8877653,439.70447,236.96732,0.8870677,466.11575,241.70067,0.8371733,440.26953,255.67023,0.8293804,465.7883,252.40077,0.9867534,450.8079,252.83188,0.9872804,465.4145,282.7452,0.9808368,450.51547,282.90787,0.9794408,464.3696,312.32712,0.9698715,451.7871,312.25507,0.96798986
0.0,0.0,0.23202474,0.0,0.0,0.24941091,0.0,0.0,0.07811903,639.69104,214.91927,0.641219,0.0,0.0,0.15512432,640.11346,229.27762,0.94102794,652.76715,228.57199,0.84934556,636.06604,247.59456,0.8501041,0.0,0.0,0.46596906,630.10077,258.02444,0.71082973,0.0,0.0,0.37898847,642.00287,264.33096,0.9748872,650.4987,263.7006,0.9573259,640.1408,292.7666,0.9761534,646.42596,292.56104,0.95471627,642.53467,321.30658,0.9684335,646.5508,320.18515,0.9492665
0.0,0.0,0.18118344,0.0,0.0,0.2002418,0.0,0.0,0.053039562,209.61618,215.46262,0.7441945,0.0,0.0,0.21721567,209.2836,229.8235,0.95726174,230.27661,227.98462,0.8782908,205.24254,249.89973,0.8529217,0.0,0.0,0.434296,204.03041,257.2633,0.6371592,0.0,0.0,0.28200042,221.01643,266.40024,0.94281447,236.02278,265.74228,0.9026461,221.22537,287.79495,0.86645085,239.63197,287.40842,0.76799434,223.49837,314.474,0.7616965,243.92769,312.3615,0.6625385
