645.394,159.47662,0.95798355,648.93475,155.6616,0.89843917,641.18915,155.19408,0.94094676,652.86273,160.16837,0.57268095,632.2924,158.69473,0.79842,659.34595,188.16931,0.98917633,620.0316,188.94746,0.994928,671.474,216.85773,0.9322015,608.2373,224.62529,0.97236216,674.9761,239.72377,0.90216255,608.56445,260.89783,0.94440114,653.5881,256.89737,0.9932481,629.6166,257.64572,0.995432,647.27374,306.78333,0.9787611,634.1778,307.4536,0.9836601,639.283,353.20993,0.93117785,635.6823,354.24924,0.94277096
0.0,0.0,0.16045941,0.0,0.0,0.14545791,0.0,0.0,0.034751,433.77182,124.88188,0.87263,0.0,0.0,0.3168166,419.20364,180.82135,0.9671531,499.541,176.43542,0.8935675,393.8283,246.05064,0.88467735,512.7021,230.40295,0.59710735,414.93668,274.82544,0.70519394,0.0,0.0,0.41433004,428.1356,322.0168,0.9647267,477.92123,320.29846,0.93962646,448.82303,438.38177,0.82353735,464.03516,437.6865,0.74386734,0.0,0.0,0.356543,0.0,0.0,0.29671165
569.4944,172.82419,0.93740284,571.31116,167.82077,0.78179145,564.0042,167.8441,0.90058005,0.0,0.0,0.37397194,549.93866,170.69945,0.74892116,573.26624,198.77704,0.97217685,534.8686,194.50497,0.98185915,583.1099,230.7228,0.90814185,531.15845,212.1824,0.95272,592.09393,240.4592,0.8535253,555.3082,206.36273,0.91211313,563.30646,275.44897,0.9934824,532.8147,274.5905,0.9946885,580.833,341.77542,0.98953235,520.36,340.94403,0.99191743,586.50586,402.29926,0.9732958,495.10028,398.00864,0.97737473
0.0,0.0,0.18360588,0.0,0.0,0.058810048,0.0,0.0,0.19217943,0.0,0.0,0.31750536,174.86945,191.46013,0.83853513,151.78305,210.25629,0.96670973,179.32594,209.82994,0.98880076,141.90746,235.09941,0.7394552,185.08498,233.39713,0.94294345,143.20058,253.03496,0.5179822,184.44427,250.7157,0.79532015,156.22357,257.02338,0.99218893,174.06602,256.8915,0.9955848,158.62761,293.47333,0.98698807,170.30457,293.19678,0.9920466,158.51472,331.06662,0.9753979,165.86751,331.8072,0.98255783
338.99612,204.48228,0.90898126,341.03397,202.23445,0.82115144,336.83142,202.37296,0.867848,343.24155,203.67226,0.5811788,332.6582,203.89613,0.72574574,346.75702,217.57944,0.9803043,326.15396,217.92159,0.99119776,346.32172,233.51167,0.8616531,318.38892,232.91647,0.94602394,339.47668,239.75064,0.8120617,320.6792,238.32867,0.8996898,343.69852,253.76445,0.98233885,330.67792,254.0081,0.98858225,341.95413,283.38126,0.95955056,330.53467,283.3487,0.97068036,339.64056,311.5828,0.91986483,330.6078,311.45865,0.9363343
363.57358,201.21857,0.89376974,366.93997,198.60452,0.8518601,361.3622,198.45027,0.79508823,371.99072,200.72621,0.71897936,358.1953,200.27454,0.5421799,377.80948,215.6218,0.9835633,352.47266,216.14845,0.9814231,381.9159,233.62296,0.8961082,349.2654,235.30074,0.8464188,375.31683,240.69148,0.8331271,357.7451,243.09984,0.7722745,374.43582,252.82445,0.98245114,358.03586,253.09976,0.98158103,373.95343,284.97836,0.9631852,358.67102,285.00366,0.95708346,372.50552,316.80154,0.9311638,362.29956,316.20584,0.92252415
297.5829,212.59679,0.8717498,299.44058,210.49596,0.6918244,295.72357,210.43001,0.86166406,0.0,0.0,0.37319496,291.73795,211.66531,0.79974,303.73364,224.65607,0.97177637,284.8377,224.11838,0.99217296,307.70425,239.18533,0.80728495,276.78787,237.73474,0.9688495,307.91647,250.82503,0.7622948,276.9055,249.04405,0.934235,297.8286,254.95573,0.9835487,286.40942,254.77911,0.99181503,293.95886,278.18124,0.96248984,286.15057,278.02054,0.9801414,289.43323,298.94153,0.9331624,284.8088,299.20587,0.9578713
0.0,0.0,0.1923459,0.0,0.0,0.109728724,0.0,0.0,0.22137831,0.0,0.0,0.06583655,0.0,0.0,0.25310355,0.0,0.0,0.16947453,0.0,0.0,0.43574098,0.0,0.0,0.07648698,0.0,0.0,0.41161394,0.0,0.0,0.111083075,0.0,0.0,0.3797461,0.0,0.0,0.25970373,0.0,0.0,0.43708587,0.0,0.0,0.3508804,845.6748,294.84457,0.5434028,0.0,0.0,0.44731188,845.45874,327.87686,0.5963157
0.0,0.0,0.08602996,0.0,0.0,0.048081707,0.0,0.0,0.08273671,0.0,0.0,0.3305084,209.44856,221.34258,0.55170417,194.1844,230.60373,0.9278636,212.65497,231.35454,0.94684964,189.14265,243.92575,0.6391094,216.79909,244.71046,0.7857804,0.0,0.0,0.40909296,216.77704,257.75464,0.54616517,196.37549,254.82086,0.9636726,208.96756,255.07858,0.9697407,196.66519,273.7417,0.9239822,209.49312,273.8728,0.93803626,195.37857,290.22357,0.88477105,207.76598,290.44876,0.9013543
0.0,0.0,0.23429912,0.0,0.0,0.20230857,0.0,0.0,0.11232975,752.28894,214.76373,0.6443876,0.0,0.0,0.36711532,747.71716,226.48343,0.95320284,763.6988,227.84778,0.9224382,739.82324,241.11128,0.7960766,765.9597,242.51375,0.60086066,734.2942,249.48128,0.59648544,0.0,0.0,0.4170342,746.8985,255.93095,0.95918673,757.61334,256.46655,0.9471997,744.1222,278.9108,0.92457867,757.9919,279.92734,0.89661556,743.3265,300.178,0.875813,757.962,301.0498,0.8451133
0.0,0.0,0.14770785,0.0,0.0,0.12178464,0.0,0.0,0.12578513,0.0,0.0,0.0911325,0.0,0.0,0.0926546,0.0,0.0,0.24282475,0.0,0.0,0.25780648,0.0,0.0,0.19462441,0.0,0.0,0.22548397,0.0,0.0,0.21600917,0.0,0.0,0.23885313,0.0,0.0,0.4594249,0.0,0.0,0.4646061,848.6874,294.19843,0.5760481,846.76587,293.74442,0.5853628,848.67645,330.42493,0.53444445,846.366,330.36057,0.54258096
