0.0,0.0,0.013393239,0.0,0.0,0.008232266,0.0,0.0,0.0065572406,0.0,0.0,0.42713803,0.0,0.0,0.379295,301.55344,219.7861,0.9639278,348.44016,210.2555,0.9752917,284.22314,253.66667,0.92570704,374.40906,214.70554,0.9446003,277.4582,278.971,0.77735275,363.84238,204.24385,0.7979036,314.48672,285.24142,0.99733764,342.15158,282.07996,0.99783933,320.65775,332.15012,0.9930051,331.1018,330.2582,0.9934423,325.21356,376.96686,0.9748514,318.81628,375.0618,0.97588015
0.0,0.0,0.24818623,0.0,0.0,0.066957556,0.0,0.0,0.42609495,0.0,0.0,0.10825401,19.145979,124.83323,0.8200654,0.0,0.0,0.36555678,24.038568,161.90202,0.85425603,0.0,0.0,0.06377642,37.66766,215.63036,0.6433191,0.0,0.0,0.05155026,0.0,0.0,0.40210775,0.0,266.2175,0.5308602,19.692263,267.5037,0.78686386,0.0,0.0,0.49246028,22.071953,342.86996,0.7657095,0.0,0.0,0.42550406,11.9401655,419.13425,0.6124345
0.0,0.0,0.11146293,0.0,0.0,0.05199389,0.0,0.0,0.079947114,584.8764,195.05928,0.59696615,602.9756,195.6419,0.7863204,572.8404,215.5294,0.9835051,610.5264,217.10986,0.9906979,563.9314,243.50316,0.86903274,618.4099,246.69563,0.9338821,565.74725,268.02066,0.6247623,617.4644,270.6725,0.733812,577.4584,269.80096,0.99391806,602.614,270.69412,0.9954875,575.6414,309.82993,0.9817529,601.7985,310.76068,0.9845685,576.1584,347.21555,0.9530718,601.9764,348.89087,0.95802057
0.0,0.0,0.12180776,0.0,0.0,0.08579847,0.0,0.0,0.059607863,154.0586,205.41498,0.6075401,0.0,0.0,0.44902924,146.00449,221.22281,0.95845324,173.35608,221.73431,0.9456456,137.19211,241.25383,0.7664184,174.32172,242.24942,0.6378186,0.0,0.0,0.4979691,0.0,0.0,0.3730831,150.47247,264.45972,0.9803161,169.20363,264.95065,0.97590077,144.40993,299.8612,0.9663106,166.1517,300.67053,0.95309806,141.4708,334.1837,0.94140273,163.64563,334.59668,0.92508227
0.0,0.0,0.018611994,0.0,0.0,0.0111571215,0.0,0.0,0.011774885,0.0,0.0,0.43679774,399.72168,195.68994,0.52776533,375.8204,216.63774,0.9401104,413.642,214.86841,0.96530783,368.19156,236.49196,0.73769736,429.09586,240.15327,0.8739072,0.0,0.0,0.41936845,429.0427,250.12474,0.5985364,387.84482,268.56778,0.9908119,412.1602,267.67886,0.99351805,390.8127,310.23752,0.9831904,413.61774,309.42093,0.9871176,391.83554,354.51602,0.9661599,409.91888,352.22354,0.9718918
0.0,0.0,0.09188288,0.0,0.0,0.048207916,0.0,0.0,0.06484937,0.0,0.0,0.39125094,699.2675,199.98354,0.5628072,679.43036,216.48264,0.9579834,704.9618,215.91457,0.9728473,672.7823,236.12128,0.80480826,710.5705,236.5464,0.884426,673.81476,252.35072,0.5818791,711.17786,253.88205,0.68759406,685.5836,254.7141,0.9882051,701.898,254.67223,0.99082094,688.60614,282.6133,0.97437716,699.2305,282.64792,0.9783635,692.35803,309.43945,0.95289844,698.21326,309.58694,0.9579608
490.75024,195.08067,0.8931875,493.66412,192.17322,0.8743942,488.73468,192.4813,0.76811683,499.81552,193.91566,0.72774374,0.0,0.0,0.39224795,508.07358,210.67873,0.9743242,482.40784,212.38055,0.9619946,514.0124,228.07841,0.9098331,475.83054,228.99545,0.8011954,505.84802,229.42802,0.86723536,479.14316,226.41005,0.76165247,504.85132,254.56418,0.98048866,488.82965,255.32292,0.9756581,503.4173,290.944,0.9743783,491.3733,291.5298,0.9636661,503.90207,324.45685,0.9580516,496.10757,324.3994,0.9453367
459.9053,198.95116,0.8348049,461.42532,195.98315,0.7001738,456.74054,196.2508,0.7625776,0.0,0.0,0.44521758,450.50314,197.37355,0.5949131,468.77496,212.43198,0.9588793,444.33768,213.52275,0.9714049,472.35922,231.95306,0.78903913,438.8024,235.23434,0.8519188,469.132,249.23035,0.7287798,438.77,254.0774,0.7803844,464.65033,251.82405,0.9763613,449.92712,252.3398,0.9799543,463.5404,284.32834,0.9655804,453.95428,284.67453,0.96862555,458.36594,314.62503,0.9440881,454.5251,315.0115,0.9482252
539.90283,206.67934,0.7063593,541.6595,204.16801,0.6319013,539.1574,204.25874,0.52624166,544.82697,205.86833,0.6604328,0.0,0.0,0.49376446,544.51355,220.92868,0.9695907,544.911,220.29979,0.9680578,542.1143,239.75812,0.8197385,544.6335,238.22723,0.7710434,539.4348,251.56575,0.6914595,540.9176,250.05179,0.6378715,544.2857,258.66562,0.9739584,544.80896,258.22787,0.97369623,542.44476,287.8296,0.94560176,543.79034,287.48148,0.93923265,544.4843,315.5811,0.9150305,544.4619,314.69363,0.9079842
0.0,0.0,0.18093,0.0,0.0,0.18952951,0.0,0.0,0.06404739,641.37335,214.63075,0.61534435,0.0,0.0,0.1714873,640.69824,228.98386,0.9349504,654.8134,228.85648,0.85380304,635.084,247.17715,0.82945806,0.0,0.0,0.48909533,629.6846,260.26678,0.67484176,0.0,0.0,0.38161698,641.7979,264.2286,0.97522527,651.04285,263.90814,0.96086544,639.75653,292.6196,0.9766757,647.3131,292.77753,0.9589361,641.5739,321.162,0.9704179,647.1113,320.56412,0.95496386
0.0,0.0,0.18248759,0.0,0.0,0.20327172,0.0,0.0,0.051663436,209.66364,215.39955,0.734669,0.0,0.0,0.19662735,209.5187,229.39606,0.96010387,229.98824,227.409,0.88091505,204.35141,249.00021,0.87323284,0.0,0.0,0.45138484,203.88489,255.92403,0.6807633,0.0,0.0,0.30628365,222.28836,266.8116,0.95828867,236.71368,266.1361,0.92612064,223.80179,293.33737,0.9056271,240.0418,292.89618,0.8256254,226.33546,320.5652,0.81757313,243.43715,318.31876,0.72899586
0.0,0.0,0.2846939,0.0,0.0,0.25503778,0.0,0.0,0.13096845,0.0,0.0,0.45843983,0.0,0.0,0.16174014,761.82965,236.47864,0.89022243,762.99725,236.19809,0.8158728,763.9251,246.23874,0.74255633,761.6528,245.38393,0.5041692,759.211,251.54431,0.64105827,0.0,0.0,0.45218915,764.1535,258.91373,0.9514893,766.53143,258.52075,0.9365749,759.98145,277.0603,0.95413053,767.93616,276.51535,0.93516713,763.3901,294.7501,0.94982433,776.2594,293.36697,0.9346216
