0.0,0.0,0.035665054,0.0,0.0,0.023434782,0.0,0.0,0.021498676,805.802,197.4366,0.5131759,826.258,195.57663,0.5563056,797.54565,225.11517,0.94744706,837.7467,222.5852,0.96335983,783.41376,260.71997,0.78458947,848.2288,259.72913,0.85669005,0.0,0.0,0.46753833,853.91644,283.2316,0.5657266,810.7302,291.67285,0.985609,834.9992,290.8271,0.9884925,818.0286,346.5345,0.96742123,829.0995,346.06198,0.9714409,824.05225,401.74078,0.9140418,822.30225,400.4914,0.9215373
0.0,0.0,0.10720792,0.0,0.0,0.0552459,0.0,0.0,0.058937863,0.0,0.0,0.48897645,321.89227,207.44492,0.57998466,294.89352,225.77165,0.97968024,330.19092,225.3915,0.9843919,280.36288,251.47559,0.92804164,339.1608,256.08054,0.940196,277.4168,271.82156,0.80315125,339.0248,282.86655,0.82370776,300.91663,272.3859,0.9954118,322.45096,271.77115,0.9961743,307.03693,314.1386,0.9898975,317.8014,313.3574,0.9907877,311.30637,353.69946,0.9720231,313.72806,353.39713,0.97413933
0.0,0.0,0.13148071,0.0,0.0,0.05289719,0.0,0.0,0.106834106,0.0,0.0,0.44352564,400.4333,197.13647,0.7770909,373.7035,218.9632,0.97710174,406.78088,219.22163,0.98824257,366.9355,248.18877,0.8386125,414.25406,248.237,0.932783,368.8414,273.4558,0.6105902,412.65427,271.93542,0.758288,377.65854,271.53876,0.9933382,399.28604,271.67368,0.9953759,378.6406,312.50986,0.98364323,395.10016,312.68765,0.98753357,378.49246,352.54422,0.9618566,391.4586,353.8506,0.9683934
0.0,0.0,0.3091815,0.0,0.0,0.09058124,0.0,0.0,0.31270772,0.0,0.0,0.33017674,529.95197,196.9967,0.88970256,505.7065,218.68462,0.97481626,535.1548,217.28598,0.99073094,502.00836,247.67343,0.7190289,542.61804,244.26018,0.932306,0.0,0.0,0.48554963,539.42865,262.47836,0.7616848,511.81116,269.42676,0.990026,531.7464,268.86212,0.9941407,515.013,309.9762,0.9786673,531.27075,309.07602,0.9869315,516.1859,349.89297,0.9560484,530.66095,350.04333,0.9687556
0.0,0.0,0.17565553,0.0,0.0,0.20952302,0.0,0.0,0.052034803,742.89856,187.7677,0.913752,0.0,0.0,0.46372396,732.37103,214.57188,0.9888869,777.6785,212.96872,0.97518253,718.80536,249.40717,0.915327,785.7335,245.46056,0.661052,722.39526,275.36807,0.660664,0.0,0.0,0.34034777,737.25555,280.67102,0.98957413,765.27856,280.1448,0.98315203,745.37665,330.0642,0.9720256,759.71155,330.6031,0.946909,757.2975,379.699,0.93169403,758.4277,379.0528,0.89137465
0.0,0.0,0.15942948,0.0,0.0,0.104330815,0.0,0.0,0.09777498,579.95044,217.42061,0.55101556,592.4072,217.28598,0.5679683,573.08417,237.63414,0.9643244,598.6942,237.21039,0.9690393,568.3409,261.57764,0.8210394,604.00287,260.78607,0.8352204,569.432,280.217,0.6049386,602.9998,278.16248,0.6201453,577.7544,281.62228,0.9847535,594.06604,281.71564,0.9859709,582.009,314.49496,0.97230804,590.6559,314.8087,0.9721592,587.39197,346.53995,0.9489686,590.709,346.8497,0.94821095
0.0,0.0,0.10669809,0.0,0.0,0.055173047,0.0,0.0,0.08269924,0.0,0.0,0.3873959,465.61142,232.45953,0.6040984,447.01126,247.35245,0.9528641,471.5842,247.39456,0.97042006,442.23178,265.97238,0.7888534,477.34537,268.0498,0.88859123,441.6633,281.67657,0.57490766,478.1714,286.3698,0.706901,451.57806,281.03943,0.9850352,466.93085,281.1022,0.9884227,456.92892,308.11386,0.96988094,464.53296,308.14056,0.9753634,459.49588,333.38095,0.94583654,461.15814,333.54193,0.9527124
0.0,0.0,0.1696906,0.0,0.0,0.15169391,0.0,0.0,0.08008707,621.86365,232.51707,0.6515971,0.0,0.0,0.3010617,618.8431,245.3335,0.96770716,635.55,245.05768,0.9523194,613.79083,260.48083,0.81783724,638.9589,260.44794,0.6395509,611.52234,269.66943,0.6209856,0.0,0.0,0.43784058,620.81464,276.49585,0.98661035,632.168,276.38663,0.9837674,620.08856,301.48972,0.97836703,632.87494,301.51172,0.9720215,623.2035,325.96533,0.9609888,634.9505,325.6418,0.9527347
0.0,0.0,0.40958476,0.0,0.0,0.3572557,0.0,0.0,0.26861334,217.19313,242.87955,0.53941137,0.0,0.0,0.36157715,216.38556,251.7684,0.9720132,220.26558,251.10942,0.96531206,214.10387,263.89267,0.8529625,220.22583,263.37094,0.77981174,214.02892,276.2626,0.75072604,216.1698,275.90353,0.6651166,216.43066,274.95544,0.98818225,218.77113,274.64395,0.9869342,215.78525,294.02414,0.9797769,217.33246,293.85767,0.9767818,216.44122,312.95602,0.9691797,217.56767,312.84467,0.966083
0.0,0.0,0.06481046,0.0,0.0,0.045652412,0.0,0.0,0.042927507,0.0,0.0,0.33991426,0.0,0.0,0.32466352,420.27817,234.2381,0.84552056,442.58563,233.3212,0.85289174,0.0,0.0,0.481005,0.0,0.0,0.47131237,0.0,0.0,0.27794707,0.0,0.0,0.26575536,423.7202,265.73584,0.9257438,438.89975,265.3773,0.9290465,421.20554,292.1136,0.87698656,437.44125,291.69598,0.87713265,420.2273,316.9414,0.8293007,435.7845,316.58173,0.83133554
180.02289,244.39679,0.77799857,181.62662,242.61125,0.7565845,179.15736,242.4717,0.6223319,185.1878,243.4265,0.6741579,0.0,0.0,0.3389447,190.43956,253.72847,0.9831707,176.08723,253.62164,0.9701026,197.47914,266.02222,0.9073577,174.21089,265.7447,0.7942434,197.73982,278.03784,0.84531957,174.23953,276.69434,0.72718585,186.642,278.7445,0.98393524,177.86456,278.5161,0.97913766,185.35442,297.77142,0.9605794,177.29298,297.49326,0.94887936,184.52173,315.1974,0.93065876,177.50967,314.9129,0.916117
