252.8029,176.65956,0.60432035,0.0,0.0,0.16955096,251.71687,171.56674,0.6553153,0.0,0.0,0.21078362,241.81223,173.17159,0.8843831,208.45613,200.80482,0.8930174,238.5208,203.62448,0.98464626,196.09094,241.72905,0.57436067,250.53192,246.68071,0.9523821,207.81596,260.38052,0.5007211,267.45734,277.27444,0.8789725,215.94823,276.72052,0.9506344,238.45338,279.00864,0.9809529,212.77968,333.76236,0.9429387,255.33965,334.77133,0.9771981,213.41615,384.62704,0.9031106,268.4431,387.3073,0.94414514
0.0,0.0,0.068863444,0.0,0.0,0.022280514,0.0,0.0,0.07595523,0.0,0.0,0.3759449,305.40793,205.9423,0.85616827,275.5818,227.06087,0.9661172,315.01224,226.31015,0.9909288,268.98703,254.50021,0.73579794,329.87454,250.952,0.9600219,0.0,0.0,0.4524799,334.41013,269.08536,0.7978949,285.7454,281.1698,0.9920305,311.38385,281.29675,0.9960647,287.3843,321.4742,0.97821087,310.19235,321.37186,0.98822844,288.12567,360.52112,0.9495998,306.8701,360.8841,0.9671628
0.0,0.0,0.34445244,0.0,0.0,0.09334609,0.0,0.0,0.33341393,0.0,0.0,0.29095727,570.0734,194.53786,0.87774175,548.29517,213.90048,0.9756075,577.41254,213.96855,0.9917436,541.8447,240.08562,0.74660397,587.7569,243.60902,0.94920033,549.7465,249.86617,0.54653364,589.94244,259.92224,0.8233806,555.9873,267.5097,0.98974764,575.821,267.055,0.9945866,557.87714,310.3463,0.9691825,577.64404,309.01343,0.9834932,556.68555,350.13815,0.9313325,575.3969,349.75497,0.95635897
0.0,0.0,0.034058247,0.0,0.0,0.013685126,0.0,0.0,0.028958121,0.0,0.0,0.29384917,375.61884,193.498,0.6220126,347.31357,216.67825,0.9154487,382.93457,217.13022,0.95419836,336.80466,243.91904,0.5748114,391.43536,245.48076,0.8005036,0.0,0.0,0.30038205,0.0,0.0,0.48483217,356.8078,275.90604,0.9847365,380.30124,276.58142,0.98890185,355.7104,317.59644,0.9762537,379.08987,318.2479,0.9811416,355.8992,360.2564,0.95990413,375.55844,360.93143,0.9656397
0.0,0.0,0.16875008,0.0,0.0,0.105101004,0.0,0.0,0.09283079,677.29285,200.2483,0.5304066,689.4411,199.54001,0.51512027,672.1687,215.9752,0.96892315,696.83344,214.66324,0.96980405,669.27216,236.7909,0.82956845,702.69006,235.73215,0.82164586,670.8132,254.5555,0.61502576,702.72314,254.00662,0.6048222,678.3546,253.92703,0.98747826,694.8424,253.44003,0.9881116,681.03436,284.36142,0.97435296,695.8475,283.9538,0.97391576,683.61084,314.0752,0.95337266,696.9126,313.35806,0.9526693
0.0,0.0,0.12695824,0.0,0.0,0.062071245,0.0,0.0,0.09137632,0.0,0.0,0.42012298,168.02089,206.31325,0.5906372,146.15747,221.69179,0.9376781,171.31053,222.17734,0.9541731,137.55745,242.4451,0.64915216,173.5208,241.24316,0.74421656,0.0,0.0,0.4064215,0.0,0.0,0.4744323,151.01303,264.02625,0.9730195,167.97552,264.75403,0.97604966,145.61867,299.53943,0.95229244,165.40317,300.35043,0.95311815,142.91199,333.051,0.9207119,162.30115,334.09824,0.9210527
516.8106,197.08482,0.8972939,520.0452,194.35947,0.86334693,514.3885,194.62956,0.7867123,525.27435,196.77322,0.74522203,511.15265,197.56421,0.50459534,531.43207,213.15298,0.9837405,506.99454,214.58473,0.97891,532.53033,231.4197,0.9132466,504.40903,232.30902,0.8410251,521.45276,229.46265,0.8591534,510.1232,226.89702,0.776482,527.5021,254.86806,0.9804567,511.33798,255.46086,0.9776158,528.1717,288.69727,0.9567978,513.03046,289.05743,0.94529486,529.57,318.96228,0.90332884,516.88416,318.66803,0.88520575
0.0,0.0,0.39125234,0.0,0.0,0.42181298,0.0,0.0,0.14650796,644.8461,216.78409,0.75305134,0.0,0.0,0.21494536,644.1839,231.62349,0.9667555,655.5363,230.8464,0.9073289,637.647,250.24449,0.88959634,657.08167,249.02574,0.51558155,631.6045,262.28204,0.7667166,0.0,0.0,0.4162631,646.0087,267.23563,0.9800672,653.4328,266.7628,0.9645139,646.3999,295.99908,0.97883534,651.72235,296.01898,0.95744616,649.2551,324.99957,0.9695898,652.23755,324.06262,0.94907916
494.88632,213.40282,0.77986234,496.55508,210.83995,0.6905033,492.6584,210.81967,0.73630595,0.0,0.0,0.40404898,487.94043,212.05342,0.53027153,502.40396,225.42184,0.9543399,482.964,225.2498,0.9597875,503.0522,239.97925,0.7755806,479.08713,239.99666,0.8233935,494.0301,237.07759,0.73850656,488.98422,237.64369,0.7819829,500.09744,261.09555,0.9769999,487.26724,261.26334,0.97868526,500.0701,291.1827,0.9570959,489.20862,291.20355,0.9597943,498.1597,318.53812,0.9066985,491.0052,318.8235,0.91113394
442.02435,204.22076,0.7275111,443.6811,201.88127,0.594759,440.35345,201.88205,0.6480013,0.0,0.0,0.43009618,437.36133,203.54387,0.5366669,447.81735,218.94553,0.9257829,432.8516,218.54427,0.9457687,448.55023,236.22375,0.63313204,426.63983,236.18071,0.7218652,444.7333,248.2815,0.5285979,429.2524,250.42638,0.59718335,445.81952,254.70993,0.93818474,436.59933,254.7679,0.94754785,445.57623,283.5752,0.8948109,437.72388,283.53525,0.90439725,445.09113,311.3725,0.8640042,439.42813,311.16486,0.87293106
