672.6621,105.02366,0.97918254,675.35065,98.09898,0.8252507,663.02203,98.40967,0.9763001,0.0,0.0,0.3015944,642.8969,106.43278,0.9457204,686.54456,158.26302,0.97992516,625.53326,159.60434,0.9982936,692.5475,225.91617,0.8610876,608.03235,230.26665,0.99422956,707.4601,284.1648,0.8144541,608.3874,291.8243,0.9832792,685.1953,281.46844,0.995037,645.72253,282.18912,0.9985306,687.7919,370.4915,0.98249143,644.50934,366.57306,0.99488974,667.92676,448.2399,0.92256725,621.1312,441.17245,0.9640723
0.0,0.0,0.073877096,0.0,0.0,0.029540248,0.0,0.0,0.05725592,258.5444,179.3578,0.52582514,277.68442,178.99132,0.8053962,249.22334,203.71588,0.9884172,287.44754,202.93654,0.99616313,240.07098,238.13591,0.9387743,302.37964,236.44624,0.98520225,236.17833,266.64307,0.8015572,305.96396,263.6395,0.9179054,257.52713,266.18576,0.9980247,282.2489,266.0,0.9989164,259.50812,312.2056,0.9921645,282.73404,312.0166,0.9949896,258.39093,355.43536,0.9725955,277.92444,355.85065,0.98012906
787.42883,139.86113,0.9825287,793.34534,134.38792,0.9180849,780.5465,133.5507,0.9671833,799.36786,139.19833,0.6103773,768.3795,137.33891,0.8847758,809.9447,174.65533,0.9912732,748.7589,169.66661,0.9975648,821.00806,203.3338,0.95421356,720.6218,205.47307,0.9908689,811.87054,157.57948,0.9312195,739.7237,194.6817,0.9802208,802.5567,275.464,0.9977101,759.7504,273.69858,0.998711,811.5725,358.59085,0.9929577,761.7684,356.42358,0.9963888,802.5533,431.27814,0.9620771,750.3732,432.162,0.9759706
0.0,0.0,0.1685589,0.0,0.0,0.08664727,0.0,0.0,0.17067915,0.0,0.0,0.39159125,82.93365,217.17834,0.6978229,68.542915,228.43173,0.9769771,86.77123,228.74968,0.9847438,62.968235,243.49168,0.7878935,91.35198,243.13347,0.91147053,63.80142,253.30305,0.5761916,91.51926,253.5982,0.74861187,71.12906,256.68817,0.9892212,83.09345,256.73743,0.9914886,72.94445,278.67865,0.9727087,82.92256,278.45227,0.97952706,72.46196,298.90457,0.9538261,80.72188,299.0527,0.96303654
456.6068,204.62549,0.93864495,460.16788,201.83565,0.8805831,453.85516,201.31964,0.9062834,464.45618,205.57513,0.62540656,447.74713,203.80919,0.7331801,467.87518,225.29012,0.9875208,437.48083,222.6981,0.9930928,471.12405,247.36476,0.9266956,426.91458,240.0883,0.959409,472.3012,257.27817,0.89293677,432.11694,241.30013,0.9263438,461.67154,268.71616,0.9927736,441.96442,267.93668,0.9946179,460.83832,304.8944,0.98500556,440.11832,304.18158,0.9871296,460.24536,338.88852,0.9657435,439.76196,337.99774,0.96930903
0.0,0.0,0.10822848,0.0,0.0,0.0556382,0.0,0.0,0.10425255,0.0,0.0,0.37912193,128.86064,216.33441,0.6426303,111.81314,226.71092,0.9700759,132.22313,227.68173,0.9788401,104.79544,241.74611,0.76987714,136.45726,242.87338,0.8847084,105.12591,253.63689,0.52672154,136.60928,255.14183,0.6765677,113.945724,255.46184,0.9857061,127.272,255.8671,0.988199,115.33228,278.4854,0.9575129,126.27339,278.69016,0.9662358,114.78921,298.81845,0.9196932,123.539856,299.31818,0.9325988
396.7872,174.60164,0.858159,399.79672,171.06357,0.65203923,393.20193,170.8568,0.84376806,0.0,0.0,0.26688597,385.77875,174.33435,0.730821,407.988,198.1703,0.94258916,377.40588,198.45235,0.9811823,413.9977,221.95094,0.7479596,375.68948,224.73015,0.94815874,409.7564,214.0029,0.7207515,396.7604,216.35828,0.907152,405.62985,261.0618,0.9719802,386.12515,261.90784,0.98512036,401.36517,311.49896,0.9423261,392.0181,312.2018,0.9683175,394.5313,355.8023,0.8496123,391.89334,356.56628,0.9014371
0.0,0.0,0.15280074,0.0,0.0,0.0973843,0.0,0.0,0.12192483,0.0,0.0,0.4759455,166.46317,212.59627,0.54887635,151.44014,225.00766,0.9726415,170.48782,225.53018,0.9753416,144.95158,241.52988,0.7968944,174.86865,242.12202,0.8411233,144.80937,255.03687,0.57774,173.61171,255.87263,0.6303732,153.48003,256.14932,0.98726964,165.8089,256.2453,0.9881202,154.7214,280.32272,0.9640763,164.76599,280.446,0.96698403,155.37204,301.916,0.9329274,162.85905,302.0169,0.9372854
0.0,0.0,0.29077402,0.0,0.0,0.324831,0.0,0.0,0.10316667,342.00992,212.52182,0.8285098,0.0,0.0,0.30477485,339.28293,227.3783,0.9780141,360.7117,225.80234,0.9422298,332.26468,244.80971,0.892102,367.26242,243.63858,0.55708987,329.73013,258.45187,0.71001136,0.0,0.0,0.3698631,348.02805,260.00864,0.97921455,361.29837,259.2978,0.9655545,346.96497,285.58704,0.962722,357.33655,285.29666,0.93006504,352.40857,312.16806,0.93921465,357.80817,310.56598,0.90383536
497.14114,220.41365,0.83384836,498.90057,218.26546,0.81841636,496.27637,218.41743,0.65123767,503.45554,218.7146,0.7570677,0.0,0.0,0.31313926,508.1696,229.09312,0.98423624,494.99902,229.77792,0.97202885,511.59723,242.78636,0.904715,492.72946,243.01277,0.75828767,506.02634,249.43575,0.8512767,493.35553,249.01823,0.7040001,505.59766,257.68243,0.9832872,497.3004,257.73083,0.9777103,505.19696,280.56458,0.95497483,498.75092,280.3677,0.9386934,507.16403,302.28992,0.9078749,502.50784,301.9525,0.8840914
