0.0,0.0,0.3544505,0.0,0.0,0.10562676,0.0,0.0,0.24435462,0.0,0.0,0.34786096,273.85965,164.36629,0.6853148,236.19725,191.82637,0.9586,277.67322,194.87285,0.9766998,223.2973,238.15076,0.87168777,286.46902,235.62793,0.9385978,223.22318,269.32004,0.78018665,276.4031,254.48541,0.86812663,238.61043,271.08658,0.9893036,267.5069,272.53586,0.99209046,235.81358,326.12616,0.9829789,271.73102,331.9076,0.98773474,227.3244,376.42465,0.95335,267.33914,386.80618,0.9612936
0.0,0.0,0.087753765,0.0,0.0,0.017953057,0.0,0.0,0.09951045,0.0,0.0,0.16207625,617.03644,199.6879,0.8379195,592.4137,222.1115,0.9405372,623.899,220.55879,0.9878038,586.5361,253.86272,0.6304128,635.9315,248.30246,0.96413857,0.0,0.0,0.4311062,641.8059,265.2498,0.85197085,600.64417,277.8466,0.9899159,623.3092,277.25638,0.996077,596.78326,318.21756,0.9776195,628.6915,317.2125,0.99113816,585.01245,352.58463,0.95456636,623.308,352.50333,0.9770617
0.0,0.0,0.15847532,0.0,0.0,0.057455268,0.0,0.0,0.15686229,0.0,0.0,0.4339563,423.38553,209.91197,0.8517422,398.26437,230.32248,0.9778782,431.32083,230.30605,0.9924711,392.43784,254.96759,0.8108319,443.40466,256.00046,0.9598894,395.18774,272.38412,0.5734068,446.9671,275.4219,0.82489794,404.9598,277.8367,0.9913975,425.53696,277.84225,0.9952099,410.24432,312.81125,0.97415733,421.67093,312.55844,0.98451823,412.99493,347.18747,0.939961,416.38065,347.58997,0.9577685
0.0,0.0,0.053247422,0.0,0.0,0.031254996,0.0,0.0,0.03616156,0.0,0.0,0.4322745,491.93204,200.7134,0.5308064,466.7355,220.18924,0.9178007,501.2213,219.05942,0.93090373,460.52713,245.54633,0.5613157,510.67743,240.61075,0.62190217,0.0,0.0,0.28561664,0.0,0.0,0.32063606,476.6269,267.42664,0.9746566,499.47552,267.55435,0.9768425,479.21655,303.99326,0.9685462,500.30997,304.317,0.9687168,483.0618,344.74255,0.9609427,500.7642,344.83185,0.9604309
0.0,0.0,0.08219844,0.0,0.0,0.018233644,0.0,0.0,0.12887175,0.0,0.0,0.10209935,649.1265,199.42064,0.8176506,629.9682,217.4949,0.81283706,654.58124,217.33995,0.966166,0.0,0.0,0.29518735,664.0306,241.4098,0.91469985,0.0,0.0,0.1875227,671.5518,260.80008,0.7206327,638.2364,264.99472,0.9577322,655.4923,265.16098,0.9849568,640.0417,302.581,0.93688303,657.5769,301.9048,0.97735983,640.32245,338.8497,0.92150545,657.3402,338.80234,0.9623645
360.20718,189.71574,0.85954785,363.33548,186.34113,0.81591976,358.4137,186.79208,0.69743943,370.88922,188.67354,0.6980493,0.0,0.0,0.41933328,376.27426,207.63742,0.9744067,359.20963,209.59708,0.9703068,373.47168,225.96532,0.8839435,352.8125,229.05856,0.8220212,364.33194,218.48216,0.8255659,359.225,220.97054,0.76286864,376.73306,258.63882,0.98562336,365.104,259.41998,0.9846667,378.67685,299.45563,0.983836,365.53223,300.09058,0.98052454,377.86356,338.5271,0.9701627,361.35492,338.14413,0.9657109
0.0,0.0,0.106341556,0.0,0.0,0.07222116,0.0,0.0,0.056398533,155.46432,206.4398,0.5361619,0.0,0.0,0.4294455,147.11664,221.2764,0.9404637,172.78804,221.669,0.92552626,138.10167,241.24744,0.6979202,172.80914,241.2291,0.585851,0.0,0.0,0.4261256,0.0,0.0,0.3313961,150.3395,263.5874,0.9717833,167.77055,264.15152,0.96615535,145.7105,297.31854,0.95582783,165.31161,298.28036,0.9411355,144.26833,330.54596,0.92760754,162.86812,331.1861,0.9102526
536.85516,194.85062,0.81382746,537.8265,191.97485,0.6678917,533.56335,191.90355,0.73963827,0.0,0.0,0.4281668,525.4021,193.74162,0.5829655,542.54144,212.67625,0.9594282,518.48785,212.37764,0.9636754,547.6138,232.96953,0.8007606,513.84406,235.49767,0.8048793,545.73114,242.90312,0.73743194,520.0938,249.25038,0.72952914,539.7431,256.6688,0.97828704,525.3873,256.7348,0.9789025,537.4506,292.11658,0.9724754,529.41754,292.20966,0.9710665,532.6491,326.6849,0.95528775,530.8794,326.9904,0.9536239
205.15213,209.4483,0.89221585,207.61671,206.55666,0.7315792,201.92795,206.41257,0.89070415,0.0,0.0,0.34855235,195.11903,207.7826,0.8138063,213.07674,224.79892,0.9508445,187.39574,224.32578,0.9856609,217.5475,243.57701,0.6263848,185.20816,243.40135,0.92243874,211.23447,243.48152,0.58103603,200.70721,241.58472,0.8541787,211.37119,269.8088,0.9544482,194.62296,270.1019,0.977393,207.0223,310.29034,0.896909,194.02873,310.53296,0.9455591,203.4168,349.02338,0.8280336,195.65898,349.62625,0.89025843
0.0,0.0,0.0919275,0.0,0.0,0.058117647,0.0,0.0,0.07738221,0.0,0.0,0.4088337,699.7206,208.79712,0.53058094,683.2826,221.872,0.94720846,704.3497,221.76736,0.95625615,677.6725,240.10406,0.6704967,710.38055,239.71593,0.76228887,0.0,0.0,0.4080858,0.0,0.0,0.49213937,687.1195,254.58931,0.97502136,701.50745,254.50996,0.9778968,687.8593,280.4957,0.93872815,702.6528,280.34036,0.9464196,688.8224,304.58862,0.8957608,702.6887,304.40546,0.90612197
