0.0,0.0,0.22173637,0.0,0.0,0.16739677,0.0,0.0,0.038393915,366.10812,119.0059,0.85871,0.0,0.0,0.36296275,353.46335,161.3244,0.9948605,420.51642,162.61507,0.97280735,324.82343,216.64282,0.9871881,437.31116,223.53824,0.8637232,303.03308,259.87103,0.95000803,432.08777,276.7769,0.75630236,364.42654,274.60477,0.99871767,406.9707,275.50232,0.9969035,359.518,350.0184,0.99642676,389.29852,353.76862,0.9917997,381.15717,419.1522,0.9780578,390.25275,422.3188,0.9639724
0.0,0.0,0.1105773,0.0,0.0,0.093627855,0.0,0.0,0.04128989,559.90686,175.68896,0.7286238,0.0,0.0,0.3512397,555.8602,197.98465,0.97059655,588.16547,199.38745,0.9637468,544.4536,227.02502,0.89774513,593.47687,229.4495,0.816315,538.0779,251.64441,0.73631513,587.8245,258.963,0.6091096,556.9501,253.07312,0.99193656,578.4124,252.94293,0.99055064,554.9466,291.63858,0.98706555,576.34827,291.43826,0.98212457,557.42596,329.5817,0.9725863,576.9981,328.6597,0.96518344
0.0,0.0,0.1911428,0.0,0.0,0.09289334,0.0,0.0,0.15171967,77.91368,205.27731,0.5298631,90.35276,205.34926,0.75805146,68.77396,221.71748,0.97438115,95.906364,221.45207,0.983343,62.782085,242.90033,0.8070177,102.08529,240.81163,0.8870652,62.099457,260.15613,0.5730655,100.4092,255.28897,0.6736538,72.60168,259.9141,0.9877565,90.64453,259.9906,0.99001324,70.590355,288.9401,0.9735153,87.700745,289.14514,0.97609067,70.99423,315.5742,0.9504333,87.192924,316.3884,0.95320934
0.0,0.0,0.114319965,0.0,0.0,0.091534466,0.0,0.0,0.053749748,174.34644,204.05646,0.61119217,0.0,0.0,0.4067286,169.74081,219.96156,0.9724053,192.65521,219.50368,0.968999,163.07133,239.36554,0.8931995,197.44806,240.73222,0.84697014,161.94063,254.47415,0.72235054,197.08493,258.1378,0.6556873,173.63156,258.20984,0.99094874,188.1573,257.97186,0.99049497,175.01985,286.79694,0.98222566,184.17853,286.91107,0.97898954,177.50592,315.31345,0.96438116,182.6962,314.9221,0.95942897
0.0,0.0,0.056101885,0.0,0.0,0.0470675,0.0,0.0,0.025398351,819.5947,189.50603,0.64301574,0.0,0.0,0.3973609,810.026,209.70218,0.95372224,845.1842,210.56783,0.91934484,799.8046,237.84987,0.8041543,850.45935,237.71024,0.5779602,796.20764,261.4991,0.5010001,0.0,0.0,0.29968867,812.38885,263.75104,0.9771935,835.4683,264.18027,0.96809703,809.54126,300.0373,0.9575758,829.4048,301.114,0.933215,815.4424,335.51053,0.9153085,831.054,336.86182,0.8817797
0.0,0.0,0.17430635,0.0,0.0,0.064873904,0.0,0.0,0.16603039,0.0,0.0,0.340464,128.05643,208.29393,0.7721815,110.137535,223.21373,0.9630937,132.80551,223.3214,0.9851222,105.674965,242.03842,0.73388666,137.36629,244.26999,0.92387646,107.62852,252.61156,0.51130825,138.82477,258.6587,0.7570156,114.78199,260.773,0.9880674,130.46385,260.83417,0.9926466,114.01706,288.78226,0.97472465,129.54565,288.53412,0.9832509,114.96206,314.5719,0.955406,129.64792,314.74554,0.96645
0.0,0.0,0.08544806,0.0,0.0,0.028152712,0.0,0.0,0.07522472,0.0,0.0,0.26135406,752.1708,188.07423,0.70341367,725.3949,205.03247,0.9487949,759.8354,204.57076,0.97575504,715.73364,229.77089,0.6817718,771.5683,227.85037,0.8936831,0.0,0.0,0.43616283,772.7184,237.73895,0.68043286,729.85394,255.05817,0.9875886,751.2818,254.68236,0.99206394,734.466,294.28116,0.9705461,748.20435,293.86145,0.98095554,733.3869,330.49387,0.94219905,738.1692,330.8317,0.9578443
0.0,0.0,0.09610537,0.0,0.0,0.026167853,0.0,0.0,0.0974163,0.0,0.0,0.20659189,514.77893,194.0861,0.7498319,490.38074,210.07283,0.9229024,519.0748,213.10278,0.96984506,478.12878,232.71925,0.58145064,528.2647,238.52264,0.8873701,0.0,0.0,0.38381884,530.87396,256.72012,0.6884387,491.3348,259.0377,0.98309255,510.73404,259.99786,0.9904946,485.736,296.31955,0.9732457,511.34344,296.92154,0.98462486,476.70142,330.94522,0.95633125,504.63702,333.23584,0.97111803
0.0,0.0,0.0553727,0.0,0.0,0.07848591,0.0,0.0,0.0112026865,690.94476,176.29375,0.6973929,0.0,0.0,0.07641113,686.98236,198.7219,0.9526064,715.9813,197.36418,0.79727083,674.87024,230.79231,0.9281978,0.0,0.0,0.39716786,669.0751,249.24698,0.7754992,0.0,0.0,0.26964512,690.57513,260.60995,0.9899013,708.1306,259.76505,0.975392,696.15875,308.04977,0.9892898,697.39886,308.00937,0.9691264,710.6389,355.38962,0.9758676,696.9661,354.3144,0.9475843
0.0,0.0,0.35288492,0.0,0.0,0.08942796,0.0,0.0,0.4212904,0.0,0.0,0.08481211,639.4017,209.51468,0.7608041,627.34576,218.17494,0.8574547,636.1492,219.88622,0.9691936,0.0,0.0,0.45498434,642.2067,231.81624,0.93953633,0.0,0.0,0.41626555,646.87585,227.93735,0.8600826,619.8578,252.31815,0.95935756,625.71484,253.0273,0.9831949,624.82947,282.52554,0.9392699,628.48267,282.8173,0.9760962,618.80646,310.37112,0.90533864,620.59937,311.95328,0.9515283
446.23337,181.10947,0.8341714,449.3093,177.93192,0.795961,443.0791,178.04057,0.7106561,454.05844,180.88976,0.6437435,0.0,0.0,0.4208283,458.76382,200.67583,0.92413247,437.27698,201.98007,0.8718746,465.64957,221.96727,0.6375358,0.0,0.0,0.40552226,463.19516,244.02391,0.5077987,0.0,0.0,0.32960373,456.2238,244.33395,0.77098626,442.56134,244.98132,0.7143983,456.44623,273.39014,0.58804965,446.25455,273.75696,0.50928074,0.0,0.0,0.46983185,0.0,0.0,0.4112725
