0.0,0.0,0.48632622,0.0,0.0,0.12246238,75.48749,135.74759,0.5242765,0.0,0.0,0.27711856,72.954,138.04436,0.92868763,21.653833,171.52826,0.9190024,79.076836,175.08694,0.9898588,11.347059,228.67618,0.5759551,88.40666,228.1928,0.95499337,0.0,0.0,0.43768546,78.27344,253.31813,0.863517,25.27419,270.9431,0.9649809,66.76188,273.1637,0.9863231,20.704496,346.6788,0.9512068,76.975266,350.2254,0.98061746,9.632054,420.59314,0.8686242,74.5593,424.5734,0.9236963
0.0,0.0,0.13959299,0.0,0.0,0.023922522,0.0,0.0,0.1944528,0.0,0.0,0.11897992,378.51205,179.34857,0.83078814,342.00458,206.04346,0.771241,385.7387,204.90335,0.9789514,0.0,0.0,0.36034384,408.17896,219.51003,0.9543749,0.0,0.0,0.25720018,399.9746,196.22075,0.8423951,347.5782,277.68604,0.9775629,378.78937,278.20987,0.9937097,353.35022,327.79074,0.9793205,386.5436,328.19507,0.9947067,350.0092,373.96878,0.96775424,397.4284,379.8454,0.98670596
0.0,0.0,0.12529056,0.0,0.0,0.09119965,0.0,0.0,0.05564677,153.9253,205.58328,0.61017334,0.0,0.0,0.40288714,147.67787,220.78763,0.9609243,173.43483,221.21622,0.9512413,139.7581,241.20897,0.80079794,174.48334,242.4089,0.6936782,144.17119,251.31517,0.5580162,0.0,0.0,0.44189832,152.10423,263.90805,0.9836452,169.77112,264.27576,0.9806528,146.6293,298.88834,0.9706041,167.77979,299.58203,0.96034503,143.89133,333.2606,0.9458654,165.93861,333.2724,0.9325841
0.0,0.0,0.097468495,0.0,0.0,0.04272085,0.0,0.0,0.06574029,0.0,0.0,0.35151696,608.42426,197.0672,0.5884725,583.2912,216.41924,0.9603381,614.7244,216.16585,0.97424895,573.96375,244.39352,0.7934703,621.9458,243.63843,0.8798805,577.02515,265.17014,0.5679103,622.25385,262.64456,0.6752108,588.60565,270.17685,0.990755,608.68146,270.19598,0.99287224,591.85657,309.1289,0.9801926,605.9906,309.20624,0.9837933,593.58154,346.5367,0.9599573,601.3438,347.1439,0.96547914
480.99072,195.84485,0.9113242,483.91098,192.77324,0.8779461,478.10733,193.00606,0.8187465,489.07187,194.42084,0.7153359,474.3581,195.27588,0.50197977,496.54922,212.15111,0.98286414,472.13806,213.31702,0.9805633,504.96155,231.6085,0.92644536,469.2607,232.2415,0.8799153,499.14368,240.55875,0.89335454,474.28787,237.97275,0.83961755,494.04807,256.31226,0.9897718,478.5235,256.79926,0.98882407,494.81076,291.25467,0.9860285,480.9289,291.32928,0.98260325,495.0685,324.8996,0.97479624,482.71524,324.42078,0.97028977
0.0,0.0,0.092360385,0.0,0.0,0.05284486,0.0,0.0,0.059221227,0.0,0.0,0.43557498,699.0223,203.51538,0.5258764,680.38025,218.72017,0.96451515,704.9403,217.82164,0.97510034,673.8864,236.70338,0.84391814,711.23193,236.70113,0.89266646,674.3659,250.36421,0.6474081,711.69836,251.98523,0.7153273,686.6285,253.52873,0.991487,702.5802,253.36102,0.9930988,689.7297,279.74423,0.9832813,702.4107,279.69724,0.985104,691.5788,305.9743,0.96989566,701.45624,305.77695,0.97210556
546.2389,203.60889,0.9082849,549.0102,201.25348,0.82443535,544.4759,201.14162,0.86349475,553.73975,202.94995,0.5801941,542.1511,202.58055,0.7040305,558.86584,218.52759,0.979481,536.9418,218.22737,0.990457,563.22833,236.60075,0.8525999,529.69977,235.67758,0.9417068,562.3484,250.29405,0.7959419,527.0667,249.9432,0.8903901,554.14386,257.32657,0.9832613,540.7715,257.1768,0.98898613,553.2139,287.57254,0.9638947,542.44037,287.1785,0.97392637,553.55743,317.2376,0.92934024,544.47485,316.39874,0.94377553
0.0,0.0,0.10879615,0.0,0.0,0.081379876,0.0,0.0,0.050967004,0.0,0.0,0.3157783,0.0,0.0,0.17707072,406.91708,215.14273,0.77987486,419.12424,216.92204,0.697237,403.58737,220.97011,0.5610539,0.0,0.0,0.38079143,0.0,0.0,0.42474574,0.0,0.0,0.30177155,407.77924,267.34482,0.92130345,416.57416,267.83228,0.9061142,409.11844,308.4409,0.92833173,422.41144,308.84058,0.9101601,414.45303,350.17047,0.89810234,428.18445,349.97885,0.8801106
0.0,0.0,0.11783776,0.0,0.0,0.0789441,0.0,0.0,0.06683754,0.0,0.0,0.3483171,0.0,0.0,0.30905795,635.68634,225.5423,0.8967519,653.23004,224.9478,0.91195184,632.42053,242.04332,0.69606096,657.77765,242.45648,0.7397615,630.71576,251.65245,0.5237928,656.563,253.81566,0.56642663,639.5318,259.46646,0.96812326,651.2451,258.9008,0.9726888,636.5193,287.8557,0.95108134,646.8098,287.3417,0.95497006,639.13434,315.84485,0.92827094,646.5347,315.02158,0.93267506
454.1119,201.44626,0.78192115,455.68488,198.73247,0.7183646,452.08612,199.04121,0.70114017,0.0,0.0,0.4891878,0.0,0.0,0.45416957,463.95953,214.69096,0.95611566,444.65005,215.88574,0.95323044,468.42374,235.49826,0.77310306,439.53238,237.47946,0.75936306,465.61,252.53107,0.70177627,441.73038,254.71413,0.69017595,463.1738,255.00623,0.96781266,451.41632,255.60754,0.9675453,464.37512,286.83603,0.93528265,454.84152,287.21484,0.9335541,466.088,315.35196,0.8671579,459.19995,315.7388,0.86419857
0.0,0.0,0.06680957,0.0,0.0,0.038428575,0.0,0.0,0.0364208,0.0,0.0,0.2928565,0.0,0.0,0.29128736,313.67673,229.68608,0.8871767,338.38867,228.19359,0.8185374,305.6153,255.60979,0.67132926,0.0,0.0,0.4650679,0.0,0.0,0.43524778,0.0,0.0,0.28352767,321.38474,279.94458,0.9637184,337.8541,279.64398,0.9507068,324.67282,320.11472,0.9430466,339.921,319.9441,0.9212602,329.72873,358.82343,0.8940295,342.3595,358.83408,0.8673756
0.0,0.0,0.18212865,0.0,0.0,0.20748729,0.0,0.0,0.04957298,209.38292,215.60947,0.74334514,0.0,0.0,0.18404101,210.00179,229.62492,0.9582753,230.11276,227.56865,0.87064916,205.13757,249.43011,0.87335956,0.0,0.0,0.4306843,202.62209,255.06273,0.68294114,0.0,0.0,0.2950222,223.33247,266.2646,0.9506332,237.62386,265.51297,0.91123086,223.63625,290.22153,0.88627106,241.26846,289.70468,0.7890666,225.66322,317.33826,0.7855061,244.87598,314.94662,0.6832007
