0.0,0.0,0.085766934,0.0,0.0,0.04260997,0.0,0.0,0.05714018,800.0127,201.65714,0.53359985,821.3786,201.04373,0.6961604,789.8545,229.57756,0.97767526,830.29675,227.93768,0.9882781,781.57367,266.90134,0.8763732,842.8731,260.74966,0.9429261,785.141,285.1467,0.65622103,848.1168,272.48514,0.7715405,802.35046,295.61124,0.9935133,826.6502,295.62613,0.99531806,809.7099,347.6877,0.97687954,820.7227,347.9957,0.98114246,815.44275,396.17566,0.9263734,812.1726,396.47226,0.9359147
0.0,0.0,0.11297756,0.0,0.0,0.05885952,0.0,0.0,0.061436668,0.0,0.0,0.49202985,321.7081,206.85907,0.5731619,294.83582,225.04175,0.9765023,330.38602,224.55699,0.98096853,282.54422,250.40741,0.909088,339.5313,253.09135,0.92164415,280.5046,271.54102,0.7610649,337.4835,278.15945,0.7807453,300.85123,273.2786,0.99388075,322.9303,272.6425,0.9947525,304.7485,313.8868,0.98633355,317.0799,313.12375,0.987278,308.5246,351.39673,0.9636646,313.26004,351.10303,0.9658811
0.0,0.0,0.15803187,0.0,0.0,0.06827525,0.0,0.0,0.12251635,0.0,0.0,0.48929504,397.67545,199.69208,0.7471789,373.09628,222.22865,0.97415984,404.0311,221.74443,0.9859635,366.2804,252.06569,0.78863746,412.17346,250.00975,0.89562917,365.2311,278.44427,0.5252233,413.57706,274.68118,0.65825623,379.43063,273.7952,0.98939425,399.3688,273.924,0.9920081,377.46295,313.73465,0.9722037,395.8315,313.93976,0.97635466,377.65573,351.81705,0.9437231,391.98264,352.66537,0.949378
0.0,0.0,0.14847845,0.0,0.0,0.17958829,0.0,0.0,0.040097386,739.8657,184.9859,0.9229601,0.0,0.0,0.46678475,729.40765,211.39001,0.98966837,772.5951,210.36945,0.97168386,716.887,244.60779,0.9229575,778.94165,242.74393,0.61568254,721.48236,272.8282,0.66504496,0.0,0.0,0.29732546,735.78265,278.84784,0.991364,763.7279,278.72296,0.98446876,734.3371,325.11316,0.9801398,757.00476,325.93228,0.9567535,745.69727,370.86493,0.94928783,762.65875,370.41605,0.91022646
0.0,0.0,0.37476513,0.0,0.0,0.10665511,0.0,0.0,0.40170443,0.0,0.0,0.31614977,526.8877,197.43652,0.9109713,503.22385,218.56444,0.9735092,531.788,217.69609,0.9907047,496.56955,246.89755,0.6774608,540.5114,243.66139,0.9284582,0.0,0.0,0.4497406,539.1125,261.21402,0.75359094,507.9499,269.16852,0.9869391,526.5109,268.75046,0.9925006,513.84326,308.3358,0.97181356,526.3507,307.53967,0.98350936,516.5614,346.38104,0.9442827,524.6998,346.871,0.96153927
0.0,0.0,0.11276247,0.0,0.0,0.07599156,0.0,0.0,0.060503732,576.60785,214.9239,0.5430517,0.0,0.0,0.43801266,570.81976,234.71913,0.94627213,598.6228,234.54684,0.9418968,563.72986,260.04175,0.79476446,604.82104,259.29352,0.7555466,564.1428,277.95084,0.5713399,603.7335,278.5691,0.52241683,575.41113,280.30176,0.97782314,592.9607,280.29492,0.9757391,577.8778,312.43665,0.9616697,589.7665,312.5304,0.9539763,583.17554,345.47644,0.92897713,589.2295,345.08646,0.91813195
0.0,0.0,0.112855,0.0,0.0,0.0601509,0.0,0.0,0.08369212,0.0,0.0,0.39316735,464.6441,231.9338,0.5770925,446.1123,246.81459,0.9502791,470.01492,247.05441,0.964598,441.16016,265.4462,0.7879256,474.26892,267.84946,0.8662583,441.00986,281.1663,0.5746793,475.23508,285.58688,0.6739997,449.65338,281.84448,0.98173493,464.77164,281.95572,0.98486763,454.17435,308.8249,0.9614171,462.08347,308.95248,0.96628433,457.45535,333.05148,0.92902106,460.00006,333.39792,0.93501776
0.0,0.0,0.16900595,0.0,0.0,0.1324716,0.0,0.0,0.08220344,616.05145,230.10612,0.5347226,0.0,0.0,0.3522508,612.57794,242.91469,0.9506916,631.58936,242.64415,0.93999296,607.93115,258.99393,0.8181942,634.33997,259.81995,0.74060225,605.7051,271.98053,0.63108575,632.2529,273.0029,0.5519195,615.5266,273.72256,0.9754563,627.84265,273.47223,0.97391087,615.8227,299.04263,0.95347875,624.2036,299.1051,0.94661814,618.73267,323.37985,0.91968036,624.40125,323.19733,0.9114353
0.0,0.0,0.25741574,0.0,0.0,0.20915802,0.0,0.0,0.17054732,0.0,0.0,0.46926934,0.0,0.0,0.37339312,211.78745,251.3281,0.95270675,223.80153,250.91522,0.94856423,206.09602,264.001,0.7882271,227.31561,263.9466,0.7373948,205.28801,276.34625,0.66209984,224.91502,276.1327,0.604903,214.9404,273.85986,0.98293245,221.75407,273.7245,0.9822869,214.4815,293.26135,0.9752456,219.3676,293.1952,0.973204,214.97171,312.38205,0.9643097,218.5474,312.3245,0.9624865
181.80743,243.99466,0.8383589,183.57224,242.1278,0.8132585,180.62108,242.01279,0.7337861,186.92387,242.85439,0.6706973,0.0,0.0,0.43463075,191.38611,252.82635,0.9807912,177.18814,252.70102,0.9726961,196.80069,265.23883,0.8956973,174.73671,264.7228,0.828428,195.91417,276.31085,0.8496924,175.5484,275.1047,0.7837643,188.18697,277.33395,0.98238015,179.51323,277.12955,0.9793307,187.0421,297.12012,0.9599965,179.18599,296.78406,0.9525152,186.8536,315.0887,0.9238553,179.73761,314.76025,0.9136746
0.0,0.0,0.06387498,0.0,0.0,0.042323336,0.0,0.0,0.042124357,0.0,0.0,0.3847599,0.0,0.0,0.36760625,417.05698,233.85522,0.8951523,438.27945,233.36559,0.8996357,413.91965,250.98235,0.55113727,444.65405,250.05876,0.55837685,0.0,0.0,0.30817392,0.0,0.0,0.30630124,420.9645,265.82443,0.94333506,435.8295,265.6588,0.9458491,419.95895,292.24393,0.88208807,436.87006,291.82455,0.8848102,419.8801,316.14612,0.8220988,436.71805,315.83463,0.826564
