0.0,0.0,0.12349147,0.0,0.0,0.06964884,0.0,0.0,0.061700694,303.3035,208.01967,0.5398507,321.18896,207.59181,0.550705,294.71185,225.83054,0.9801323,329.9032,225.27513,0.98268133,281.14505,251.22328,0.92674065,339.1363,254.53223,0.92615795,278.51974,271.68402,0.7981997,337.55878,279.74927,0.7956114,300.98108,272.93912,0.99469227,322.5802,272.30807,0.9952732,306.59894,313.851,0.98810285,318.2252,313.1364,0.98842156,310.99515,352.28006,0.96741194,314.76657,351.8404,0.9684543
0.0,0.0,0.06963864,0.0,0.0,0.05132233,0.0,0.0,0.032716967,801.9797,199.5744,0.6779567,822.33777,198.19392,0.5417659,794.7476,226.35721,0.9732327,834.25366,224.94217,0.97957695,782.9707,260.69113,0.8648054,844.20917,261.09842,0.8867529,783.2435,280.80893,0.6047681,851.02686,284.82376,0.6370525,806.43066,292.6012,0.9905019,829.95026,292.23166,0.99173623,813.174,345.3017,0.97007656,825.321,345.3688,0.9703003,820.35834,397.4633,0.91613424,818.94653,396.35446,0.91655475
0.0,0.0,0.15973178,0.0,0.0,0.07845606,0.0,0.0,0.12643847,0.0,0.0,0.49568993,399.08475,198.6391,0.7121334,375.99042,220.19487,0.96271783,403.85886,221.73158,0.98075783,368.14807,248.7099,0.78092283,408.53836,250.56839,0.90232736,367.79352,274.78192,0.5623116,410.65433,276.18018,0.7126218,378.25186,272.40417,0.990027,396.55505,273.3732,0.99284995,377.9029,312.62906,0.9847073,394.69724,313.64236,0.98748046,377.22632,351.63202,0.97326547,392.29947,353.38104,0.9765521
0.0,0.0,0.36439672,0.0,0.0,0.10693126,0.0,0.0,0.38290417,0.0,0.0,0.33554143,528.3495,197.01395,0.9091808,503.921,218.60895,0.9757214,533.5342,217.38925,0.991568,498.65295,247.72688,0.69983584,541.7982,243.80147,0.9339923,0.0,0.0,0.46747142,539.012,261.45193,0.76432335,509.25085,268.69818,0.9886091,528.7899,268.1518,0.9935029,513.94666,308.51913,0.975448,527.59283,307.62082,0.985545,515.97144,347.54483,0.95054674,525.9673,347.8641,0.9657435
0.0,0.0,0.14471094,0.0,0.0,0.18432942,0.0,0.0,0.03973192,740.52747,186.54448,0.92608374,0.0,0.0,0.45616788,730.4646,213.06529,0.98992705,775.7004,211.27419,0.97384477,717.88214,248.11478,0.92104906,784.6841,243.39548,0.6217973,717.93677,277.11472,0.65544444,0.0,0.0,0.29625243,735.62506,277.53915,0.9908783,763.9861,276.98062,0.9840608,741.7862,326.66913,0.97621256,760.21063,327.3052,0.9507057,751.07446,376.04376,0.94279224,759.192,375.5005,0.9027351
0.0,0.0,0.16025294,0.0,0.0,0.11894498,0.0,0.0,0.08087911,579.2197,215.80751,0.6254197,592.24585,215.33575,0.50280327,572.3861,236.00455,0.9699156,599.4895,235.11276,0.96612316,566.7918,260.2927,0.8514378,604.04987,259.79596,0.79834586,568.551,279.50177,0.63927096,601.9213,279.38776,0.5723387,577.7305,281.97748,0.98652774,595.1765,281.84024,0.9857389,580.8498,314.88788,0.975811,591.5972,315.05548,0.97169447,587.5653,346.70837,0.9540796,593.33966,346.4973,0.9480967
0.0,0.0,0.11118586,0.0,0.0,0.05424442,0.0,0.0,0.09066711,0.0,0.0,0.3669409,464.89572,232.38002,0.6328228,446.58926,247.52565,0.9527842,470.4999,247.49107,0.97353566,441.79477,266.0468,0.78287756,476.0414,267.95197,0.90370286,441.6334,281.59756,0.57222533,478.2436,285.9331,0.7344632,451.04987,281.76923,0.9852367,466.0467,281.8086,0.98930126,455.96426,308.4436,0.9689781,463.7457,308.43555,0.97628164,458.4375,333.05713,0.94366264,460.69333,333.23505,0.9531533
0.0,0.0,0.1645553,0.0,0.0,0.14813325,0.0,0.0,0.06956834,617.11755,230.80022,0.639661,0.0,0.0,0.32862228,613.40674,244.02725,0.95925814,633.23145,243.74348,0.9317418,608.6188,260.3885,0.84063065,636.87494,260.54462,0.661914,607.3179,273.29803,0.6412222,0.0,0.0,0.46333274,616.47723,275.43118,0.97554225,629.33856,275.25302,0.9684235,617.95215,300.7082,0.9563257,627.1385,300.90634,0.93945754,622.52515,324.56024,0.92398953,629.82623,324.1349,0.90350795
0.0,0.0,0.3095851,0.0,0.0,0.25824192,0.0,0.0,0.2037742,0.0,0.0,0.4831586,0.0,0.0,0.3581822,213.01088,251.4246,0.95864546,221.46216,251.04863,0.9530395,208.9485,263.947,0.8139924,223.67657,263.84808,0.75606203,208.25636,276.20993,0.7049528,220.88585,275.97876,0.6405893,215.62473,274.0657,0.9856316,220.42656,273.92218,0.9847801,215.09688,293.5929,0.9791899,218.42485,293.51166,0.97705066,215.95476,312.9287,0.96939015,218.12326,312.79907,0.9673301
0.0,0.0,0.052183583,0.0,0.0,0.035768293,0.0,0.0,0.03398324,0.0,0.0,0.32828733,0.0,0.0,0.30731606,418.93304,234.57065,0.8572763,440.86334,233.87346,0.86370057,415.52286,251.60027,0.5207257,446.31863,250.41757,0.5147007,0.0,0.0,0.30004826,0.0,0.0,0.2896684,423.09485,266.0468,0.93818,438.2291,265.78687,0.9409354,421.27875,291.79593,0.8860446,437.68747,291.4015,0.88686174,420.89697,315.37427,0.83324045,436.83276,314.94785,0.83567905
180.82918,245.2699,0.8494714,182.68709,243.3991,0.82971275,179.67462,243.25325,0.7403759,186.31529,244.2194,0.70082587,0.0,0.0,0.4273672,190.85497,254.21506,0.9826779,176.53152,254.0202,0.9737828,196.33936,266.3571,0.90320224,174.50089,265.70984,0.82338834,195.21133,277.03177,0.85817134,175.67928,275.56955,0.7798306,187.63248,278.2999,0.98276585,178.80962,278.0559,0.97917867,186.39758,297.70816,0.95895046,178.62875,297.34924,0.94973034,186.21378,315.31595,0.92096484,179.45209,314.9482,0.9083044
