822.6953,166.37416,0.97275937,827.90125,162.03233,0.8742331,817.44366,161.43541,0.967431,0.0,0.0,0.4536053,805.03375,162.76631,0.89600915,836.5477,193.10344,0.968938,790.05383,190.82738,0.99540037,851.9924,215.20468,0.82342696,773.06885,226.80536,0.9817416,845.26337,205.27612,0.7851774,762.74884,260.0228,0.95974016,824.40015,270.13776,0.9885465,793.385,268.3354,0.9953251,826.66943,326.08923,0.9837181,795.1337,322.7293,0.9936599,831.278,378.8413,0.9641143,803.65283,381.3066,0.98076427
243.1211,187.33514,0.9016629,247.4487,183.21758,0.8088665,239.62425,182.54768,0.84070945,253.1266,183.66551,0.5307596,232.48106,181.54378,0.6343542,261.0484,204.04716,0.98823977,218.33153,202.2837,0.9938689,268.06973,233.60387,0.95144606,209.0645,230.91132,0.9741832,255.82214,232.21384,0.9308791,228.21231,230.2616,0.9530247,256.36594,269.1302,0.9967608,228.7495,269.12073,0.99769694,255.10197,317.5525,0.99247205,231.50294,317.24887,0.9937733,251.48015,363.9074,0.9752993,238.22893,362.98264,0.97837836
110.398346,152.57838,0.95356506,116.36313,148.85327,0.9310021,106.556885,147.8102,0.83627343,125.28672,152.75578,0.8465815,101.95353,151.01836,0.500707,133.77425,182.61421,0.99424887,94.9328,181.03328,0.97742,141.2552,217.68143,0.9780667,86.28483,218.29924,0.86560297,118.04429,194.43848,0.9491215,95.64565,199.8757,0.8154494,124.23081,259.3526,0.9954152,100.4347,257.48148,0.99029857,116.07429,328.97647,0.99280167,114.529686,322.12573,0.9855525,115.13395,388.23245,0.97486454,134.48184,376.40964,0.96226215
0.0,0.0,0.08561824,0.0,0.0,0.050702564,0.0,0.0,0.05236288,0.0,0.0,0.47058645,435.70578,197.07733,0.50984097,413.1511,214.85388,0.9599728,441.53488,214.05983,0.96837026,405.2187,241.23155,0.8432357,448.66638,236.1753,0.86999327,404.14246,264.5902,0.6380943,446.60507,253.27962,0.66623414,418.95013,262.8135,0.9894232,436.83914,263.00043,0.99039614,422.43805,298.0304,0.97851896,433.03146,298.53183,0.9781602,426.75323,330.767,0.951981,430.83853,331.37634,0.9508264
0.0,0.0,0.28126967,0.0,0.0,0.3468145,0.0,0.0,0.075171776,663.67316,202.91258,0.9031063,0.0,0.0,0.32062644,659.09735,221.77016,0.9896164,685.63983,219.95166,0.96340686,652.4858,245.5361,0.9450665,688.662,243.37572,0.60088336,654.8461,256.0964,0.7969082,0.0,0.0,0.38491803,663.8441,266.123,0.99157035,681.79517,265.34634,0.9833135,664.6066,302.03726,0.98539335,680.91187,302.04846,0.9660433,667.5523,338.26813,0.9683148,683.6998,336.7518,0.9410521
0.0,0.0,0.12118772,0.0,0.0,0.048292834,0.0,0.0,0.09721811,0.0,0.0,0.27844566,512.0353,217.03699,0.6209246,491.96295,231.46881,0.94611204,517.92566,231.71245,0.973664,484.7068,250.58246,0.7715527,526.9686,252.71733,0.91947,485.09256,266.2008,0.60160244,530.7865,269.75397,0.79037845,498.3994,270.36746,0.9889311,515.03613,270.33456,0.99289435,499.2273,299.61255,0.9816512,511.7393,299.18118,0.9877846,501.36862,326.2912,0.9689172,510.2021,326.386,0.9770198
0.0,0.0,0.06891098,0.0,0.0,0.057856224,0.0,0.0,0.02131073,0.0,0.0,0.18968739,0.0,0.0,0.05751548,21.951202,188.38542,0.5112043,0.0,0.0,0.2868348,44.05743,220.61658,0.5041061,0.0,0.0,0.21475646,0.0,0.0,0.4622846,0.0,0.0,0.25471365,13.641784,289.501,0.69989955,22.874083,286.00488,0.59429896,2.6253226,380.50247,0.542576,0.0,0.0,0.44365296,0.0,0.0,0.24218354,0.0,0.0,0.19917193
0.0,0.0,0.04547616,0.0,0.0,0.028409105,0.0,0.0,0.027997123,0.0,0.0,0.28890455,0.0,0.0,0.30853757,540.49744,229.93025,0.86638707,561.7615,227.0245,0.90257883,537.46436,252.1804,0.6677047,571.1043,245.90622,0.77767915,0.0,0.0,0.471982,572.2507,261.39267,0.57932687,549.85364,267.54047,0.97708946,563.44543,266.4999,0.98108023,552.74866,298.03262,0.9725916,562.2156,296.9864,0.9759804,555.20667,327.76724,0.96057135,559.891,325.48438,0.9639172
51.10071,176.76712,0.8177477,55.4036,172.74532,0.8372111,48.148804,172.69307,0.6013716,63.148468,176.5568,0.7207305,0.0,0.0,0.20750366,71.2716,201.63567,0.944932,41.54543,203.08536,0.83264536,79.31278,228.45341,0.80540586,0.0,0.0,0.30484155,71.961845,221.61418,0.70699316,0.0,0.0,0.3003335,70.065285,261.43588,0.9607809,49.43946,262.56024,0.9244603,74.5574,310.60043,0.96854645,48.80429,311.99582,0.93070054,87.2606,357.50372,0.95676035,49.90642,357.7216,0.92150503
0.0,0.0,0.20887779,0.0,0.0,0.08617857,0.0,0.0,0.18143147,0.0,0.0,0.3970341,745.47845,213.92299,0.7579014,725.7593,229.40707,0.96791726,750.7222,228.06468,0.9820904,718.95874,251.31723,0.7998782,756.9038,248.95682,0.9084771,719.3887,267.97113,0.5782214,755.34546,265.9002,0.72363085,729.29614,271.7372,0.9783739,745.4801,271.04956,0.98392075,734.1386,306.2077,0.9148937,745.51117,305.50058,0.9330087,733.58136,335.41486,0.80056405,740.6841,335.43198,0.8290575
