661.73303,146.91533,0.9436535,663.0844,141.57567,0.59141874,657.3712,141.13464,0.95200694,0.0,0.0,0.20946367,641.19055,139.55362,0.9477382,647.2456,169.24481,0.96531993,622.6722,169.32913,0.9977016,661.64923,210.32286,0.7859469,616.5674,209.81184,0.9932899,691.27783,210.01663,0.76359326,663.6969,206.3389,0.98059136,641.27325,255.5693,0.9923307,628.24615,258.99814,0.99781287,642.1039,326.61725,0.98937386,659.27,335.9145,0.9971644,618.9258,393.80478,0.9677099,654.6778,408.19342,0.9859076
750.17944,198.23874,0.80115944,0.0,0.0,0.32240358,746.5472,195.00162,0.8616143,0.0,0.0,0.09746392,737.25684,197.2324,0.92819864,742.4453,215.48131,0.9518587,730.3698,217.21886,0.9953388,747.6017,239.96893,0.61415523,724.6262,245.06389,0.9872498,760.3791,258.20886,0.6100088,734.3308,266.19315,0.9645456,740.18445,266.27536,0.99076945,735.2732,267.8039,0.99750274,734.1159,302.67886,0.984592,747.4246,304.19977,0.9958127,722.4809,336.99866,0.9737664,747.1876,340.36282,0.9900827
106.26554,208.68152,0.9148241,108.39303,206.4939,0.81155,104.33527,206.35387,0.88426113,110.88478,207.46783,0.53337485,100.33541,206.90715,0.7661214,113.41522,219.29141,0.9837647,94.06578,218.7007,0.9933223,116.44476,234.10728,0.89001966,86.455574,233.08101,0.9648027,114.0772,242.83168,0.8514783,86.34785,243.46121,0.93213207,107.84201,249.39124,0.98941934,95.69648,249.07492,0.9933541,106.58665,273.60922,0.9778146,93.75454,273.13077,0.9846149,106.13615,296.5253,0.9594283,94.5447,296.15683,0.9688317
0.0,0.0,0.117135264,0.0,0.0,0.039364297,0.0,0.0,0.11910438,0.0,0.0,0.12646241,407.40576,200.85681,0.55653363,391.81168,219.52011,0.8367048,406.62592,221.25745,0.94157857,390.2865,243.87587,0.50221413,408.8382,246.06131,0.8726861,0.0,0.0,0.3824845,413.24823,262.41946,0.71684426,396.6109,268.23053,0.9669603,406.45108,269.4274,0.98214644,399.09473,304.4099,0.9517718,406.87427,305.1968,0.97346467,395.9372,338.96887,0.922855,400.80853,340.5036,0.9502376
346.81924,195.7576,0.9506641,349.73697,192.48053,0.8557999,342.87067,191.77501,0.93667954,351.33014,195.66336,0.51060474,333.24902,193.3603,0.8460391,351.87076,219.06735,0.9892476,321.9609,215.01875,0.9958406,363.25012,244.7501,0.9160202,302.34662,236.92917,0.9756717,373.4623,265.2314,0.8814263,288.0894,258.7395,0.9484141,335.95792,274.67685,0.9950865,320.40894,273.08948,0.99694985,328.2562,314.76315,0.98840386,334.95718,313.70175,0.9918166,320.61295,351.8598,0.9691535,341.3233,351.3075,0.9756867
0.0,0.0,0.19256969,0.0,0.0,0.15696184,0.0,0.0,0.12507197,228.52225,213.65096,0.54744023,0.0,0.0,0.39038047,224.53604,224.35008,0.9601101,241.18948,224.535,0.9526629,217.12195,237.95038,0.7884059,244.04486,238.32729,0.7209209,215.48586,248.72327,0.606023,241.68094,249.18005,0.5328758,226.63481,251.1051,0.9791846,237.08844,251.10236,0.97739947,226.4526,270.6554,0.9532295,236.24464,270.82727,0.94843084,228.38348,288.5486,0.9215225,235.95229,288.4943,0.9158137
0.0,0.0,0.103690356,0.0,0.0,0.08342335,0.0,0.0,0.048149038,278.70288,213.30649,0.58494526,0.0,0.0,0.2804871,276.0449,223.93196,0.96082824,294.18723,223.06584,0.94714206,272.1334,238.9797,0.7769031,299.46896,237.54352,0.6353352,269.80322,248.07933,0.5382629,0.0,0.0,0.3985396,279.88348,252.50162,0.98399425,291.70624,252.1159,0.9814913,279.1397,277.3103,0.97161376,289.57693,276.83405,0.96566796,280.81747,301.7455,0.95467794,288.93573,300.8966,0.9479103
143.58109,203.05063,0.82112104,145.00076,201.02002,0.6384209,141.53558,200.97276,0.78095084,0.0,0.0,0.38518557,137.1848,202.37997,0.7012151,150.0984,214.97852,0.96909606,131.99577,214.38255,0.9860101,156.47421,228.50493,0.8238161,127.699715,226.93909,0.94058204,157.42908,237.55418,0.7713429,131.45073,232.66481,0.89241517,147.41954,244.78717,0.9826083,136.3808,244.73366,0.98875755,145.54404,267.46735,0.9645765,137.91144,267.36862,0.9759999,142.68126,287.88452,0.93663,136.98051,287.94073,0.9522945
0.0,0.0,0.1379024,0.0,0.0,0.07835719,0.0,0.0,0.08134363,0.0,0.0,0.2877009,0.0,0.0,0.3541863,412.16974,194.47809,0.8414135,431.4013,193.37215,0.88538814,0.0,0.0,0.47243398,436.5049,216.92201,0.6419318,0.0,0.0,0.30255565,0.0,0.0,0.42986178,416.1543,238.37035,0.92525274,429.53113,237.88701,0.9432794,416.48312,274.9331,0.8778354,429.32254,274.53586,0.90556663,418.18408,310.38422,0.8385226,429.25012,309.38754,0.86648756
696.0079,202.30757,0.84106505,697.46735,199.76917,0.6688967,693.478,199.69171,0.7931811,0.0,0.0,0.4097021,686.872,201.7959,0.69168496,700.3975,217.65651,0.96899915,679.15314,217.62953,0.97756815,701.85675,237.26192,0.82427526,674.42804,238.5569,0.88944083,700.5035,252.5726,0.7537677,682.99713,254.34828,0.81986475,696.36255,252.93155,0.97833157,681.86835,253.44159,0.98150647,701.66113,277.34702,0.9616119,683.3104,278.1029,0.9662823,700.1887,304.03928,0.9413628,680.5494,305.23105,0.9463775
