0.0,0.0,0.1316162,0.0,0.0,0.10616565,0.0,0.0,0.028958928,499.1166,112.93735,0.87377065,0.0,0.0,0.36209074,482.43057,173.00821,0.96412414,573.15045,170.13127,0.92643166,451.36197,243.18639,0.8151563,573.6164,247.17848,0.6113721,460.9562,260.40076,0.5327364,0.0,0.0,0.35070348,491.1063,335.1722,0.9348501,555.2737,332.4683,0.91596377,474.27905,459.7554,0.61515105,552.2288,457.66806,0.5670641,0.0,0.0,0.13247392,0.0,0.0,0.12143965
0.0,0.0,0.18283936,0.0,0.0,0.12868235,0.0,0.0,0.09892612,162.81992,189.30902,0.67649174,176.17302,189.09111,0.6005662,155.36775,208.65794,0.9774665,185.2099,207.82533,0.9791356,145.82497,234.74702,0.8416975,192.34955,232.015,0.82373106,143.33461,254.89494,0.6037634,186.10698,249.7071,0.5734233,162.5351,257.04846,0.990442,181.52853,256.9417,0.9906199,162.9904,297.56973,0.9823819,177.53352,297.8576,0.9802058,165.83504,339.2847,0.9655074,175.00044,339.25995,0.9621242
638.13477,162.93239,0.948373,641.7756,159.20753,0.90621984,634.06726,158.74487,0.9134593,645.2638,164.11493,0.68485916,624.9623,162.12308,0.72118974,651.3911,192.47446,0.99007916,610.5246,189.18156,0.9906713,660.27454,227.08458,0.9322453,598.03485,218.00775,0.92029303,660.66376,254.2085,0.8836134,614.9655,234.51285,0.8614879,643.9382,255.83882,0.99085593,618.1529,255.14314,0.9909434,639.8815,305.02023,0.9711501,622.0166,304.68222,0.9678275,630.1163,350.7179,0.91629374,624.5171,350.47986,0.9095672
360.6461,205.38388,0.8953841,362.95865,202.96988,0.8004053,358.4928,203.12294,0.84247655,366.6586,204.61404,0.57161534,355.1983,204.87424,0.6966173,372.15182,218.98817,0.98174864,349.6297,220.37991,0.98917854,377.80807,234.48738,0.8704782,344.46857,239.19142,0.92758834,375.50067,240.87514,0.8137922,353.17883,248.77013,0.86991704,369.789,257.2448,0.98557484,355.87448,257.87607,0.9889965,368.6707,287.58713,0.9679216,357.81967,287.8107,0.9736574,365.85876,316.3015,0.93428993,360.26822,316.33182,0.9434626
338.4451,203.70906,0.87295985,340.019,201.76915,0.7546071,336.6981,201.75172,0.8309629,0.0,0.0,0.49150187,332.53864,202.7877,0.69223636,343.55957,215.62306,0.9651569,326.2156,215.41792,0.9838652,342.90698,226.7335,0.78753304,319.07236,226.87006,0.9128847,338.9266,222.01198,0.73922175,326.30716,222.54337,0.8547371,341.25555,250.76993,0.97166824,330.1856,250.91586,0.98143184,340.12036,280.17416,0.9516449,329.71906,280.14404,0.96499735,339.12738,309.0872,0.9196364,328.4307,308.9501,0.9362405
294.24478,216.64925,0.852727,296.29678,214.79158,0.7161013,292.66684,214.31374,0.80929655,0.0,0.0,0.43187895,288.5625,214.56245,0.661552,301.15448,226.21843,0.9718479,280.8352,224.91017,0.985748,308.26898,236.52043,0.8719146,270.37204,235.93864,0.9479074,309.99103,239.73366,0.8336763,270.05414,243.31725,0.91088957,294.91373,255.54477,0.98653907,282.3254,255.00014,0.99053043,293.3761,277.91476,0.97422135,280.94644,277.2829,0.980328,292.3943,298.7406,0.95737875,280.6167,298.09708,0.9648784
734.0512,208.82878,0.69241834,735.2403,206.78882,0.63948303,0.0,0.0,0.49018165,738.7052,208.35074,0.6082651,0.0,0.0,0.3517892,744.1369,221.27705,0.96509695,734.4535,221.58134,0.95027846,753.0372,234.50839,0.87143314,731.1797,237.63979,0.7480762,752.41113,236.59338,0.7944003,728.3619,245.48384,0.66582054,741.15405,255.73474,0.975426,735.74567,255.53412,0.97014844,740.7736,280.19464,0.95119786,734.51434,280.0571,0.9348255,742.5836,305.07593,0.91833436,736.4297,304.52774,0.8995296
0.0,0.0,0.14223604,0.0,0.0,0.09471439,0.0,0.0,0.10781638,0.0,0.0,0.41895974,0.0,0.0,0.4465787,193.00697,229.34502,0.9204973,208.82704,229.68188,0.92371845,189.83807,242.44714,0.61784077,214.25995,242.56296,0.6566429,0.0,0.0,0.40972772,0.0,0.0,0.43864754,194.9848,254.35925,0.9537213,205.09334,254.61707,0.955198,196.41365,274.62445,0.9285826,204.225,274.35446,0.931659,196.37987,293.32944,0.9050838,201.95721,293.5503,0.90893763
0.0,0.0,0.1444058,0.0,0.0,0.09332812,0.0,0.0,0.15253748,0.0,0.0,0.07066629,0.0,0.0,0.18155698,0.0,0.0,0.15784961,0.0,0.0,0.35637632,0.0,0.0,0.08935679,0.0,0.0,0.3495589,0.0,0.0,0.11897319,0.0,0.0,0.32320607,0.0,0.0,0.24937281,0.0,0.0,0.38801587,0.0,0.0,0.33832628,0.0,0.0,0.48885652,0.0,0.0,0.45475623,844.7037,328.66537,0.5753165
0.0,0.0,0.12857842,0.0,0.0,0.09147192,0.0,0.0,0.11595575,0.0,0.0,0.0837087,0.0,0.0,0.12162106,0.0,0.0,0.23061742,0.0,0.0,0.27312648,0.0,0.0,0.14252771,0.0,0.0,0.21364394,0.0,0.0,0.1457903,0.0,0.0,0.19857939,0.0,0.0,0.3698703,0.0,0.0,0.39500615,0.0,0.0,0.4236282,0.0,0.0,0.4537431,0.0,0.0,0.4299443,0.0,0.0,0.4536736
