823.0223,166.35262,0.9711837,828.00354,161.95757,0.8742736,817.66095,161.36629,0.96451646,0.0,0.0,0.458763,804.95557,162.76506,0.8871726,836.39185,193.29132,0.96914655,790.3312,190.71477,0.99457246,852.06354,216.07993,0.825549,773.5172,227.11156,0.9773916,846.65704,206.99216,0.78276426,762.97003,260.91687,0.9519042,824.4898,269.56918,0.98773986,793.98694,267.48334,0.9945273,825.4257,324.97968,0.9833529,795.75323,320.09552,0.99288046,830.75415,378.58405,0.96456194,805.39984,377.81473,0.9798716
110.85309,154.68546,0.9609536,115.72948,150.79341,0.93410295,106.6793,149.87956,0.8304177,125.100426,152.7681,0.8663898,103.1971,151.0241,0.5217189,137.45497,183.15578,0.9974407,98.58789,180.8014,0.9859955,145.15329,218.14676,0.9901738,89.59072,224.93062,0.91838175,118.99446,199.9953,0.97258323,87.89937,238.73175,0.883733,133.45035,263.47247,0.9976949,110.51806,260.63208,0.99488974,120.94713,333.08542,0.99490887,124.102875,323.73926,0.98949,122.0089,391.44092,0.97695655,142.02536,377.52185,0.96547925
241.4652,187.69238,0.891312,246.36424,183.67438,0.82156754,238.48897,182.6894,0.7978147,253.20615,184.56439,0.6022058,232.65234,181.76115,0.5319976,261.99518,205.47823,0.9893379,218.40013,202.81313,0.99274313,268.70563,236.12926,0.96392715,208.95337,232.14748,0.9694914,255.11644,232.55254,0.9462175,227.78497,230.93907,0.94820625,256.09772,270.05695,0.9969683,227.87996,269.46814,0.99750453,255.58458,318.5718,0.99276876,231.4669,317.60367,0.992968,252.10739,364.54797,0.9752163,238.65858,362.43585,0.97556305
0.0,0.0,0.29241663,0.0,0.0,0.12014452,0.0,0.0,0.28950444,0.0,0.0,0.18004748,20.517956,153.32219,0.59983534,6.795703,193.42493,0.51412296,29.155231,191.59937,0.8253506,0.0,0.0,0.20195249,48.15488,237.19527,0.6533174,0.0,0.0,0.17851889,37.937172,259.72223,0.50442296,4.686665,291.73605,0.62375087,19.6577,290.48334,0.77934027,0.0,0.0,0.45615324,6.2142715,379.39444,0.64746815,0.0,0.0,0.24400383,0.0,0.0,0.3472915
0.0,0.0,0.08758931,0.0,0.0,0.047363058,0.0,0.0,0.059470534,0.0,0.0,0.42884326,435.80093,197.21117,0.5493969,412.4167,214.20154,0.95648044,440.86945,214.1787,0.9691779,404.5556,240.23651,0.82096875,447.73904,236.41933,0.87738514,403.77298,263.77594,0.6078999,446.29126,253.43456,0.6746133,416.73035,262.5728,0.98848397,434.60098,263.0523,0.9901513,420.71075,297.61407,0.9766823,430.54785,298.34174,0.97794044,424.87357,329.78656,0.9484664,427.65738,330.9218,0.94984347
0.0,0.0,0.07324154,0.0,0.0,0.03121327,0.0,0.0,0.06457361,0.0,0.0,0.37866965,511.47476,216.3023,0.6968171,488.9067,230.91945,0.9609637,518.63403,231.11778,0.97948563,481.993,250.88335,0.7985304,528.558,252.54778,0.9192558,483.18472,265.67987,0.5679788,532.1871,269.71677,0.7388831,494.92413,270.44586,0.99159276,514.34784,270.56036,0.9939966,495.7776,299.49292,0.98366064,512.5338,299.35526,0.9873066,497.7559,326.0998,0.9705258,511.691,326.24738,0.97504264
0.0,0.0,0.27804646,0.0,0.0,0.3389872,0.0,0.0,0.077731416,662.5804,203.68246,0.89507186,0.0,0.0,0.33035842,658.48065,222.44931,0.9883469,684.8442,220.50934,0.9610105,652.99457,245.74623,0.9413728,688.4033,243.88574,0.6119841,655.4529,253.74144,0.78755414,0.0,0.0,0.3952916,663.464,265.82303,0.99153566,681.3186,265.04825,0.98364407,665.5736,302.48465,0.9867743,681.20984,302.4599,0.9701559,668.1547,339.12512,0.97312456,683.3657,337.50385,0.95091534
52.384247,177.71605,0.86778456,56.368385,173.69533,0.8633938,49.02789,173.68379,0.7000101,63.27371,177.89017,0.7362192,0.0,0.0,0.29963788,72.07957,204.8837,0.97196823,41.526375,206.68723,0.9160009,83.947014,236.2579,0.8905378,43.97342,240.13373,0.50835294,85.36146,266.53674,0.8121422,0.0,0.0,0.4653079,70.48091,265.73383,0.9823324,49.413322,266.95218,0.9665238,78.36039,314.12982,0.98017186,49.79441,315.3264,0.95879626,90.66761,359.87054,0.96587723,51.041687,360.3144,0.941371
0.0,0.0,0.0693247,0.0,0.0,0.049420048,0.0,0.0,0.035556167,0.0,0.0,0.4010704,0.0,0.0,0.29310483,540.15717,234.0211,0.9075017,560.8781,230.65791,0.91500616,537.7533,256.5572,0.7477941,570.7046,249.55101,0.7611935,537.2581,273.94202,0.55339277,571.02386,266.926,0.5699605,550.8404,270.51178,0.97900015,564.051,269.19174,0.98,552.95844,299.6607,0.9723279,561.7499,298.31766,0.97162026,555.9986,328.34204,0.9576411,559.90765,325.4285,0.9565234
0.0,0.0,0.19670549,0.0,0.0,0.08424744,0.0,0.0,0.16509259,0.0,0.0,0.40016943,745.7378,213.74077,0.7329343,726.04865,229.19379,0.9675337,751.11475,227.87128,0.980899,719.29095,250.48903,0.80775684,757.0955,248.57573,0.90391326,720.08386,266.432,0.5911603,755.031,265.42563,0.7195239,730.2584,270.6117,0.9802145,746.47906,269.97394,0.9848583,735.5853,304.07373,0.9289327,746.2924,303.39526,0.94234467,735.61835,332.83786,0.8354544,741.6997,332.76697,0.8565398
0.0,0.0,0.14311342,0.0,0.0,0.10005929,0.0,0.0,0.12107665,0.0,0.0,0.3644533,0.0,0.0,0.41579872,692.6701,227.86894,0.88630646,709.44684,228.17218,0.8990035,688.3807,241.2938,0.54120135,712.8559,240.88208,0.6176612,0.0,0.0,0.34661847,0.0,0.0,0.39851552,696.08057,252.23216,0.9179296,706.9127,252.2959,0.92477745,698.1386,272.3069,0.85648024,706.85645,272.17337,0.8687708,700.0388,290.8929,0.82198256,706.7933,290.85736,0.83344215
