0.0,0.0,0.089076035,0.0,0.0,0.093154095,0.0,0.0,0.025332995,562.1932,161.56638,0.804364,0.0,0.0,0.31904662,560.0135,186.28079,0.9852189,588.9354,186.45152,0.97760105,542.25385,212.4406,0.9585865,598.32745,220.5633,0.8918197,537.4004,208.33525,0.8473855,599.6248,228.44118,0.7183186,562.1569,252.2998,0.9949517,579.889,251.47168,0.9937738,559.8161,298.48856,0.98433095,575.7638,298.53702,0.9771278,548.2701,338.7313,0.9416633,558.2313,337.27832,0.92502373
470.36136,167.87651,0.9113486,0.0,0.0,0.49410254,466.29626,163.35234,0.9417151,0.0,0.0,0.082871266,453.37646,164.7672,0.9462211,462.05154,189.54198,0.96056736,439.2132,188.46796,0.9952514,470.80533,216.7925,0.6610936,432.63733,218.32243,0.98653954,477.7218,214.10358,0.67150897,466.05597,214.11263,0.9671622,455.68912,255.48485,0.9868797,440.62262,256.49417,0.9959149,459.8334,305.41635,0.9682578,455.26877,306.9944,0.99068403,438.9036,351.9756,0.9112414,439.7936,355.37827,0.9636945
746.6586,130.9234,0.8958085,747.3408,123.97361,0.5037698,740.79553,125.23438,0.9130734,0.0,0.0,0.13902296,724.34265,132.64478,0.867934,736.803,167.51076,0.8844906,703.6599,169.54713,0.98634225,733.18945,222.30084,0.68003076,687.601,219.02676,0.97875684,747.1002,249.28984,0.66291875,732.94147,239.32663,0.9538854,735.61945,262.98306,0.98380995,705.4083,267.42017,0.99454767,771.75037,338.45276,0.97900385,694.0263,349.43805,0.9930635,776.6975,424.13544,0.94969827,649.19025,437.69397,0.97394466
0.0,0.0,0.34325847,0.0,0.0,0.2126769,0.0,0.0,0.22300744,241.88177,205.71744,0.50170076,248.83623,206.40636,0.52227443,233.68945,222.61212,0.9602224,249.34895,223.9161,0.9563677,218.00888,242.78261,0.79132617,249.87502,243.57167,0.7182179,208.56714,256.12946,0.6194805,242.28072,254.97374,0.53111804,235.57542,265.03076,0.97806054,245.00146,265.9813,0.9753533,241.08656,300.0829,0.96391964,246.81422,301.18317,0.95565397,241.80746,332.975,0.9367987,241.79607,334.6855,0.926879
683.2141,121.714134,0.93425405,684.0544,114.88103,0.65592766,674.5957,116.0823,0.95330614,0.0,0.0,0.17489666,655.83887,124.59723,0.9188366,678.16327,165.16525,0.87015575,643.05646,167.85179,0.988379,0.0,0.0,0.47293052,643.2537,224.9467,0.96747255,0.0,0.0,0.45347062,684.7662,220.78455,0.9247152,677.7646,274.389,0.96455264,650.49725,277.13397,0.9894684,687.292,356.83853,0.95837146,653.80505,362.25314,0.9879941,675.77545,442.6237,0.90920925,624.23035,448.32516,0.9578315
332.69647,210.25417,0.5819486,0.0,0.0,0.20963246,330.36578,207.60101,0.6492808,0.0,0.0,0.10324346,323.08975,209.15755,0.80301607,325.81256,225.26454,0.883812,316.8401,225.49449,0.97596925,0.0,0.0,0.4271443,316.17984,246.91324,0.92654073,0.0,0.0,0.39371282,326.09174,263.44846,0.8410213,326.13757,265.10648,0.96363163,321.40048,265.81628,0.9849583,325.60828,294.82108,0.9501132,325.7128,295.3251,0.97974557,318.34482,322.17975,0.93383986,321.38855,323.60696,0.966136
91.71504,214.75322,0.55668855,0.0,0.0,0.45630068,0.0,0.0,0.48570728,0.0,0.0,0.44511926,0.0,0.0,0.49282727,93.26354,224.60936,0.9653567,89.38484,224.57027,0.9654866,94.54335,237.32205,0.80557454,88.36169,236.89674,0.82548624,94.47443,245.47423,0.72476363,89.04129,245.15231,0.7416715,92.39994,251.62936,0.9838072,90.48514,251.58601,0.9841876,92.79364,273.09796,0.9711537,90.74902,272.76794,0.972193,92.250534,293.7109,0.954787,90.4805,293.63004,0.95628273
684.0267,122.3654,0.92039955,0.0,0.0,0.43820667,676.31226,116.29709,0.9648093,0.0,0.0,0.03348575,653.89465,122.72485,0.9692826,671.33344,162.09105,0.8969606,638.14813,167.21725,0.9879481,0.0,0.0,0.29052275,641.50525,226.9311,0.9547231,0.0,0.0,0.2935246,683.56726,211.06522,0.8806927,676.36786,269.53632,0.81985414,653.9924,274.1337,0.93847525,0.0,0.0,0.18887906,0.0,0.0,0.47386256,0.0,0.0,0.043725852,0.0,0.0,0.118045315
0.0,0.0,0.17276144,0.0,0.0,0.045421813,0.0,0.0,0.20834512,0.0,0.0,0.11124934,356.10815,205.42838,0.709104,343.4575,217.95537,0.85530907,358.02563,216.95894,0.95465076,0.0,0.0,0.42711335,367.19397,230.77077,0.8794639,0.0,0.0,0.32810974,371.93106,236.22076,0.72594833,348.63248,252.1698,0.9713298,358.92572,252.00642,0.9854026,349.3464,280.918,0.96847624,360.02612,280.26968,0.9842127,345.45026,308.95914,0.96114004,355.61343,308.8592,0.9763421
123.26843,207.65694,0.7533759,124.83777,205.6182,0.6832053,121.875786,205.744,0.57865155,127.81812,206.87122,0.6028771,0.0,0.0,0.39592993,132.6374,218.2484,0.97142947,116.99371,218.91478,0.9556254,138.20784,231.20131,0.8861485,116.015526,232.25781,0.75412494,134.55894,240.40753,0.8236547,120.588394,237.72284,0.6890683,129.28297,245.93007,0.97935724,119.27559,246.21281,0.9731625,129.79564,267.61255,0.96927845,119.1972,267.9284,0.95707005,130.131,287.42334,0.9511339,119.239136,287.5352,0.93771636
261.40552,209.35344,0.55628985,262.86026,207.381,0.5071737,0.0,0.0,0.39469367,0.0,0.0,0.48903608,0.0,0.0,0.25131783,270.73755,221.65855,0.9222582,260.19763,221.88362,0.8869197,277.339,237.75423,0.7180142,259.85922,237.76949,0.58031833,277.5417,254.14456,0.6198698,258.94342,253.53636,0.5055984,265.36414,251.653,0.9417758,259.6528,251.37674,0.9307367,264.09662,272.80936,0.9079565,259.86746,272.4392,0.891614,263.412,292.00854,0.86964625,260.12466,291.6386,0.85320073
