0.0,0.0,0.14571503,0.0,0.0,0.049673885,0.0,0.0,0.12829664,0.0,0.0,0.30687454,718.10187,199.87418,0.7160011,691.6448,218.16014,0.9662474,720.1268,219.07129,0.9855472,679.3347,246.87788,0.8011891,724.27856,246.47472,0.9337121,681.83264,271.89563,0.59934676,726.1933,269.21094,0.77914554,696.3525,270.07608,0.99154353,714.48474,270.8502,0.99442333,701.4364,307.7319,0.9788245,712.7429,308.2546,0.9846811,702.0277,342.11502,0.95374286,706.6746,343.74005,0.96315676
145.31526,195.14514,0.93213075,149.00513,190.95837,0.9227781,141.67798,191.88483,0.8392817,156.82468,192.2827,0.78597957,0.0,0.0,0.44294506,171.51703,213.67854,0.9855445,133.55821,215.0008,0.98104364,187.76788,238.38094,0.93776816,126.61469,232.613,0.86366427,179.35109,239.58844,0.906133,134.74283,216.5521,0.82494414,166.00195,266.7402,0.99031126,142.58566,267.0884,0.9887988,166.44678,315.11966,0.984487,148.73624,315.17352,0.9791788,165.72906,364.28955,0.96461415,160.13136,363.90018,0.95618594
0.0,0.0,0.14116919,0.0,0.0,0.07049328,0.0,0.0,0.10185835,0.0,0.0,0.41701624,670.9056,203.52167,0.6161819,648.2737,222.1494,0.9509455,675.37573,222.3299,0.9626491,639.9266,246.47469,0.72590923,677.37854,246.91385,0.7970333,0.0,0.0,0.48005566,678.283,270.0905,0.54806805,654.6765,269.08298,0.98197144,671.96484,269.58353,0.98390067,657.0445,303.6988,0.96975344,667.8581,304.24185,0.97075033,660.2628,336.8207,0.9457109,665.2816,337.71643,0.94658256
0.0,0.0,0.267707,0.0,0.0,0.1220172,0.0,0.0,0.1429978,0.0,0.0,0.47112945,339.36865,172.58661,0.50871295,305.0642,197.05734,0.9570668,344.33832,198.95734,0.9472903,293.48502,235.49019,0.8889882,352.2703,231.97235,0.8507203,296.6342,266.97186,0.7904704,352.04,249.95879,0.7443236,309.8288,266.6478,0.9872671,335.52444,267.9218,0.9852379,309.1584,317.06097,0.9801476,329.75815,322.16776,0.977409,307.76114,361.57858,0.9495884,325.3,368.85147,0.9448154
591.70935,184.7354,0.9290536,594.2044,181.60411,0.7891783,588.23846,181.45277,0.92344964,0.0,0.0,0.3948411,580.96686,184.38846,0.85453755,599.67505,207.13661,0.97878337,573.2392,206.57881,0.99445033,605.1434,231.65941,0.8222589,566.3329,232.00848,0.9728799,605.9958,247.53285,0.7813884,576.91296,250.05768,0.94103605,599.224,258.0196,0.98859495,582.3646,258.4968,0.9945214,598.8189,296.5414,0.9752231,586.3016,296.86417,0.98728347,596.2604,333.06644,0.9459688,586.8055,333.59573,0.9666774
0.0,0.0,0.083041005,0.0,0.0,0.035225864,0.0,0.0,0.07467018,0.0,0.0,0.41391638,471.66415,216.42508,0.7440258,443.20212,231.38841,0.95868534,477.874,234.86287,0.9814431,432.9157,251.73392,0.758505,483.90982,259.22308,0.9227925,435.68918,262.2333,0.50274664,485.1589,271.42468,0.7296676,446.71512,276.34372,0.98917866,469.64413,277.85254,0.9930072,445.53308,308.66867,0.9771469,467.62262,309.86856,0.98388624,445.28616,337.81754,0.95853376,465.62018,339.73126,0.9675578
0.0,0.0,0.15031049,0.0,0.0,0.09026993,0.0,0.0,0.08747155,498.5448,204.28035,0.5275095,511.88223,203.75098,0.5695284,492.55176,223.39648,0.9545229,521.60535,222.17369,0.954404,485.60727,247.5274,0.73593134,529.96716,246.24423,0.7420854,0.0,0.0,0.47919327,0.0,0.0,0.49368426,498.90826,268.42996,0.9836157,518.1841,267.90512,0.98406386,502.3237,302.5295,0.98006433,520.51135,302.11426,0.9799073,503.26602,337.48996,0.97250754,519.84717,336.65106,0.9723222
402.14047,205.04324,0.64062417,404.01425,201.98714,0.5653568,0.0,0.0,0.40725803,409.94363,202.59633,0.55204624,0.0,0.0,0.29806182,418.0029,218.26715,0.9392641,406.35458,217.67899,0.93160975,423.4166,238.25226,0.79720175,395.61453,236.16345,0.7394593,419.58908,246.85243,0.7108804,390.18674,245.69423,0.6628465,416.7857,262.9496,0.97453284,411.95328,262.17484,0.9733053,409.3026,297.12143,0.9713581,416.41772,296.23965,0.96675974,403.9602,329.35568,0.9585346,420.00073,327.2285,0.9537743
375.0602,199.34909,0.75435174,377.51578,196.29567,0.7057047,373.39624,196.70856,0.5875258,382.85785,197.59055,0.58478326,0.0,0.0,0.36015922,387.56143,214.84383,0.9338926,368.5698,215.68092,0.9222003,386.46967,235.63692,0.7101702,362.5439,235.54027,0.58977026,374.89566,238.53358,0.6181842,364.63428,235.80476,0.5118159,383.60074,259.95367,0.92958874,371.59583,260.23413,0.9233802,380.0374,295.69156,0.8901554,371.4832,296.06064,0.86888134,382.7536,330.87347,0.8476352,377.32336,330.79257,0.8270121
292.35062,185.03226,0.86182976,295.37195,181.34999,0.6711042,288.9544,181.76543,0.8908486,0.0,0.0,0.26653144,283.4954,184.49579,0.8252068,303.786,207.25212,0.8571546,276.30713,207.85039,0.97391486,0.0,0.0,0.25106475,270.99088,234.80678,0.8663977,0.0,0.0,0.2180066,273.05478,260.04263,0.71846175,299.8695,260.0514,0.816969,282.05313,260.4066,0.92669743,299.89957,298.73618,0.65513355,281.00748,298.57596,0.84395933,298.0251,335.4514,0.6106302,281.59988,335.3671,0.77520025
