0.0,0.0,0.3229378,0.0,0.0,0.16800126,0.0,0.0,0.21706754,180.43286,208.29745,0.5569509,191.10481,208.29263,0.7125911,172.79784,223.79721,0.9843125,196.87372,222.81357,0.987845,162.73842,242.79474,0.90200114,205.13512,241.84474,0.9223695,161.35876,261.6659,0.7688763,206.16718,260.55814,0.7950941,176.34645,258.80225,0.99140394,191.69028,258.1707,0.99276686,178.69699,286.3285,0.9773235,190.64848,285.64264,0.97949684,178.38313,311.68823,0.9498738,188.20961,311.66946,0.9535489
799.18933,144.66655,0.9486034,801.12524,139.50679,0.5940073,792.76764,138.51683,0.9507629,0.0,0.0,0.124573186,769.6733,141.63281,0.9289999,794.39716,184.08556,0.9495016,748.5309,183.09322,0.9969337,809.14624,230.4573,0.7701514,731.44666,241.54034,0.9920908,810.5978,241.1461,0.778162,729.88885,286.45032,0.9826477,790.6397,285.35535,0.9899067,763.0722,285.93878,0.99728894,772.2743,365.27823,0.9819348,768.0835,372.1251,0.9951291,750.97784,436.28534,0.93321085,762.83527,451.60797,0.97002685
0.0,0.0,0.23907772,0.0,0.0,0.23642978,0.0,0.0,0.06282227,307.91196,146.83559,0.7971182,0.0,0.0,0.24657774,296.14297,178.82127,0.98258626,346.26703,178.01993,0.8883764,275.97534,221.55916,0.94985896,343.44843,218.86784,0.56861484,269.8652,238.65038,0.8395519,0.0,0.0,0.44982827,300.6261,260.0238,0.9953335,333.25238,259.37943,0.98782605,305.31726,330.1832,0.9938537,326.59027,331.75824,0.9855156,312.39365,401.25366,0.9808834,322.16647,403.94614,0.9678496
619.9073,200.8872,0.925604,622.34344,198.4024,0.8857881,617.6005,198.46257,0.8402925,625.83405,200.4498,0.7617879,613.9232,200.67015,0.59159213,631.99243,216.46516,0.99076056,609.2145,217.2859,0.9898281,635.1547,234.9115,0.9475486,606.2559,236.44487,0.9191307,625.6007,245.41032,0.9108864,608.7738,249.12619,0.87158144,627.85156,254.67259,0.98894686,612.8127,254.83846,0.9884139,627.6489,283.6316,0.9706886,610.1813,283.5009,0.96533716,626.9127,309.13492,0.928438,610.8252,308.69012,0.9187174
255.62076,216.23372,0.9106216,257.95184,213.54321,0.8560868,252.9878,213.62245,0.8368641,261.19077,214.60902,0.6836862,248.44824,214.65125,0.62582123,265.6688,228.43735,0.9874533,243.1977,228.57913,0.98854595,269.8138,246.55048,0.9267332,236.99359,246.10023,0.9118568,266.8867,263.72223,0.88032,236.09665,260.86905,0.8552625,260.77066,261.42697,0.9868918,246.82028,261.43207,0.98714846,258.52374,288.14526,0.9696102,246.12648,288.08115,0.9665386,254.43375,313.14526,0.934858,246.18678,313.1676,0.9303586
453.3359,212.76544,0.90908545,455.9879,210.59875,0.8737665,452.004,210.49152,0.80644333,460.83636,212.15286,0.7596619,450.20258,211.87633,0.53999406,466.7405,225.64835,0.9894811,445.41348,225.49905,0.9877801,472.06873,240.11513,0.9419008,438.17233,239.42549,0.90330315,466.87897,244.89398,0.9019111,439.98804,244.60124,0.8518658,462.1608,259.6878,0.9899345,448.31702,259.48764,0.9890486,463.65094,285.49222,0.9786687,447.57346,285.11288,0.9737352,466.14447,310.1932,0.95481086,449.84952,309.14175,0.946767
665.5447,209.07805,0.92090327,668.32574,206.21913,0.9161972,663.24927,206.53528,0.8308624,674.23474,207.76697,0.820821,0.0,0.0,0.44184735,681.33044,221.65349,0.99053216,657.63306,223.1634,0.9840374,684.6049,234.96852,0.92678183,653.7279,236.34993,0.8256382,670.142,231.56517,0.8856518,659.6352,232.5832,0.78214425,676.97186,255.40224,0.9858342,661.0223,255.81615,0.98169345,674.64825,280.53738,0.9490635,661.6189,280.67175,0.93252146,672.3655,302.64676,0.86412615,665.50885,302.47113,0.83403236
0.0,0.0,0.3770662,0.0,0.0,0.13012455,0.0,0.0,0.34599248,0.0,0.0,0.09702636,0.0,0.0,0.46960393,0.0,0.0,0.4979582,823.73364,184.21492,0.79952794,0.0,0.0,0.23656975,815.23145,234.62479,0.68112236,0.0,0.0,0.2679369,824.202,242.95932,0.6218236,838.426,287.9401,0.62987536,837.7638,287.28195,0.77502644,836.4609,366.81354,0.5525248,844.5762,365.7471,0.7132473,0.0,0.0,0.35128632,0.0,0.0,0.45980173
0.0,0.0,0.15160458,0.0,0.0,0.09998828,0.0,0.0,0.11338845,0.0,0.0,0.4333098,0.0,0.0,0.44713753,362.49112,228.48691,0.9687654,377.04205,229.35999,0.9690196,356.64172,240.24248,0.82050055,379.8129,241.664,0.8314374,355.22177,248.84769,0.62783223,378.5509,250.17941,0.6390897,363.71567,253.17003,0.98614955,372.7635,253.47308,0.9862213,364.27957,272.74182,0.96582794,371.46622,273.11908,0.9664002,365.001,290.79272,0.94295555,369.94516,291.27734,0.94389796
0.0,0.0,0.29044798,0.0,0.0,0.16778049,0.0,0.0,0.22201198,0.0,0.0,0.40525085,104.87118,223.96426,0.5592072,95.337875,232.80945,0.9433847,106.58744,232.68091,0.9536084,90.38644,243.79105,0.73565614,109.761345,243.42647,0.795505,88.636444,253.25223,0.5791594,110.90033,252.47556,0.63620645,96.46705,253.34933,0.97085303,104.04952,253.38582,0.9734456,94.63314,270.1965,0.9539895,103.55359,270.31973,0.95581084,93.70715,286.03644,0.9413876,102.84718,286.33597,0.94269127
414.29315,225.57004,0.7907667,416.0673,223.79314,0.7680554,413.42508,223.69804,0.647165,419.90396,224.92165,0.6760278,0.0,0.0,0.37662143,423.3139,234.72462,0.980332,410.7848,234.27652,0.970289,423.8222,246.38922,0.8975347,407.18747,245.37248,0.80012405,416.64114,249.75766,0.84459245,409.74677,248.66496,0.7482937,420.42734,258.52853,0.9812104,412.1409,258.22165,0.97734195,420.74286,276.16528,0.95812714,412.35156,275.98407,0.9477927,421.7931,294.41733,0.9229568,414.45944,294.03064,0.9090349
0.0,0.0,0.16335033,0.0,0.0,0.09310585,0.0,0.0,0.15627693,0.0,0.0,0.32174072,129.3497,223.94398,0.5547015,118.400314,231.44272,0.94144773,130.75822,231.8239,0.95696515,114.27464,242.26659,0.69617295,134.16661,242.34132,0.8303876,114.91889,250.02576,0.51623446,136.30753,250.283,0.65494615,119.304756,252.17546,0.97312635,127.15504,252.39722,0.9772978,119.983215,269.5228,0.9493955,126.871414,269.35953,0.9588086,118.64616,284.99036,0.92642635,124.8315,285.3838,0.93741333
