457.43375,184.26474,0.97768116,461.27664,180.67706,0.96872854,454.2208,181.05608,0.93587404,468.7158,183.0269,0.87578833,451.0276,184.24171,0.6325633,479.05814,205.70703,0.9971922,445.76767,207.03723,0.9973585,491.68015,232.13504,0.98541576,433.5463,231.40149,0.9773818,494.68848,258.73914,0.97320336,425.48196,255.1729,0.9601527,472.8009,259.04388,0.99716383,453.21268,259.39542,0.99729973,466.5872,298.23853,0.98872596,455.23526,298.44775,0.98672175,462.10358,335.67368,0.96030444,460.11856,335.69604,0.95477575
545.03876,175.25496,0.95489377,549.6493,171.24883,0.92997533,541.74426,170.94725,0.89483124,557.2852,174.84206,0.76071876,537.117,173.94186,0.5722361,567.183,202.0539,0.99148655,529.12823,201.07512,0.9920046,577.05707,236.24806,0.9608128,521.87854,233.46956,0.9497048,572.7652,266.3277,0.9370513,516.75507,263.1543,0.92078286,556.19543,263.70673,0.9939469,532.8912,262.97455,0.9941766,548.2694,307.4962,0.9858218,532.445,306.75806,0.983742,546.7785,347.9606,0.95933497,539.21893,346.7427,0.95417213
203.97513,179.5022,0.9405295,208.33902,176.30486,0.8671519,201.13474,175.74916,0.8416494,214.68622,180.32208,0.7168818,197.07576,178.72752,0.6307774,222.338,207.65254,0.9900315,187.65797,205.27242,0.9878241,235.57921,240.3664,0.9658762,175.09395,237.37906,0.9508179,231.98972,262.26257,0.9392516,173.14429,267.47455,0.9197208,209.21371,270.55908,0.9942741,188.06851,269.009,0.9932341,203.29012,320.2387,0.98649037,188.60974,318.71484,0.9848973,201.64032,366.08295,0.95467955,192.54645,364.96255,0.95245105
615.81134,175.2105,0.9652883,620.9878,171.84908,0.93881196,611.86365,171.67343,0.9023153,629.7694,174.44559,0.83089256,606.8626,174.00655,0.66332424,637.9125,198.75064,0.99333405,602.7624,199.67606,0.9865493,652.1782,228.76205,0.96829796,593.9829,229.62733,0.921507,654.48486,258.22394,0.9303236,592.9056,257.25232,0.869305,632.5896,257.7733,0.9951208,610.2295,258.34824,0.99278235,632.8469,303.47614,0.9902484,611.4175,304.9545,0.9867247,632.6062,347.1231,0.9726527,615.67114,348.41916,0.9676509
0.0,0.0,0.09279226,0.0,0.0,0.040713564,0.0,0.0,0.06821064,0.0,0.0,0.4623535,743.16,183.72043,0.7241631,716.51917,204.43016,0.96979386,750.432,205.43799,0.9834869,710.279,233.08408,0.80760485,757.9717,234.9234,0.91253775,714.4785,254.2976,0.5515144,758.0484,254.93689,0.7007323,720.8413,262.10956,0.99214184,743.8315,262.70145,0.9944137,719.0821,306.04514,0.98185927,742.84296,306.65186,0.9858086,718.7774,348.78546,0.95677435,742.3871,350.011,0.9635847
289.97116,194.48473,0.9379336,294.1086,190.47717,0.94314545,287.34756,190.47444,0.80008715,302.72363,190.28374,0.8631228,0.0,0.0,0.291176,315.7951,211.43997,0.9918805,278.45477,212.74577,0.98016053,326.47913,240.28253,0.9795471,269.42133,241.76595,0.8657618,316.56802,261.67615,0.9626872,263.8071,264.49496,0.8375268,308.79474,274.0257,0.9959312,284.53766,274.21417,0.99299276,313.79678,321.74313,0.9932092,283.65265,321.511,0.9855804,319.79703,367.14926,0.9802879,287.9758,365.9352,0.96545917
370.04562,168.11737,0.9642322,374.62677,164.25832,0.9233107,365.48633,164.82576,0.8946293,383.77502,168.59677,0.80436736,362.00464,170.12488,0.66989136,401.099,198.02737,0.9937435,355.5298,202.56648,0.98918307,425.295,225.25117,0.9700089,343.96786,238.39696,0.94570684,419.4555,241.94069,0.9378211,340.09448,273.22946,0.90647525,392.57727,273.3626,0.9946719,365.50607,274.1918,0.9933395,384.58707,326.52548,0.98721373,368.36264,326.87207,0.9850863,381.51886,373.6537,0.9563332,375.75204,373.5809,0.9535488
0.0,0.0,0.053963087,0.0,0.0,0.042892594,0.0,0.0,0.032020837,0.0,0.0,0.10458927,0.0,0.0,0.07358703,0.0,0.0,0.2800367,0.0,0.0,0.2681093,0.0,0.0,0.26275116,0.0,0.0,0.22441708,0.0,0.0,0.23627634,0.0,0.0,0.20576517,0.0,0.0,0.3968916,0.0,0.0,0.39648244,0.0,0.0,0.36681983,0.0,0.0,0.35189635,0.0,0.0,0.30458763,0.0,0.0,0.29775512
114.89474,195.63972,0.7019194,116.50063,192.21414,0.65375394,0.0,0.0,0.44050124,120.15239,196.08136,0.6483736,0.0,0.0,0.3171192,128.23575,220.63387,0.9730444,116.17908,218.11755,0.95772797,141.20483,253.17056,0.8994071,102.57947,246.75627,0.7619451,139.57027,277.999,0.8074,89.105194,269.11887,0.6584081,124.25846,276.31277,0.98389536,118.12045,274.77054,0.979287,122.31447,319.70056,0.968508,117.468544,318.5089,0.95451564,123.278824,365.3593,0.9281575,120.328674,363.54166,0.9066112
674.6384,218.48071,0.65737814,676.6943,216.10826,0.6942536,0.0,0.0,0.2888196,682.97455,216.76431,0.80372024,0.0,0.0,0.09251223,688.5019,229.1015,0.96950835,681.76666,228.89522,0.9082829,691.45184,246.4471,0.88479817,0.0,0.0,0.43897438,684.58844,258.08707,0.80277336,0.0,0.0,0.4103985,685.5953,261.20883,0.97439075,681.62384,260.6069,0.9553232,682.17535,288.28104,0.9522195,679.46906,287.7382,0.9104917,683.1245,313.82336,0.9072088,680.31573,312.50403,0.85260236
0.0,0.0,0.06355792,0.0,0.0,0.06645473,0.0,0.0,0.03608205,0.0,0.0,0.11994034,0.0,0.0,0.040748265,0.0,0.0,0.16374323,0.0,0.0,0.104959324,0.0,0.0,0.23280168,0.0,0.0,0.1026874,0.0,0.0,0.24826887,0.0,0.0,0.13119853,0.0,0.0,0.2038599,0.0,0.0,0.16914964,0.0,0.0,0.23322643,0.0,0.0,0.18496765,0.0,0.0,0.21794829,0.0,0.0,0.18429954
654.5184,190.39029,0.84509206,658.44574,187.04317,0.84917134,651.88446,187.14937,0.680334,665.9536,188.90182,0.7465713,0.0,0.0,0.30908033,670.1481,207.86926,0.95694613,649.1983,209.3707,0.91702014,674.25726,229.94481,0.81623435,648.899,234.00209,0.5047494,674.11017,252.6688,0.72312707,0.0,0.0,0.44077206,664.5288,255.89919,0.939181,651.00323,256.1784,0.91216254,663.57135,294.21594,0.90021425,651.5602,294.14185,0.84286946,665.1483,331.734,0.86058825,653.08545,330.9526,0.8080372
0.0,0.0,0.49312672,243.92746,214.66876,0.5048932,0.0,0.0,0.26170126,249.02904,215.83601,0.5469279,0.0,0.0,0.104834326,254.24745,229.73302,0.90104836,241.82216,229.01929,0.79791087,257.3644,248.52025,0.7404806,0.0,0.0,0.38336307,249.44882,260.71057,0.6421026,0.0,0.0,0.3580551,246.67828,265.51672,0.9428409,238.68593,264.64917,0.9155373,245.12634,293.38834,0.9207285,237.61479,292.7466,0.8803527,245.25754,320.31503,0.8813747,239.34856,319.36597,0.8387477
