0.0,0.0,0.3071823,0.0,0.0,0.27694702,0.0,0.0,0.06192054,374.9895,149.40779,0.83790684,0.0,0.0,0.26739976,366.31613,192.90393,0.9827877,428.4766,188.80714,0.9450974,345.34515,254.10802,0.9355166,434.3082,257.32495,0.7223224,345.87076,270.00314,0.82095754,432.18008,297.8552,0.56472117,372.23068,305.04822,0.9913316,415.56094,303.9571,0.9842981,353.7281,391.71088,0.97620744,410.27994,398.8502,0.9607142,349.6427,463.7668,0.87870294,406.4401,476.9537,0.842655
658.2439,154.11491,0.94347733,663.41974,150.1155,0.7033668,652.008,149.30952,0.93867844,0.0,0.0,0.27856052,637.339,151.48961,0.8891219,672.7341,186.85367,0.9677665,623.6167,188.13284,0.996618,691.2241,223.40619,0.7972188,619.9385,219.15533,0.9891026,678.9592,202.61934,0.7243088,639.119,174.97182,0.9675346,670.6492,278.11462,0.99621284,643.95593,282.30942,0.99876165,656.60657,348.21487,0.99547887,666.5555,368.47543,0.99869174,613.4994,400.4737,0.98748547,671.85895,437.1176,0.9942993
494.2111,198.63533,0.9141506,496.81085,195.94492,0.8019005,491.5098,195.83707,0.8880361,0.0,0.0,0.4519027,486.06174,198.74187,0.74569076,504.46927,216.78764,0.97232616,479.77655,216.34856,0.98748827,512.63293,234.79637,0.8478049,477.94186,233.43791,0.9466679,506.0111,230.3207,0.8141384,494.52078,223.78796,0.909573,501.3383,259.55365,0.98542064,483.95157,259.72934,0.990473,504.30206,294.76477,0.9752858,481.55786,294.80447,0.98279566,507.513,327.08612,0.9561759,480.74603,327.24036,0.96666133
0.0,0.0,0.23354684,0.0,0.0,0.09934475,0.0,0.0,0.1837542,0.0,0.0,0.43124107,166.01654,196.86159,0.736086,145.29913,212.80388,0.97816545,170.78862,213.40132,0.98713845,136.32599,233.1813,0.83060426,176.46646,235.9373,0.90952754,140.03932,241.12793,0.6384495,174.84874,247.05807,0.7419318,149.0294,256.07248,0.9936194,166.0996,256.2046,0.995175,149.07387,291.7426,0.98743373,164.92871,291.6793,0.9895381,149.18327,329.27164,0.97731984,163.4622,329.95908,0.97998995
0.0,0.0,0.059190284,0.0,0.0,0.07693977,0.0,0.0,0.014083979,818.4246,175.63847,0.6976668,0.0,0.0,0.11476766,812.88293,196.92795,0.9444431,840.9332,197.3092,0.76765245,801.8257,227.74812,0.8866594,0.0,0.0,0.29375616,799.5118,241.68875,0.6705719,0.0,0.0,0.1814806,816.4176,256.32098,0.9831713,835.88666,256.41306,0.9588759,810.697,303.76645,0.98239934,829.8795,304.53934,0.94907635,816.1089,349.72757,0.9625687,834.87335,349.9406,0.9191465
296.9723,212.4338,0.8445159,299.02597,210.3885,0.67908555,295.29523,210.15894,0.81353325,0.0,0.0,0.4067641,291.59186,211.02867,0.7187545,303.73486,223.77937,0.97070426,284.95627,223.26628,0.9887875,308.70966,237.18188,0.8328814,277.08456,237.22269,0.9552201,310.04764,247.176,0.7858666,276.9772,249.88644,0.91382307,298.73297,255.2607,0.9848454,287.19046,255.06438,0.99093866,296.76544,279.14197,0.9688918,286.6028,278.7537,0.98005414,295.85413,300.89642,0.9449859,286.67844,300.5584,0.9601295
0.0,0.0,0.14161453,0.0,0.0,0.09323716,0.0,0.0,0.1030836,0.0,0.0,0.45843226,0.0,0.0,0.47036067,195.72638,232.14243,0.9464768,211.14375,232.56488,0.9500934,190.73386,245.13043,0.692945,215.51152,245.32288,0.72302604,0.0,0.0,0.4721972,0.0,0.0,0.49281535,198.6081,254.91122,0.9681054,208.55331,255.22734,0.969342,200.20284,271.53983,0.93999845,208.65497,271.47064,0.9426149,200.71748,288.4078,0.91716045,208.43788,288.56183,0.92037624
0.0,0.0,0.32638556,0.0,0.0,0.12892324,0.0,0.0,0.37791303,0.0,0.0,0.21563928,776.9574,213.44604,0.76137674,759.0912,225.32458,0.91280854,775.25226,226.70105,0.95673704,0.0,0.0,0.4957779,777.1621,244.63431,0.8332115,0.0,0.0,0.36382568,779.75757,258.24017,0.6576568,759.30396,258.3193,0.92479753,769.7452,259.33923,0.9465113,762.73,282.0535,0.8063664,771.654,282.36792,0.8689033,759.49115,302.48138,0.6671021,766.3641,303.99478,0.7418043
0.0,0.0,0.44656932,0.0,0.0,0.40718117,0.0,0.0,0.2440201,0.0,0.0,0.3642036,0.0,0.0,0.12623212,691.19073,208.98824,0.8485339,675.03925,210.5081,0.71907216,702.9273,232.7774,0.78903824,0.0,0.0,0.48466125,701.63873,235.80328,0.73514014,0.0,0.0,0.48866573,689.87213,269.81995,0.9412033,680.32825,270.62915,0.9116009,689.1065,322.24673,0.9509403,685.5869,323.26752,0.92200196,687.378,369.1909,0.91274583,687.43646,369.799,0.878932
731.77515,207.73492,0.6176578,733.5835,205.17732,0.5826873,0.0,0.0,0.39769933,736.5824,207.03471,0.7763639,0.0,0.0,0.42532307,735.83484,223.33908,0.970869,741.973,222.87196,0.9558433,732.06024,243.75664,0.7693894,743.25885,243.2084,0.57941705,727.542,250.97351,0.5766411,0.0,0.0,0.40883273,736.2145,260.25125,0.90867895,740.33203,259.81366,0.89108646,731.2226,279.176,0.70745236,738.3042,279.02115,0.64986616,0.0,0.0,0.48889658,0.0,0.0,0.4375949
