505.5476,199.42204,0.8553019,0.0,0.0,0.34123707,501.37646,195.63641,0.90978146,0.0,0.0,0.08630475,491.68918,198.04008,0.9585932,491.07782,217.25275,0.95608604,488.04898,218.69557,0.9966449,494.58096,245.06886,0.5559647,487.51215,248.74477,0.9894728,509.92798,268.97305,0.5515679,500.66544,271.75037,0.9673283,489.7881,271.0444,0.9900315,487.1471,272.52145,0.9976889,497.84323,312.144,0.98265886,490.2129,313.53192,0.9961361,491.58038,351.67636,0.9727841,473.3846,355.27042,0.99113923
0.0,0.0,0.08854259,0.0,0.0,0.04842795,0.0,0.0,0.069080666,0.0,0.0,0.075637214,0.0,0.0,0.16872342,0.0,0.0,0.24530509,0.0,0.0,0.24794582,0.0,0.0,0.17112245,0.0,0.0,0.16377914,0.0,0.0,0.1602566,0.0,0.0,0.17387626,0.0,0.0,0.40990704,0.0,0.0,0.3937012,0.0,0.0,0.49348655,0.0,0.0,0.48372328,0.0,0.0,0.40398747,0.0,0.0,0.387808
118.351295,206.62083,0.94188726,120.49831,204.28708,0.8522922,115.95077,204.24483,0.9272838,123.10463,205.66615,0.51651573,111.4912,205.47978,0.8249839,126.25061,219.4696,0.98484784,105.53437,219.42711,0.99575657,131.3003,235.36072,0.8965424,97.19853,235.0965,0.98212343,131.92613,248.48769,0.8694264,92.296814,250.84616,0.96295047,121.54463,252.5981,0.9897251,109.19444,252.67468,0.9948618,118.48517,277.8236,0.9735416,110.22389,277.70068,0.9853476,116.27084,300.5964,0.95006764,111.29964,300.70728,0.9674074
447.32593,182.40984,0.8957543,447.6004,178.4965,0.5394029,442.8387,178.64041,0.89033765,0.0,0.0,0.24502875,430.07977,182.05156,0.8817725,447.30334,209.64134,0.9604536,418.79004,211.2877,0.99527955,456.5963,249.98187,0.8015815,412.33084,250.85507,0.98769826,462.7731,275.90018,0.7221383,407.5308,278.39676,0.9631851,446.2151,280.44666,0.9917692,427.43982,281.5392,0.99719244,446.08493,328.14444,0.98365295,426.354,329.6699,0.99461305,434.33472,367.57736,0.96219647,414.56247,371.30255,0.98152965
0.0,0.0,0.14820574,0.0,0.0,0.15102026,0.0,0.0,0.053462684,342.94586,188.93886,0.7309357,0.0,0.0,0.31052852,338.17398,205.39359,0.9735212,362.74158,204.96239,0.94320154,331.6883,224.57678,0.90809083,366.90988,225.7269,0.68701345,333.51575,234.27664,0.7394459,0.0,0.0,0.4803717,341.82132,247.17426,0.98846287,357.92575,246.91722,0.98236406,342.50668,279.2058,0.981157,353.66443,279.41437,0.9673632,347.5502,310.1176,0.9637601,355.95206,309.52808,0.9454864
165.96788,203.62224,0.7345624,167.04283,201.54172,0.52167815,164.43094,201.4661,0.68549466,0.0,0.0,0.2929713,160.5542,202.02904,0.59713596,170.01376,213.21361,0.93562824,154.36894,213.07524,0.9703782,170.43329,227.66962,0.7806444,148.71066,227.64534,0.9241703,169.79,233.77202,0.7425198,151.33784,233.95049,0.877589,166.26807,245.62363,0.9676164,156.6173,245.70604,0.9788052,165.60493,272.0253,0.93970066,157.67003,272.0448,0.95844954,161.71454,296.1046,0.90279436,154.70508,296.38284,0.92609453
701.70233,206.01488,0.8896991,703.9875,203.40965,0.85904545,699.8234,203.84799,0.7462049,709.1322,204.42226,0.7642702,0.0,0.0,0.4456938,718.2591,217.99104,0.98786515,694.8387,219.13675,0.9818049,724.1619,234.52419,0.94275767,690.5191,232.67053,0.8651052,712.252,240.01595,0.902975,695.4221,231.707,0.81629634,715.7171,252.04167,0.9887587,700.43866,252.43079,0.9861712,718.22534,279.00085,0.9784289,701.448,279.246,0.9702259,717.06836,304.54718,0.9543013,703.61676,304.29678,0.941621
757.03613,204.84996,0.5459508,0.0,0.0,0.18306151,755.6774,202.12534,0.63719887,0.0,0.0,0.1359752,751.226,203.59856,0.86468166,742.2373,218.02809,0.9041928,747.52203,219.76122,0.98603594,0.0,0.0,0.44892606,747.8114,241.01923,0.9588887,0.0,0.0,0.3888583,752.16815,255.32167,0.88545716,745.3186,256.8519,0.97100645,749.16473,258.2739,0.9901202,749.3191,287.30658,0.9570252,751.5497,288.08728,0.98530453,749.2679,314.7107,0.9451911,747.5951,316.3532,0.975155
773.17706,191.90694,0.7847096,0.0,0.0,0.46858537,769.82214,189.28532,0.7991924,0.0,0.0,0.18813044,761.94653,192.05087,0.79096794,772.154,209.69318,0.9123022,757.6092,211.04292,0.9716671,775.7402,229.7092,0.53416437,756.589,233.42769,0.8949612,783.8591,247.40689,0.50472486,766.26776,250.53331,0.81838036,773.5768,249.97658,0.95004386,765.02136,251.21933,0.97408015,775.7903,281.99835,0.9338102,772.03485,283.15607,0.9661039,771.151,312.34772,0.9155562,770.7028,314.50116,0.94825584
0.0,0.0,0.13322562,0.0,0.0,0.11518553,0.0,0.0,0.07377393,0.0,0.0,0.48549,0.0,0.0,0.26453972,233.18582,221.91168,0.9319915,246.88339,221.26768,0.91786593,231.27269,235.10179,0.7415348,252.22824,234.07446,0.636418,228.56966,241.57555,0.5711822,0.0,0.0,0.466465,238.10915,248.49858,0.97519624,247.3185,248.08623,0.972995,236.90895,273.05038,0.9614611,244.15973,272.55994,0.95600736,239.52213,296.5614,0.93545544,244.12943,295.52283,0.92913604
0.0,0.0,0.2109304,0.0,0.0,0.09387837,0.0,0.0,0.23869298,0.0,0.0,0.25422978,750.3642,206.61638,0.71563286,734.73114,220.03825,0.94439524,750.7323,221.08679,0.9691133,731.66614,239.5553,0.6130633,753.57983,240.71817,0.8583774,0.0,0.0,0.4284398,757.1764,254.7223,0.67761743,739.1863,257.04904,0.9768163,749.9424,257.96085,0.9831729,742.18536,287.3822,0.95496094,752.8888,287.6539,0.9689153,742.2637,315.07343,0.9188053,751.3806,316.1577,0.9387145
0.0,0.0,0.2091456,0.0,0.0,0.17201127,0.0,0.0,0.1249217,200.26022,213.11182,0.6430141,0.0,0.0,0.4465795,197.60678,223.81535,0.9735597,213.80377,223.34158,0.96668786,193.81624,236.9076,0.8209938,220.18936,236.24525,0.7422007,193.69019,248.62708,0.6286059,219.66776,247.70218,0.5380462,201.00958,248.09267,0.98394066,212.02298,247.88315,0.98215854,198.99745,266.92865,0.96746004,212.69055,266.5889,0.9630599,199.556,285.11908,0.95017624,213.74982,284.60495,0.94554365
