0.0,0.0,0.3673718,0.0,0.0,0.2402425,0.0,0.0,0.12365557,419.62503,188.54848,0.71151155,0.0,0.0,0.40170082,413.73746,214.6147,0.985872,457.73346,213.70256,0.96975327,403.4006,252.11848,0.9631578,474.80292,247.99744,0.902538,398.04364,286.52255,0.9080123,471.53488,277.3691,0.82562786,424.35468,276.01852,0.99621433,453.71313,275.44516,0.99465126,418.2922,331.2728,0.99375004,450.3754,330.4074,0.9918532,423.66193,383.54813,0.9808506,454.27505,380.64212,0.97843975
0.0,0.0,0.08457096,0.0,0.0,0.08068397,0.0,0.0,0.03126426,705.9828,201.71057,0.7612698,0.0,0.0,0.42062506,700.6335,226.29387,0.98107266,733.0512,225.13934,0.9775508,692.7195,256.33826,0.92974,743.424,258.11264,0.8838841,692.8375,273.3426,0.7570462,748.09973,278.94998,0.671739,704.61346,284.1795,0.99208564,724.1739,283.59265,0.9914908,709.29095,328.3641,0.97561395,720.0582,328.54703,0.97006816,715.2919,371.58768,0.9269627,717.50665,370.69604,0.91519994
0.0,0.0,0.1420325,0.0,0.0,0.04979005,0.0,0.0,0.120249845,0.0,0.0,0.3803293,533.31696,174.40587,0.754115,502.63232,201.81264,0.9624408,539.47144,204.34291,0.9871923,493.86636,240.79166,0.7827731,548.91364,244.41037,0.94861287,494.4481,273.17612,0.5753128,554.93384,278.0435,0.80605096,510.35376,273.28268,0.991334,533.10474,274.65094,0.9950788,518.1916,328.695,0.97869885,532.05444,329.29895,0.98681414,525.14935,380.0198,0.9421877,529.3816,381.49817,0.9591682
803.1525,210.10497,0.92518723,806.4019,207.04526,0.92101884,800.8182,207.1215,0.7752718,813.4061,208.52159,0.85523725,0.0,0.0,0.38605067,822.90063,225.7802,0.99215925,795.7914,226.45003,0.9828319,829.19354,247.25508,0.9668177,794.1295,248.0688,0.82969046,811.7588,250.13094,0.9413443,805.6262,251.32158,0.7906309,819.7081,272.55206,0.9897938,802.39764,272.48492,0.9839662,818.7783,309.88016,0.9725844,806.63916,309.51648,0.9501761,815.5196,345.02402,0.9294216,813.05646,343.74612,0.89321953
0.0,0.0,0.09377659,0.0,0.0,0.06402109,0.0,0.0,0.046925537,618.794,177.9471,0.67519724,639.08075,178.15382,0.55246776,607.89484,203.58444,0.97571576,649.15625,204.31296,0.97039944,595.8797,238.26381,0.85028565,657.36816,239.44301,0.76408756,595.1583,265.85312,0.57551223,0.0,0.0,0.45636472,616.17413,264.8017,0.99202263,641.75024,265.42947,0.9905757,623.30676,315.89777,0.9856608,638.5127,316.7137,0.98067266,626.7175,366.14035,0.96732974,631.29285,367.0258,0.9591658
0.0,0.0,0.09552079,0.0,0.0,0.05762938,0.0,0.0,0.060356528,0.0,0.0,0.32639498,0.0,0.0,0.3754288,657.1958,244.27649,0.87950325,676.8915,244.97261,0.89174587,655.6892,260.2096,0.6010259,681.8671,263.44092,0.67105395,0.0,0.0,0.39909884,0.0,0.0,0.46100816,659.9317,277.64844,0.9494352,672.66736,277.97577,0.95452464,662.7228,304.3721,0.92277163,673.1755,304.7557,0.92987263,666.90875,330.50177,0.8873999,673.98425,330.64102,0.89469886
0.0,0.0,0.14127657,0.0,0.0,0.073095456,0.0,0.0,0.15367468,0.0,0.0,0.31209132,295.43497,232.29015,0.65485466,282.39062,242.14641,0.9593481,298.07422,242.62428,0.97302794,276.02423,256.68298,0.7103157,302.05545,257.00946,0.8687532,0.0,0.0,0.4950855,302.86545,268.21674,0.6784156,284.40884,269.69617,0.98396784,294.61084,269.89505,0.9872656,285.06772,292.98743,0.9664043,294.91843,292.96753,0.9745796,283.51886,315.55273,0.95165354,292.78577,316.0076,0.961154
0.0,0.0,0.19037555,0.0,0.0,0.17357141,0.0,0.0,0.0879836,0.0,0.0,0.4949082,0.0,0.0,0.2138676,590.0814,246.33376,0.9121043,598.6508,246.2139,0.85661167,581.79425,265.03156,0.7812307,593.6817,265.88995,0.5384252,573.4791,280.10403,0.61950016,0.0,0.0,0.41065803,593.2037,282.90472,0.9508776,598.41693,282.93747,0.9340489,597.9436,310.7638,0.9295573,599.3732,311.0337,0.8972862,599.7719,339.40826,0.8919123,598.2127,339.2181,0.8590462
0.0,0.0,0.14139794,0.0,0.0,0.07895013,0.0,0.0,0.14117065,0.0,0.0,0.3272335,260.9906,236.92822,0.5709119,247.06213,245.63103,0.9464732,263.05844,246.48335,0.9608904,241.5065,258.57974,0.7031063,265.38052,259.01733,0.83670205,0.0,0.0,0.49957377,265.34564,269.52005,0.64173573,248.2351,270.21344,0.9725487,259.00726,270.48276,0.9772051,248.94112,289.3655,0.9369401,259.03622,289.41003,0.9491583,247.7859,306.49454,0.9043429,257.21265,306.91852,0.91873
0.0,0.0,0.23111053,0.0,0.0,0.16098583,0.0,0.0,0.1664547,349.82016,237.1109,0.52506196,357.65228,237.13696,0.5254402,346.24207,247.76466,0.9654418,361.94357,247.82591,0.96630293,341.96826,260.73004,0.76438576,367.16553,260.7432,0.77330697,342.59045,271.0623,0.57894915,367.04047,270.75842,0.5839824,350.1643,273.05447,0.9813362,360.23715,273.16516,0.9817583,349.59772,293.39334,0.9665681,360.4597,293.2238,0.967163,349.51324,312.93774,0.94807625,360.59033,312.90802,0.9491917
0.0,0.0,0.32355085,0.0,0.0,0.2185306,0.0,0.0,0.26432648,0.0,0.0,0.41348767,59.27426,248.4888,0.53250116,52.372948,257.6712,0.9554445,60.936817,257.8367,0.96108717,48.135815,269.95248,0.7610442,63.182674,270.36813,0.8071007,47.348385,280.79407,0.5948655,63.20421,281.28625,0.6436291,56.100273,281.316,0.96103376,61.607643,281.52206,0.9634799,56.990463,299.9589,0.88326305,63.226757,300.0753,0.89119583,57.19054,315.36612,0.7937349,64.1564,315.562,0.80442476
