608.25793,186.52557,0.9385413,611.18744,183.63823,0.8878929,605.40186,183.40407,0.8879599,614.84924,186.05243,0.69440305,599.7928,185.33415,0.69346035,619.82196,204.84386,0.9917778,591.7833,205.02667,0.9935828,626.21716,226.96017,0.9420383,585.99536,229.21254,0.9441887,619.394,241.7047,0.9025118,587.76746,248.00677,0.8980055,613.142,252.83696,0.993097,595.0903,252.93668,0.993859,610.9486,289.4798,0.98016846,594.30414,289.57892,0.97985864,608.6418,324.99734,0.95208395,595.8871,325.24133,0.95129156
0.0,0.0,0.20299757,0.0,0.0,0.10810838,0.0,0.0,0.081262566,0.0,0.0,0.4989471,0.0,0.0,0.35686928,227.36534,200.63264,0.95798814,265.4819,198.95665,0.9512805,217.61012,237.92612,0.903848,270.6096,233.3379,0.8762135,218.43181,260.3946,0.8109178,267.7513,256.30322,0.7813995,230.67181,258.72708,0.99392223,257.51352,259.23093,0.9932562,229.62685,313.02594,0.99243647,264.55942,320.15137,0.99227893,218.4388,358.2876,0.98076713,260.47482,371.92892,0.9807991
470.55618,210.06932,0.88216645,472.81992,207.53435,0.8022061,468.54828,207.7369,0.79595923,476.5742,208.66878,0.61206114,465.27066,209.07603,0.58508974,482.7662,222.44594,0.98389006,459.5925,223.23068,0.98654,489.65326,238.43057,0.91645014,453.81778,238.30812,0.9242823,486.5642,242.01985,0.872757,461.8037,237.83897,0.87830514,480.35986,259.8705,0.98990554,465.2485,260.48016,0.99093527,481.1309,288.1951,0.98098,463.63965,288.61255,0.9812899,482.68466,313.95038,0.960792,465.09702,314.09833,0.96086866
0.0,0.0,0.18578592,0.0,0.0,0.12023062,0.0,0.0,0.13419731,188.82657,215.66702,0.5706142,198.41118,215.83775,0.5901511,183.38924,227.44638,0.9800526,202.85468,227.84865,0.9807443,176.99352,242.62088,0.81620246,209.28276,242.96468,0.8344025,177.83887,256.4913,0.5998539,210.14314,256.57126,0.61672586,186.55576,255.77513,0.98937714,198.67668,256.06784,0.98962116,187.69667,278.21014,0.9743648,198.18208,278.08817,0.9752892,187.66241,298.83243,0.95452195,197.17673,299.10004,0.9561682
355.32205,201.42958,0.8693653,356.93967,198.58115,0.67144245,352.31808,198.70451,0.8619158,0.0,0.0,0.3302928,345.94275,200.52258,0.79604656,360.05228,216.23,0.96035886,340.35443,218.02058,0.98764867,365.93683,231.40254,0.6796084,331.383,239.84332,0.92861855,363.68005,230.99826,0.62960047,334.15125,251.6815,0.86295784,358.3811,259.2645,0.98151934,346.311,260.31018,0.99020934,354.61273,295.2715,0.9751056,347.075,296.2722,0.98582655,351.43484,332.9777,0.9629195,345.94797,334.58286,0.9753185
0.0,0.0,0.4301274,0.0,0.0,0.35417816,0.0,0.0,0.3072164,0.0,0.0,0.45872155,0.0,0.0,0.34279343,313.80057,221.37308,0.968293,310.48947,221.20918,0.9615193,314.20895,234.49745,0.8435405,309.10773,234.15665,0.79837817,311.5394,239.21698,0.75427943,308.99298,239.08316,0.70720154,312.2171,251.90181,0.991585,310.27106,251.77655,0.9908318,311.93933,277.13174,0.9865448,310.189,276.919,0.9852013,311.61215,301.79074,0.97623426,309.54306,301.62766,0.97459215
0.0,0.0,0.32565185,0.0,0.0,0.1644071,0.0,0.0,0.39349857,0.0,0.0,0.08026812,0.0,0.0,0.4489882,0.0,0.0,0.39604813,840.4942,227.66151,0.78392816,0.0,0.0,0.12899989,837.5299,244.20741,0.6860825,0.0,0.0,0.15932378,842.3167,251.44147,0.5810174,851.7957,263.86517,0.5450801,844.556,264.3887,0.7638921,0.0,0.0,0.49138722,844.29004,295.56802,0.71930164,849.30554,327.01727,0.5378103,845.308,327.47485,0.7094099
0.0,0.0,0.28342414,0.0,0.0,0.16359557,0.0,0.0,0.34058502,0.0,0.0,0.07570887,0.0,0.0,0.33285573,0.0,0.0,0.18723105,842.03656,225.83794,0.5190763,0.0,0.0,0.071237616,0.0,0.0,0.4730929,0.0,0.0,0.1023866,0.0,0.0,0.41578075,0.0,0.0,0.22785842,0.0,0.0,0.42163724,0.0,0.0,0.29379344,844.47266,296.07452,0.50343615,0.0,0.0,0.41270584,844.4408,330.65878,0.58066195
663.6405,205.61865,0.902181,666.25214,203.0788,0.8596785,661.0827,203.3152,0.80040413,670.9653,204.88107,0.718664,658.05255,205.6644,0.5349668,675.6057,217.61815,0.9803166,658.0307,219.42258,0.97377557,682.5326,226.41379,0.9014445,658.2248,230.85606,0.8283609,676.5332,216.46724,0.8516683,665.6501,221.39142,0.7721324,671.65875,253.54291,0.96388173,660.37823,254.07724,0.9584793,670.13794,281.39264,0.9075762,663.0329,281.73953,0.88850224,666.33453,303.9896,0.79382926,661.65,303.95987,0.7682053
281.66217,217.747,0.7679496,283.0289,215.97624,0.6699365,280.33124,215.83485,0.7157076,0.0,0.0,0.45523387,277.75244,216.33485,0.56313765,287.87967,226.17029,0.9640343,273.38574,225.83278,0.96655476,294.26965,236.33896,0.760396,268.17197,236.11177,0.8158501,297.8464,247.12611,0.6762515,268.3698,247.01958,0.7279809,284.33795,249.6285,0.9593379,275.97552,249.52573,0.96099216,284.02942,269.2446,0.8939159,277.8699,268.93927,0.9026437,283.13452,286.7204,0.8302317,278.43887,286.9231,0.84162664
