0.0,0.0,0.21446912,0.0,0.0,0.20676412,0.0,0.0,0.055927936,314.34534,133.07303,0.8135225,0.0,0.0,0.2703954,300.83575,166.68262,0.9846014,355.29367,165.92355,0.9082268,287.37094,211.36539,0.94555855,356.4705,214.71494,0.58342654,296.59973,227.5857,0.8200153,0.0,0.0,0.4238522,305.2094,255.0496,0.996636,342.50455,254.46996,0.99143434,306.9038,333.46225,0.9959474,340.8618,332.4905,0.99063617,314.15833,410.662,0.9874308,346.50974,409.127,0.97922665
735.1482,152.82065,0.93022615,737.383,147.80577,0.54914427,728.9684,146.59052,0.92366934,0.0,0.0,0.15453267,710.52734,151.09839,0.90808356,727.1707,193.26382,0.9437666,689.8763,188.7658,0.996994,733.31,233.88182,0.7919211,659.50793,241.7268,0.99327517,741.4666,233.59811,0.8036751,640.9097,278.731,0.9856948,716.8402,280.6336,0.9870674,695.02997,278.80286,0.996657,708.0239,354.6685,0.9794652,709.13385,352.17703,0.9947397,688.01294,421.93668,0.9295672,702.1168,424.46115,0.97038496
194.7617,205.30379,0.5197081,0.0,0.0,0.23338564,0.0,0.0,0.47508746,0.0,0.0,0.46331862,192.0665,204.11731,0.8658921,172.41548,221.05652,0.98090726,195.754,221.01212,0.9902918,160.96219,240.3851,0.80742604,204.10776,242.3607,0.929911,163.451,254.7237,0.6362865,208.1273,259.3286,0.80244046,174.93185,259.59512,0.9871314,189.62561,259.38345,0.9912668,177.26534,287.21518,0.9731224,187.30937,286.703,0.9813293,179.1038,315.53183,0.95450014,185.49052,316.045,0.9651019
789.72253,169.8641,0.96854055,797.7318,166.18175,0.9244866,784.2427,165.6707,0.9391971,808.5463,170.88666,0.7239225,776.153,169.31319,0.76221985,811.8706,203.70062,0.9838111,766.88983,204.91902,0.9895036,823.9352,235.57333,0.89331144,747.15985,239.43002,0.93151623,816.5345,243.29138,0.81491417,745.06757,246.51794,0.8666464,799.65344,285.59393,0.9889058,778.6091,287.51,0.9905628,778.0805,356.77063,0.98482114,807.6216,365.7154,0.98789483,755.89484,417.1937,0.95603687,833.21545,434.0792,0.96201015
454.32413,212.51212,0.9024708,456.7956,210.3298,0.8647117,452.93988,210.28693,0.79544914,461.32507,211.58199,0.75093865,451.00635,211.54578,0.5315495,467.362,224.52617,0.98871106,446.88528,225.04272,0.9866794,473.0036,238.33731,0.93871146,441.25235,239.77522,0.8960698,466.12042,242.15585,0.8973999,443.05017,246.01927,0.8424177,463.50296,258.94998,0.98931915,450.0344,258.97684,0.9882395,465.00034,284.68484,0.9778811,448.0327,284.45078,0.97249955,468.72717,309.05362,0.9537668,450.48245,308.21695,0.9452231
634.4964,201.47098,0.9344622,637.65674,198.7736,0.86842567,632.03925,198.6257,0.90360665,642.05975,200.75995,0.61821073,628.5096,200.41164,0.75637525,646.9131,217.76308,0.98265797,623.6791,217.1332,0.99254215,650.3929,239.39316,0.879187,617.8559,235.9428,0.9586674,646.29285,260.77255,0.8319009,612.56323,254.93748,0.92008233,641.59735,255.83055,0.9800412,627.1068,255.49059,0.9873596,639.46716,283.78226,0.93972075,627.75146,283.23935,0.95783544,636.99615,306.49622,0.8730158,627.65686,305.68076,0.9009503
244.48083,220.47528,0.6434012,0.0,0.0,0.37857142,242.41531,217.76869,0.61551917,0.0,0.0,0.24560007,235.46552,218.8136,0.6334582,240.02158,232.9219,0.89025015,231.7134,232.38924,0.9310777,0.0,0.0,0.49521643,234.23195,242.53622,0.7112316,0.0,0.0,0.4460914,239.31319,240.26106,0.6099006,237.93306,263.3801,0.9380314,232.80244,263.53992,0.95256734,235.3604,288.06558,0.9472292,233.2653,288.2495,0.95885015,235.8216,312.8817,0.9462435,233.61743,313.5159,0.9543493
0.0,0.0,0.34901354,0.0,0.0,0.22523652,0.0,0.0,0.35498226,0.0,0.0,0.15097328,0.0,0.0,0.3636743,0.0,0.0,0.40382385,842.731,226.16026,0.63224864,0.0,0.0,0.17345013,0.0,0.0,0.46964252,0.0,0.0,0.18818003,0.0,0.0,0.39854753,0.0,0.0,0.39634115,844.5443,264.84082,0.5316904,0.0,0.0,0.40399536,846.83215,299.2632,0.53277653,0.0,0.0,0.4560655,848.0243,331.61154,0.55652046
0.0,0.0,0.08947317,0.0,0.0,0.057854015,0.0,0.0,0.07309215,0.0,0.0,0.29004675,0.0,0.0,0.36837888,143.43643,230.49384,0.8767871,156.37416,230.4059,0.89707035,140.03886,243.39085,0.559403,158.74559,242.8447,0.65587515,0.0,0.0,0.36706337,0.0,0.0,0.43679127,146.45529,254.38701,0.9501331,155.26651,254.40414,0.9561002,148.6173,272.15598,0.93693596,155.46849,272.03876,0.94400436,149.7616,288.8264,0.928319,155.38016,288.6916,0.93462384
0.0,0.0,0.23183395,0.0,0.0,0.13625942,0.0,0.0,0.19467698,0.0,0.0,0.44915956,99.50514,222.84117,0.59790677,89.54746,231.2187,0.9733332,101.81048,231.6017,0.9781382,85.23467,242.16794,0.789895,105.095634,242.17752,0.864379,85.206535,250.98929,0.60696864,105.99081,251.15245,0.6950019,90.693,251.94719,0.984892,98.48075,252.0882,0.98637575,91.44161,268.47595,0.96903205,98.70174,268.2947,0.9732205,90.68901,284.10205,0.95344645,98.209946,284.38373,0.9585738
0.0,0.0,0.14341685,0.0,0.0,0.11724744,0.0,0.0,0.078190774,119.67612,226.01093,0.5488337,0.0,0.0,0.31201944,117.46222,233.85527,0.95929444,130.8669,233.54825,0.9484503,113.19216,244.47389,0.8068745,135.75165,244.23952,0.70964533,111.59487,253.57915,0.6176533,135.60057,253.01468,0.50950783,120.376915,254.0765,0.980022,128.73666,253.96584,0.9776064,119.86382,270.32306,0.9600477,127.08502,270.10837,0.95375544,120.856445,285.08817,0.9420108,126.83087,284.70053,0.9355554
0.0,0.0,0.14510834,0.0,0.0,0.08524896,0.0,0.0,0.1185158,0.0,0.0,0.39162326,378.54703,222.17506,0.50291926,366.09253,230.84866,0.9506163,381.12216,231.83516,0.9586444,360.80646,242.02565,0.7012608,383.94855,243.00351,0.7825337,0.0,0.0,0.48854187,384.09802,250.1355,0.5648641,367.4999,254.85307,0.9757488,377.15808,255.27393,0.97787243,368.0945,274.6942,0.9542557,377.24063,274.82837,0.9594224,367.94724,293.28372,0.9309566,376.41455,293.76193,0.9371981
0.0,0.0,0.16449791,0.0,0.0,0.11061752,0.0,0.0,0.13551763,0.0,0.0,0.31481555,0.0,0.0,0.3856397,259.01886,223.8816,0.8675264,270.4111,224.33519,0.8790462,255.29926,236.02068,0.55557966,273.3632,236.47377,0.611904,0.0,0.0,0.4132867,0.0,0.0,0.45293304,259.76343,248.68762,0.94113225,266.73874,248.92105,0.9450715,260.41544,270.4874,0.92792255,265.7206,270.40222,0.9324564,261.13763,290.63986,0.9013849,264.34756,291.08493,0.90628487
