0.0,0.0,0.1952587,0.0,0.0,0.10048832,0.0,0.0,0.044325385,357.12903,120.65959,0.67120165,0.0,0.0,0.4209649,342.4951,160.57292,0.98645025,406.77484,163.98921,0.97646934,324.20358,218.60818,0.96762073,425.7292,224.8358,0.91188186,308.2444,272.8716,0.9142952,417.47226,271.87726,0.8345765,349.5782,274.05014,0.9975992,392.39313,276.4685,0.99648106,335.84143,352.12845,0.99459696,383.5714,360.67694,0.99230593,340.0988,433.44336,0.9684175,384.714,442.92007,0.96175945
0.0,0.0,0.08174028,0.0,0.0,0.074698724,0.0,0.0,0.029595038,556.1429,176.82306,0.73100173,0.0,0.0,0.31523022,552.5913,198.27216,0.9710123,584.4286,200.21147,0.96281683,540.6539,227.03319,0.90743834,590.1972,231.06087,0.81654143,533.1875,252.99168,0.7494822,584.6821,262.05124,0.60678154,552.5943,254.46346,0.99445444,573.9714,254.4884,0.9933688,549.4459,295.52563,0.99263155,571.2412,295.58398,0.9893478,549.6108,336.60556,0.9849807,570.1902,336.03195,0.9801688
0.0,0.0,0.21061161,0.0,0.0,0.103758514,0.0,0.0,0.16985801,77.04552,208.057,0.53234375,88.47412,207.99197,0.7671237,68.691696,223.98355,0.97552866,94.09992,223.52534,0.9853048,63.771275,243.92044,0.80834794,100.465096,241.6469,0.9004689,63.821465,259.16595,0.5815438,99.392006,254.45644,0.7038471,72.42256,260.55557,0.9888073,89.441284,260.54663,0.99131495,70.36503,288.92883,0.976311,86.9084,289.05347,0.97971374,69.25979,315.42075,0.95642,85.39736,316.01987,0.9604334
0.0,0.0,0.10292308,0.0,0.0,0.035790015,0.0,0.0,0.08759055,0.0,0.0,0.28876957,751.1264,188.57295,0.70227814,727.13983,207.08313,0.9540213,759.1175,205.19337,0.9785785,721.61597,232.59065,0.7100313,773.48566,226.20522,0.90597206,0.0,0.0,0.47511324,775.5133,232.63535,0.71190166,732.4129,256.87158,0.9878044,752.4168,255.96767,0.9922822,734.77264,295.91193,0.9676618,748.68085,295.0828,0.9791256,733.79895,331.58905,0.9332482,739.75653,331.34268,0.9512343
0.0,0.0,0.18127124,0.0,0.0,0.17710765,0.0,0.0,0.067169584,169.79599,202.95734,0.76804566,0.0,0.0,0.37405717,166.80939,219.42264,0.9830152,189.92415,218.1179,0.97246766,161.8541,239.2128,0.92668575,196.77255,238.8322,0.81116426,160.38454,253.92929,0.78223294,194.40758,255.58148,0.6145862,172.555,257.1349,0.99195087,187.24052,256.48828,0.98976266,174.55515,285.60696,0.98396075,184.04854,285.36118,0.9766976,177.9475,314.2515,0.9671814,183.86621,312.9193,0.9565644
0.0,0.0,0.11833699,0.0,0.0,0.030195829,0.0,0.0,0.13677613,0.0,0.0,0.14316206,518.01935,192.12967,0.74056685,496.7143,206.61884,0.8740698,520.735,210.09392,0.96074635,0.0,0.0,0.45695677,529.0037,235.85706,0.88644105,0.0,0.0,0.32008192,533.2904,255.9838,0.7090464,496.10092,255.2333,0.97738695,512.65814,256.40738,0.98892653,492.38492,292.71136,0.9755011,512.9451,293.3401,0.98797697,483.4559,328.11978,0.9691693,505.51645,330.39026,0.98186606
0.0,0.0,0.07634624,0.0,0.0,0.03605778,0.0,0.0,0.05068195,0.0,0.0,0.34142348,0.0,0.0,0.49099624,805.2248,210.88605,0.91619086,829.5461,213.07446,0.93382055,797.4065,236.60522,0.6821183,828.4472,239.70694,0.7534686,0.0,0.0,0.45987988,828.3861,258.7776,0.5115266,805.6722,262.60843,0.98173404,823.78284,263.82925,0.98363054,799.67676,300.14633,0.9749292,827.9386,301.37836,0.97504824,795.2496,335.14523,0.95857483,831.07764,337.0251,0.95860755
0.0,0.0,0.17351344,0.0,0.0,0.06722092,0.0,0.0,0.16241087,0.0,0.0,0.35072744,128.18764,208.63885,0.7592849,110.9569,223.24242,0.9647524,132.76955,223.40585,0.9857793,106.35389,241.57263,0.75460494,137.46454,243.72423,0.9296399,108.62102,251.91783,0.5407088,139.82578,257.48996,0.7746972,115.60941,260.23358,0.9894525,130.59517,260.3711,0.99349195,115.10373,287.79062,0.9781154,129.48329,287.64383,0.98539335,115.67921,313.42865,0.9612626,128.91245,313.62885,0.9707083
455.74994,181.28632,0.8790676,458.6305,178.1252,0.7674645,452.09943,177.63824,0.83184874,0.0,0.0,0.4684915,443.53705,179.4689,0.6518636,464.77518,201.94527,0.95899934,434.3023,200.42207,0.9684295,472.1132,224.3531,0.7373535,431.6031,224.81746,0.78927255,462.12247,215.8485,0.67007977,449.48795,219.5744,0.69988066,457.81595,258.5162,0.96950746,438.40274,258.04395,0.9728795,452.78934,308.54648,0.95004106,441.71603,308.10013,0.95240957,449.6598,356.5367,0.9052088,447.24222,355.9922,0.9090231
0.0,0.0,0.07837806,0.0,0.0,0.12224371,0.0,0.0,0.01524084,683.1746,175.15352,0.80038273,0.0,0.0,0.10135772,680.68274,197.96454,0.9592734,710.04486,197.6077,0.8161576,673.4469,228.75664,0.9144422,0.0,0.0,0.3416936,667.68097,246.10588,0.7270037,0.0,0.0,0.21811566,681.66943,256.83273,0.9832851,700.99066,256.04474,0.95959294,678.2296,301.2189,0.98129094,690.8125,301.3797,0.9459887,688.1983,344.31735,0.9627166,695.28076,343.43704,0.9190578
0.0,0.0,0.38235837,0.0,0.0,0.09249301,0.0,0.0,0.47151774,0.0,0.0,0.05627461,644.2081,205.98453,0.73915255,636.16034,216.26498,0.7676989,639.31714,216.89738,0.9491347,0.0,0.0,0.3174648,644.09436,231.32608,0.9084863,0.0,0.0,0.32921493,652.4484,231.2675,0.82636076,632.7487,248.80745,0.93341273,635.52313,249.26671,0.9741101,631.9451,278.4472,0.9285635,637.4232,278.37384,0.9737433,629.0833,305.789,0.9195699,636.4209,307.06335,0.9613321
