0.0,0.0,0.40143228,0.0,0.0,0.09379791,0.0,0.0,0.36372775,0.0,0.0,0.27941114,309.4067,175.76239,0.82834584,270.75845,199.19734,0.94899446,310.07455,204.9488,0.9886453,255.27933,242.17558,0.8154398,324.602,235.77869,0.9723833,265.43643,269.28696,0.73052734,330.8901,224.93251,0.9234165,276.5558,274.53104,0.9911528,299.7111,277.7421,0.99557495,288.81833,326.82874,0.98675007,295.20465,331.95715,0.9933882,283.34518,374.22818,0.9658858,283.2905,381.32983,0.9779149
0.0,0.0,0.07199795,0.0,0.0,0.045264382,0.0,0.0,0.03947354,368.3993,198.90973,0.54187715,386.43945,197.65239,0.5405174,361.9783,219.2583,0.96371555,398.3401,216.44785,0.9740468,354.8305,245.18611,0.7867504,412.35593,239.0908,0.8495207,358.36673,254.32788,0.5108054,406.79303,247.50488,0.58983374,374.2027,270.65683,0.9895382,396.5921,269.71274,0.9912964,377.15442,310.91925,0.9770975,390.86594,310.3813,0.97887415,380.86926,353.2393,0.9549365,384.23212,351.6613,0.9571
0.0,0.0,0.14747114,0.0,0.0,0.04827222,0.0,0.0,0.13323125,0.0,0.0,0.3878665,588.1545,198.16081,0.82510716,560.9149,217.2861,0.97184247,594.02356,218.78728,0.98566437,548.92175,241.93478,0.7801447,601.371,245.5682,0.914645,555.1102,252.67941,0.5366724,602.1403,257.39172,0.7172007,567.9081,270.77487,0.9938019,591.0302,271.55435,0.9957021,566.9135,312.04617,0.9903914,594.47375,312.32806,0.99280155,565.42615,351.8588,0.98244,596.705,353.08163,0.9856852
0.0,0.0,0.1219394,0.0,0.0,0.08102335,0.0,0.0,0.06278789,154.1694,205.89384,0.58755654,0.0,0.0,0.47783569,145.74802,221.61012,0.9588806,173.58974,221.95308,0.9520572,136.76697,241.84085,0.77093977,175.08244,241.97498,0.6851909,142.77834,252.58607,0.5092048,0.0,0.0,0.41563615,150.79648,264.91385,0.9805941,169.78046,265.3608,0.9777295,144.36853,300.34854,0.9639364,166.15103,301.0579,0.952813,141.43248,334.7029,0.93509656,163.60217,335.13922,0.9207689
502.88498,197.45683,0.9091302,506.08075,194.8958,0.8903393,500.8787,194.57928,0.7626076,511.54132,197.10289,0.80469334,0.0,0.0,0.40648815,516.61145,213.52536,0.98995155,494.13812,213.33965,0.9782637,522.85706,233.80777,0.9526386,492.45862,233.9328,0.80496895,519.55817,244.62839,0.9112321,497.02625,244.02159,0.7462404,513.5655,255.13205,0.9879744,498.314,255.32262,0.981805,519.863,289.60413,0.97018224,501.56335,289.79028,0.9492704,527.0337,320.83688,0.9335849,505.61844,320.18552,0.901392
0.0,0.0,0.125626,0.0,0.0,0.080557525,0.0,0.0,0.06953692,681.2667,201.18463,0.51936626,694.41223,200.37793,0.5008745,676.3624,216.69153,0.9681138,701.412,215.57104,0.9734804,672.5578,236.12488,0.84944075,707.4486,236.0681,0.8698463,674.20483,251.5313,0.6433191,706.5455,253.63036,0.67305684,682.4145,255.00896,0.98815256,698.7805,254.55946,0.98964626,683.8508,284.09424,0.97054696,696.5897,283.84445,0.9718596,686.53503,311.70834,0.9409627,696.5241,311.1073,0.94262433
451.40292,202.70338,0.90922046,453.51517,200.14139,0.77993125,448.5848,199.9586,0.891548,0.0,0.0,0.4465648,442.57434,201.72786,0.7915186,459.12405,218.57423,0.9746177,435.85812,218.48567,0.9915376,463.7802,237.1571,0.8128997,428.52728,238.34225,0.95688623,458.83264,250.9881,0.76125634,425.72772,257.29715,0.91296995,456.2222,257.19293,0.9823152,441.36975,257.3539,0.9900775,458.38937,286.98935,0.960719,442.97626,286.88525,0.97607577,459.00653,313.2912,0.9261191,443.08014,313.2073,0.94818825
0.0,0.0,0.32755664,0.0,0.0,0.37412423,0.0,0.0,0.108190596,644.36456,216.80713,0.7463325,0.0,0.0,0.17177497,643.33356,231.00027,0.9579734,657.1022,230.42982,0.86425716,636.32587,249.0538,0.87253636,0.0,0.0,0.40384746,629.3008,258.66724,0.7309926,0.0,0.0,0.32477775,643.85364,266.94073,0.9738176,653.0528,266.38693,0.94895786,642.55566,295.79156,0.97425395,648.989,295.83386,0.9430778,644.7412,324.63483,0.9643874,648.4387,323.80887,0.93605095
530.89215,204.28328,0.8281263,533.1902,201.69788,0.7625529,529.1321,201.88466,0.69301486,538.062,203.22606,0.63103545,0.0,0.0,0.46464258,542.6703,217.9166,0.9626525,526.69,218.92668,0.95653987,544.83307,234.90042,0.8116412,525.7029,236.84863,0.74252295,540.6739,245.65155,0.73040384,525.8622,247.47948,0.65918356,540.9808,254.0869,0.95588624,530.8291,254.46437,0.95328826,542.7142,283.89197,0.92538625,533.17194,284.12872,0.91611415,546.4852,312.0914,0.8806665,536.01996,311.78857,0.8697202
0.0,0.0,0.22357288,0.0,0.0,0.08611273,0.0,0.0,0.2118436,0.0,0.0,0.099733956,0.0,0.0,0.41605312,320.0001,217.92738,0.7275434,322.07455,221.08725,0.8261326,0.0,0.0,0.4613397,330.80386,244.0664,0.7210077,0.0,0.0,0.40251502,335.20825,233.46846,0.6039204,322.2439,275.74207,0.9107493,323.60767,277.69894,0.9333914,326.06616,317.46228,0.9072359,325.3412,319.23773,0.9322362,326.50204,356.10464,0.8709877,323.8655,358.94144,0.89707917
0.0,0.0,0.16248025,0.0,0.0,0.17951149,0.0,0.0,0.048935127,209.84085,215.22781,0.7513041,0.0,0.0,0.23394312,208.53711,229.11523,0.9574202,230.48918,227.42734,0.87918127,203.03079,247.22995,0.8449449,0.0,0.0,0.4318456,202.17981,254.79112,0.6206236,0.0,0.0,0.27656806,219.46416,264.24597,0.95937425,234.59895,263.58502,0.9293564,217.05786,291.04892,0.9266476,235.33287,290.63437,0.86419946,218.90717,319.02533,0.8703697,238.8877,316.84662,0.8023717
