0.0,0.0,0.46270987,0.0,0.0,0.1152468,0.0,0.0,0.43198204,0.0,0.0,0.3007483,86.5422,135.39365,0.90141773,34.26578,167.02531,0.9487065,92.68006,171.76897,0.9921719,20.320074,224.83954,0.7563534,100.46604,223.29323,0.97244227,17.223051,269.53036,0.65318054,89.55818,250.12811,0.92371106,37.47994,266.5593,0.9894655,77.142,270.26965,0.9954353,40.661755,338.82007,0.98715717,83.129974,349.79257,0.99453694,26.077484,405.58087,0.962303,68.05711,422.27103,0.97787607
0.0,0.0,0.12261012,0.0,0.0,0.08754224,0.0,0.0,0.055597927,153.26364,205.66008,0.5967752,0.0,0.0,0.40353677,147.28006,221.235,0.9579457,173.43785,221.5416,0.9484594,139.7057,242.57175,0.7798281,174.84727,242.88734,0.6764075,142.26323,252.69604,0.52934986,0.0,0.0,0.4226227,151.87799,264.46133,0.98299974,169.71704,264.73468,0.98006904,146.27728,299.1308,0.9717207,167.12978,299.70145,0.9622647,144.87231,333.902,0.9502704,165.7283,333.79742,0.93833834
0.0,0.0,0.1457603,0.0,0.0,0.086176895,0.0,0.0,0.08943812,595.75977,196.9615,0.5996618,610.69995,197.28477,0.6220344,586.38617,217.91478,0.977962,617.5352,218.09364,0.9842876,576.1224,247.57684,0.85688436,625.0025,246.15135,0.8923137,576.2685,273.32104,0.62649924,628.33075,268.5888,0.6687995,591.75665,271.53003,0.9913833,610.8015,272.094,0.9924982,595.89136,311.4331,0.9761595,607.236,312.2754,0.9764732,600.05304,349.7507,0.94596344,601.9426,350.6514,0.94593775
0.0,0.0,0.1505633,0.0,0.0,0.03003395,0.0,0.0,0.14949924,0.0,0.0,0.112728916,390.48257,186.04048,0.6992448,358.57962,210.10808,0.7891707,395.02905,210.39734,0.9669471,368.75842,232.85507,0.5110255,418.34067,228.11127,0.939614,0.0,0.0,0.38745514,408.82474,199.68517,0.8279333,362.0839,282.7905,0.9651249,389.58817,284.18936,0.986447,356.6668,329.52774,0.9637628,401.6916,330.62027,0.986672,349.68008,372.51398,0.94048846,416.59003,375.00955,0.96866757
475.5122,195.00443,0.9104802,478.58475,191.83716,0.8995909,472.77982,192.33865,0.78243124,484.57056,193.66081,0.8032588,0.0,0.0,0.4268201,494.21988,211.07014,0.9882804,467.37186,212.39795,0.97693574,506.062,229.05573,0.94758576,466.0146,227.22717,0.8127195,500.07794,231.96533,0.9095902,476.55643,216.75616,0.76417613,490.78992,256.73727,0.9879921,473.217,257.2412,0.9827372,491.67062,292.15738,0.9757857,474.08945,292.56573,0.9612566,491.45288,325.42157,0.944186,475.60895,325.35422,0.9219167
0.0,0.0,0.08980957,0.0,0.0,0.05049933,0.0,0.0,0.058802687,0.0,0.0,0.42487663,699.6339,202.9928,0.53255427,680.704,218.4815,0.96313876,705.44556,217.39145,0.97402894,674.1355,236.7629,0.83325803,711.8828,235.83789,0.8845087,675.0096,249.30333,0.63030744,711.57806,249.12337,0.6987804,687.2216,253.7877,0.99156475,703.39435,253.60573,0.99311936,690.44165,281.25308,0.984227,703.7008,281.2149,0.9858612,692.36365,309.1753,0.9724143,703.0756,309.0218,0.97430104
546.69464,205.26219,0.82959235,548.6657,202.89122,0.7123942,545.7196,202.8821,0.73056126,552.4506,204.56506,0.5342727,546.54987,204.29356,0.5983052,556.2721,220.2943,0.9698167,543.75574,219.3164,0.9813116,560.4815,238.83397,0.8061395,532.9018,235.99376,0.88487977,560.3805,253.92929,0.7226101,525.9859,250.39369,0.8036622,552.69214,259.25784,0.9789989,546.00275,258.77567,0.9837864,551.38214,288.55444,0.9640108,547.9512,288.03116,0.9699228,553.1912,317.73752,0.9365273,551.41895,316.711,0.9439533
0.0,0.0,0.10291053,0.0,0.0,0.056019068,0.0,0.0,0.07000275,0.0,0.0,0.25207043,0.0,0.0,0.37135807,635.38525,223.18773,0.8584625,651.2887,222.74068,0.8881877,633.1147,239.75136,0.5851603,655.9895,240.343,0.7059057,0.0,0.0,0.41529638,656.00366,253.379,0.52238005,638.7861,257.7107,0.9594068,649.3462,257.35596,0.96618074,636.59924,286.46555,0.95249814,644.4081,286.07156,0.9594103,639.57605,314.29224,0.9355041,644.82404,313.7809,0.9423122
0.0,0.0,0.09847311,0.0,0.0,0.06137068,0.0,0.0,0.054346364,0.0,0.0,0.4605807,0.0,0.0,0.42410755,319.30588,228.91945,0.93783903,351.26865,229.71007,0.8891033,308.03342,252.2923,0.7267906,0.0,0.0,0.47157064,0.0,0.0,0.42820135,0.0,0.0,0.2442916,325.10345,277.85614,0.95524865,345.78052,278.30048,0.93537086,332.8088,315.26334,0.89835054,345.72375,315.7806,0.8502558,337.34967,349.71143,0.81812334,343.10547,350.65964,0.76448846
0.0,0.0,0.09722378,0.0,0.0,0.045474336,0.0,0.0,0.07718677,0.0,0.0,0.09012535,0.0,0.0,0.22007191,428.0815,217.95598,0.53601444,431.55734,218.63846,0.5721967,0.0,0.0,0.3090996,0.0,0.0,0.3866867,0.0,0.0,0.26697993,0.0,0.0,0.32267725,427.07413,271.61523,0.8644195,429.3026,272.11252,0.87574095,422.58994,314.25946,0.91840565,424.7937,314.88724,0.92288077,425.21274,356.7299,0.90200454,424.9846,358.15616,0.9054511
0.0,0.0,0.16679989,0.0,0.0,0.18623355,0.0,0.0,0.046825238,209.125,215.71362,0.75017005,0.0,0.0,0.20755997,209.42802,229.8514,0.9615696,230.40407,227.98248,0.889138,204.89911,249.77428,0.8758089,0.0,0.0,0.47268403,202.64122,255.95647,0.67900234,0.0,0.0,0.31384164,222.35692,266.1206,0.95555806,237.34247,265.40228,0.9234115,221.59479,288.6737,0.8949739,241.13953,288.16235,0.81055415,223.188,315.4603,0.80238503,245.31142,313.11035,0.71140915
785.1838,225.2843,0.50915825,0.0,0.0,0.2703511,0.0,0.0,0.467439,0.0,0.0,0.24478473,783.3958,224.15425,0.61595845,781.80444,232.34451,0.92644197,781.0035,232.26395,0.96747565,783.3673,243.11223,0.6727545,779.534,242.97763,0.8952226,786.7804,250.80891,0.5933195,781.51245,251.01266,0.8093013,782.5822,255.207,0.9713713,782.4493,255.4074,0.9819219,783.53217,273.97455,0.95713407,781.93524,273.9021,0.97247136,784.0984,291.70566,0.94419205,780.9717,291.757,0.9596677
