0.0,0.0,0.06351852,0.0,0.0,0.046894334,0.0,0.0,0.030027483,300.31592,206.69104,0.6375984,0.0,0.0,0.43439686,294.43512,223.64233,0.97212213,328.10315,222.82843,0.9745849,284.72275,249.02383,0.90244335,339.4606,246.66147,0.8875705,280.96237,269.6965,0.7326895,337.88882,268.86572,0.69472885,299.74207,268.6846,0.99469733,321.14938,268.0619,0.9947096,298.56018,308.44287,0.9910808,316.2706,307.90744,0.9894721,299.41266,348.40204,0.97960174,312.81854,347.279,0.9767308
0.0,0.0,0.32742438,0.0,0.0,0.12762299,0.0,0.0,0.28663704,0.0,0.0,0.42560437,527.1088,199.46138,0.80329084,504.054,219.21773,0.974944,531.1551,219.96585,0.98846495,494.68127,245.07953,0.76650757,539.55334,244.98322,0.9119092,496.06174,262.73013,0.552857,536.65,263.0106,0.7306617,510.53812,269.73914,0.98851913,527.19934,270.26248,0.99201715,511.4543,309.04578,0.9727611,521.1647,309.27567,0.9790411,514.0216,346.62982,0.9454909,515.86505,347.7888,0.9543486
0.0,0.0,0.24626559,0.0,0.0,0.22711262,0.0,0.0,0.07477697,792.9376,199.3821,0.6980603,0.0,0.0,0.22990263,785.4153,228.26994,0.9708222,825.7696,226.45653,0.8664596,773.6332,262.87003,0.93336266,840.64624,258.7384,0.6045952,773.0697,280.24313,0.83119535,837.0434,270.2836,0.50374466,793.4967,292.46692,0.9917293,818.21216,292.18884,0.98089087,799.4977,341.9285,0.9896303,811.12994,343.05908,0.97829604,808.55756,391.13412,0.9745402,807.0045,392.48,0.960638
0.0,0.0,0.13982232,0.0,0.0,0.14993031,0.0,0.0,0.042407602,731.8734,185.62787,0.8930151,750.6952,184.14787,0.5124526,723.7544,212.59938,0.9874414,763.21155,210.5887,0.97533154,712.5858,246.50212,0.89945966,771.56976,244.72975,0.6915117,720.29333,269.64594,0.61786485,0.0,0.0,0.36006024,732.44727,279.90405,0.9913291,758.17596,279.33722,0.98741955,731.10614,329.59262,0.98005,755.3789,329.92456,0.96601605,731.8566,378.6155,0.9504475,752.8736,377.2868,0.9270938
0.0,0.0,0.16232115,0.0,0.0,0.123755835,0.0,0.0,0.073481604,570.50287,217.09343,0.60214204,0.0,0.0,0.4110266,565.4167,236.18306,0.95754844,593.25214,234.57356,0.9413341,559.90656,261.9251,0.8260727,601.4774,258.80594,0.72042656,559.94086,282.16995,0.61413956,597.9848,276.96808,0.5060278,570.48395,283.4554,0.98057246,588.6254,282.8354,0.977004,573.02527,315.4348,0.9701609,588.20844,315.2404,0.96231616,575.8744,347.78818,0.9529742,587.71594,346.9494,0.94427973
0.0,0.0,0.062012363,0.0,0.0,0.03144945,0.0,0.0,0.044725966,0.0,0.0,0.39976892,396.54272,200.58177,0.5482826,371.94785,219.17537,0.93502116,403.30026,220.02591,0.9424861,361.28052,242.89572,0.6542421,410.2774,246.32063,0.69048434,0.0,0.0,0.36480445,0.0,0.0,0.38540584,379.27704,268.54782,0.98006415,398.9859,269.10568,0.980379,378.0444,307.36462,0.9689603,394.12375,307.96448,0.9663844,378.68515,347.96402,0.9510817,388.2514,348.8137,0.94750386
0.0,0.0,0.10009412,0.0,0.0,0.03467863,0.0,0.0,0.105493225,0.0,0.0,0.19468117,465.97574,232.70021,0.66142404,447.78137,246.60143,0.9099734,468.65292,246.97774,0.96224284,442.804,265.37122,0.6488059,472.4946,266.89474,0.9007584,0.0,0.0,0.46152773,477.22305,281.96286,0.7370451,450.51288,282.2515,0.9743819,464.11353,282.38712,0.984278,453.2655,308.82675,0.94849175,462.02338,308.6939,0.96735036,454.17365,332.20975,0.9129057,458.9393,332.84137,0.93649614
0.0,0.0,0.12766275,0.0,0.0,0.08195488,0.0,0.0,0.072280996,0.0,0.0,0.3613905,0.0,0.0,0.34205183,608.44446,242.86353,0.91126853,625.6269,242.52856,0.9148376,603.4992,256.7808,0.7240751,630.9023,257.34995,0.7361904,602.89417,265.46252,0.5499897,629.59357,266.67798,0.5657974,611.0705,272.83804,0.9663585,622.2187,272.51434,0.96922696,611.8197,296.64832,0.94568694,620.19006,296.48505,0.9480575,613.46265,321.35388,0.9160856,619.37946,321.07632,0.91895944
0.0,0.0,0.12666757,0.0,0.0,0.06349355,0.0,0.0,0.100394264,0.0,0.0,0.314846,430.07825,216.03247,0.52797663,413.6141,229.48494,0.8996587,435.6852,229.32991,0.93286514,408.02097,247.26778,0.54178536,439.04437,248.30867,0.7078816,0.0,0.0,0.32824868,0.0,0.0,0.45395097,418.00824,264.03638,0.96523076,432.59348,264.0038,0.97202736,417.43573,295.00055,0.94979465,431.28375,294.82956,0.9574501,417.5687,326.39694,0.93538696,428.18457,326.20282,0.94238806
0.0,0.0,0.3663899,0.0,0.0,0.2683211,0.0,0.0,0.28955823,0.0,0.0,0.4440919,221.62712,239.37505,0.51143354,214.07182,249.07669,0.96837884,223.04059,248.79707,0.97041774,209.82646,261.56067,0.81045336,225.92285,261.54214,0.83100384,210.24536,272.6538,0.69655037,225.42087,272.58826,0.7136434,215.1945,272.32028,0.9868466,220.32088,272.2756,0.987392,215.21275,291.28796,0.9777489,219.19374,291.2053,0.97860193,214.4303,309.63666,0.96587956,217.78845,309.96332,0.9672975
0.0,0.0,0.17174959,0.0,0.0,0.13783924,0.0,0.0,0.08917993,232.94876,239.40166,0.5881554,0.0,0.0,0.33282745,232.20009,248.66147,0.9636593,246.25067,247.94893,0.95274377,231.16917,261.61322,0.8092191,252.0693,260.57803,0.7111539,230.75229,272.16122,0.61627346,251.77757,270.81226,0.50973934,236.49391,272.01535,0.9793553,245.93423,271.7001,0.97691965,234.87218,291.6671,0.9588316,244.08667,291.18817,0.9523145,235.63956,309.93872,0.9308664,243.53374,309.11697,0.92321426
