0.0,0.0,0.12366327,0.0,0.0,0.10315109,0.0,0.0,0.03841656,278.7342,160.86612,0.62010443,0.0,0.0,0.2322052,268.0588,188.54146,0.9611922,314.70093,183.69139,0.8756981,259.92883,231.92767,0.90369844,312.92108,218.89386,0.62268806,263.43304,242.32616,0.75452083,0.0,0.0,0.4779892,275.84134,255.95703,0.9950486,306.8858,254.83255,0.99050385,280.20377,316.35168,0.99647164,306.5387,317.46396,0.99384016,285.40894,375.97144,0.99287355,309.95255,377.796,0.9901957
609.45984,194.74857,0.93021077,612.3326,192.31425,0.87952715,607.1846,192.00912,0.86953866,616.1691,195.08342,0.70724404,603.16766,194.25673,0.6649551,620.74207,212.73322,0.98988813,597.1711,212.27615,0.9916963,625.7007,232.76031,0.9369947,593.123,233.10124,0.9377909,619.7619,243.16872,0.8990154,595.6746,245.97552,0.89322937,614.1449,254.82474,0.9900002,598.87164,254.47232,0.9909326,612.32916,286.70264,0.97423697,597.43756,286.22498,0.97379375,611.9873,316.48132,0.9369612,597.9144,315.75565,0.93594444
0.0,0.0,0.12851219,0.0,0.0,0.08269725,0.0,0.0,0.085512005,184.29326,211.70918,0.5721912,195.6692,211.88042,0.59068537,177.0614,224.65193,0.9705063,202.17213,224.76273,0.9757412,169.34898,241.8224,0.85277396,210.0406,241.28192,0.8753178,168.25452,257.27408,0.65280414,211.00092,255.23854,0.6785718,179.74443,257.47937,0.98868155,195.6765,257.7114,0.98950785,181.76381,281.65393,0.9771657,193.55975,282.13733,0.9764617,182.24696,304.06604,0.9592855,190.0701,304.53745,0.9576642
465.947,212.90555,0.8521571,467.95743,210.77391,0.76260424,464.2388,210.75945,0.75390416,471.37393,212.09056,0.56415164,461.24365,212.11403,0.53725004,477.37225,223.69139,0.97786736,456.4197,224.48239,0.98132837,483.68066,235.59248,0.9115992,452.17032,238.33936,0.9155755,475.98453,228.80376,0.8765171,458.49936,233.70366,0.875582,472.81403,257.64218,0.9883797,459.68124,257.79413,0.9891444,471.36353,285.264,0.9801809,460.6376,285.17862,0.979622,468.09915,310.72604,0.9620463,461.16,310.37433,0.96141255
662.99457,205.37497,0.91034395,665.71466,203.28467,0.871308,661.27484,203.07068,0.8078981,669.6499,205.5644,0.753075,658.31683,205.00452,0.5397639,673.45886,219.86821,0.9872623,653.7273,218.91272,0.98341066,677.32355,235.47905,0.9328657,648.7095,231.63129,0.8763407,669.4524,235.23418,0.8882908,652.51605,227.41136,0.8213125,666.6493,253.94586,0.98216367,653.42896,253.49335,0.979543,666.78217,281.33212,0.9564034,652.32086,280.93997,0.94465464,668.6553,305.02707,0.9004,652.89703,304.14188,0.8807797
0.0,0.0,0.4926919,0.0,0.0,0.24102525,849.19354,212.64102,0.5096751,0.0,0.0,0.12387894,845.6101,212.60071,0.56950283,847.9506,225.51303,0.75399953,836.83954,225.2456,0.9257237,0.0,0.0,0.30513123,823.2246,241.68309,0.7939982,0.0,0.0,0.28547618,820.507,258.06427,0.6656317,843.39905,259.94534,0.8960249,836.506,260.28607,0.94765145,841.0929,290.51764,0.8825464,834.4459,290.74518,0.93877035,836.9613,320.26718,0.87616193,830.8287,321.1424,0.92433316
0.0,0.0,0.2623815,0.0,0.0,0.105385646,0.0,0.0,0.35777473,0.0,0.0,0.047365982,0.0,0.0,0.45863476,0.0,0.0,0.2909627,841.57007,225.2229,0.766581,0.0,0.0,0.11442191,831.81287,244.51343,0.79362386,0.0,0.0,0.15702169,832.55554,261.7799,0.7007267,0.0,0.0,0.48635122,842.0204,262.45847,0.75558054,0.0,0.0,0.46993697,845.2304,296.79138,0.7463869,841.42804,326.89685,0.5153945,841.6565,326.91766,0.72621876
0.0,0.0,0.21411277,0.0,0.0,0.09973151,0.0,0.0,0.2420226,0.0,0.0,0.26934147,136.29211,220.17444,0.7129162,124.997215,229.32042,0.9448432,136.76097,229.68863,0.9674588,122.42622,240.86964,0.6437714,140.74586,241.29303,0.8667567,0.0,0.0,0.45745203,144.78874,250.4103,0.6920321,126.69112,251.62541,0.9611409,134.48276,252.01935,0.97080696,128.09372,268.47833,0.9092737,135.6239,268.43246,0.93564796,125.14392,282.58463,0.8641855,132.59996,283.3091,0.89527684
491.48886,225.77953,0.72141033,493.15683,223.71655,0.6847018,0.0,0.0,0.49410182,497.6317,224.30386,0.64438295,0.0,0.0,0.29573724,503.1451,233.53255,0.9616409,492.1255,234.77078,0.92862236,507.12286,243.82686,0.8699508,490.48383,244.6174,0.66601115,502.6448,242.87918,0.80005026,490.3907,239.31378,0.61607355,503.16403,260.18222,0.9661882,496.62524,260.66165,0.952494,502.1594,282.12015,0.9507459,497.94702,282.51562,0.9257546,505.71747,301.36063,0.9211382,502.16486,301.00082,0.8933848
0.0,0.0,0.26822856,0.0,0.0,0.16795471,0.0,0.0,0.1890083,0.0,0.0,0.43429816,246.65865,216.54144,0.5257295,233.2069,227.08617,0.9368832,250.39587,227.67125,0.95203716,229.1601,239.2761,0.70715284,251.7568,241.17426,0.7863899,227.2665,247.93053,0.5389192,251.19722,249.89638,0.61480117,236.73799,252.17874,0.9651051,248.17487,252.41293,0.9712713,237.86865,270.4593,0.9472488,246.94043,270.5919,0.95413566,240.04042,289.66266,0.9266786,246.21954,289.87927,0.9337795
414.96478,226.77104,0.85013294,416.8333,224.94116,0.8349381,413.8689,224.84444,0.73291594,420.7431,225.85023,0.71190304,0.0,0.0,0.40850437,424.4198,235.36107,0.9804797,411.08948,234.9782,0.97095686,426.14783,246.29416,0.89796734,406.9548,245.12404,0.80657303,420.5499,251.12094,0.8570402,407.54016,249.87125,0.7719621,421.28583,258.4117,0.9796438,412.85873,258.0733,0.9754617,419.01236,276.1888,0.95362794,412.11258,275.81448,0.94210577,419.06796,293.23145,0.9118295,413.56744,292.7184,0.8960101
