0.0,0.0,0.21076883,0.0,0.0,0.0978991,0.0,0.0,0.06394225,282.69342,150.61101,0.6810735,310.35278,150.15738,0.5099929,265.29254,182.9336,0.9915992,322.87924,183.99553,0.9822359,245.93579,227.63727,0.9776203,334.1384,230.91531,0.93306893,240.3885,261.07538,0.9308864,327.9581,268.1392,0.8565692,273.33612,269.0973,0.9988457,311.00446,269.86087,0.99822325,271.09573,328.01807,0.9977125,301.66055,331.85632,0.9966545,271.66147,385.21555,0.98988765,297.20264,390.9238,0.9872687
474.89743,146.76591,0.9277808,477.35657,141.83481,0.6006173,470.35425,141.6934,0.93101996,0.0,0.0,0.22114792,454.93503,146.39888,0.9086585,472.65417,182.37648,0.9511249,435.55112,183.6162,0.9956344,475.5221,230.1281,0.77567077,422.88104,233.83159,0.988452,489.75143,271.3067,0.7220194,425.18283,277.94492,0.96752185,471.5323,268.87247,0.98940945,444.67023,270.68277,0.99664116,482.5867,330.85822,0.97671825,437.71686,331.72745,0.9926051,491.325,390.2975,0.9360491,434.28662,392.86176,0.9688718
0.0,0.0,0.061540123,0.0,0.0,0.043203186,0.0,0.0,0.029977266,796.7788,201.99416,0.69073904,810.4493,201.56215,0.574437,786.9359,222.0907,0.9728301,819.50684,221.10402,0.95989734,775.45074,246.53702,0.83038795,829.4994,242.7206,0.69632393,773.6978,257.8136,0.52134955,0.0,0.0,0.37345243,792.36646,271.50616,0.98955834,815.758,271.5109,0.9869415,785.7312,310.13617,0.97961557,824.59454,310.82294,0.9712534,778.6106,347.08948,0.9582307,827.4157,347.53314,0.9461206
0.0,0.0,0.38763645,0.0,0.0,0.40022144,0.0,0.0,0.15632859,655.64703,181.79433,0.8972677,664.8224,181.77217,0.5208321,649.7998,202.07814,0.9879605,677.10443,201.34555,0.97682947,641.7021,229.90547,0.9126452,685.25214,227.67271,0.7089884,640.58185,251.83104,0.7286666,0.0,0.0,0.4619653,654.9847,253.26178,0.9886037,672.90967,252.97414,0.98324376,651.8593,295.26062,0.9799666,668.9689,295.4644,0.9646123,654.47485,336.9397,0.9572766,669.11816,336.03433,0.9347488
0.0,0.0,0.2558903,0.0,0.0,0.10548216,0.0,0.0,0.23784865,0.0,0.0,0.39721406,85.30631,210.06828,0.78563607,67.56984,224.77983,0.96819156,88.853134,224.38972,0.9838074,61.521385,243.55629,0.77128935,94.75039,241.76065,0.91153145,60.859562,257.84222,0.5708648,94.80384,254.97803,0.7485129,69.02082,259.27002,0.9858019,82.946014,259.0597,0.98992646,68.935356,284.86707,0.97034913,79.59603,284.66205,0.977498,70.65217,308.26443,0.9485574,79.08409,308.92065,0.9571061
565.6666,166.77362,0.9353468,570.612,163.60548,0.84644955,560.9391,163.41405,0.90490454,575.68994,168.50089,0.5712126,552.3816,167.84805,0.74760073,578.36444,196.47945,0.9647522,543.9386,195.8484,0.9773631,588.6919,229.79083,0.79651105,534.4416,227.32637,0.88262385,582.3496,241.00868,0.68731135,536.4717,231.95723,0.78968334,563.5467,261.63528,0.981222,544.83563,261.3382,0.984823,549.62396,325.47522,0.9811405,558.0174,327.58444,0.9855827,537.5686,381.71356,0.9643881,569.8103,386.74756,0.97019917
0.0,0.0,0.28172702,0.0,0.0,0.114051126,0.0,0.0,0.2441365,0.0,0.0,0.34434733,131.50638,211.64905,0.75361735,114.472275,225.36906,0.96197766,135.8912,225.70644,0.9817354,108.07983,241.7833,0.73410165,140.4382,243.75336,0.9085397,108.37404,254.4251,0.55222255,141.7061,257.7122,0.76482093,116.87483,258.28152,0.98626465,130.87415,258.2576,0.99113643,118.62842,284.18204,0.9769861,129.4456,283.92743,0.98485816,117.93967,308.4138,0.96416193,126.40812,308.8476,0.9736192
0.0,0.0,0.18156497,0.0,0.0,0.08174302,0.0,0.0,0.13638894,0.0,0.0,0.33373767,177.36168,206.49107,0.5978741,161.82672,221.82143,0.952058,181.12074,222.04478,0.97309417,155.10913,240.621,0.7625447,186.36024,241.94673,0.8887441,151.84673,255.04277,0.58562005,188.29054,256.9836,0.73356783,164.61029,256.1996,0.9849187,177.42513,256.0839,0.9895079,162.5175,282.55557,0.9708426,175.245,282.31885,0.97842366,160.1344,307.75354,0.9509612,171.9364,308.13797,0.9607115
372.95468,205.40121,0.8789101,375.4262,202.8833,0.7780598,370.38138,202.52411,0.82079816,378.5181,205.70702,0.5125165,364.6996,204.6328,0.6279809,381.7939,221.94536,0.968218,358.1977,221.73286,0.97288847,386.9377,240.4648,0.8416125,357.58453,242.32152,0.86391515,380.7711,243.74532,0.78749347,368.803,247.75764,0.8043722,376.23846,260.8784,0.97754055,360.81586,261.04132,0.97906405,375.25412,294.3071,0.9669712,362.22067,294.48212,0.96743983,371.6948,324.93015,0.9474739,361.84726,325.084,0.94791204
0.0,0.0,0.08451819,0.0,0.0,0.05135566,0.0,0.0,0.052291557,0.0,0.0,0.3922094,0.0,0.0,0.4089609,496.7523,207.3006,0.88315,525.2134,207.1762,0.8473248,488.1737,235.72559,0.5571639,0.0,0.0,0.4371897,0.0,0.0,0.27712858,0.0,0.0,0.20755275,502.85208,258.4275,0.8901985,521.5457,258.83405,0.86773825,506.0143,297.2428,0.7230841,522.157,297.81638,0.6716759,507.31903,329.95087,0.5611295,518.0343,330.65076,0.51797146
345.64984,184.84688,0.7801024,346.4891,182.1816,0.6010346,342.54785,182.02019,0.71148276,0.0,0.0,0.38535988,335.31216,184.85387,0.60143626,351.22174,206.02153,0.9477773,331.35608,205.40218,0.95083624,359.45282,229.4964,0.65126294,335.2908,232.1492,0.6814388,360.50922,243.09296,0.5196088,345.80466,248.587,0.5398864,349.68042,255.75253,0.95801246,336.92273,255.67166,0.95976496,347.7692,297.97482,0.91551286,336.40292,298.05322,0.9173812,347.39713,338.94797,0.8762379,337.2979,339.2837,0.87774676
731.7601,209.59715,0.7001679,733.57733,207.12068,0.594056,730.0537,207.0444,0.5485972,0.0,0.0,0.474523,0.0,0.0,0.3857567,738.2866,224.22816,0.91921055,725.25134,223.90219,0.9041769,739.7008,243.22128,0.72596973,725.73395,242.0495,0.6474633,730.41284,248.88016,0.6507128,727.5652,246.50574,0.5831929,730.7696,259.61505,0.92489797,722.5651,259.26096,0.91793704,725.0133,287.96692,0.9041323,719.78564,287.84308,0.88928616,723.3889,314.8014,0.8711127,719.3254,314.68448,0.85640776
