0.0,0.0,0.12993397,0.0,0.0,0.10793632,0.0,0.0,0.025671981,483.16272,111.48814,0.87700975,0.0,0.0,0.3584559,466.61633,170.8017,0.97049195,555.894,172.91025,0.9283114,434.72064,241.51958,0.87313414,566.7387,263.98688,0.6328829,446.059,270.46097,0.66305053,0.0,0.0,0.40276456,476.00293,330.30255,0.95712173,535.6462,330.21674,0.93540406,472.34702,451.71762,0.73455596,527.16974,451.0864,0.6519235,0.0,0.0,0.21652444,0.0,0.0,0.18023345
641.60706,160.376,0.9630104,645.2404,157.34279,0.89688176,637.51953,156.59013,0.9235322,647.9384,162.70166,0.67069876,628.35095,160.85948,0.77667123,653.9791,191.12259,0.9891829,615.7113,188.67026,0.9879739,663.0446,224.71835,0.94375956,602.0549,219.45493,0.93993515,665.0287,254.20822,0.8924533,612.3713,244.09119,0.8943361,645.4843,254.90831,0.99049103,621.1096,254.02515,0.9899833,642.1397,303.56543,0.9780553,620.8004,301.78958,0.97764754,637.092,349.6062,0.93617046,619.1026,345.79266,0.9356393
0.0,0.0,0.18375896,0.0,0.0,0.08862541,0.0,0.0,0.14748816,163.02325,190.50421,0.523285,176.38618,190.45595,0.77171695,153.67804,209.97594,0.9724772,184.58766,209.27559,0.9857738,145.09354,234.71652,0.75077873,194.74283,231.56071,0.8871327,0.0,0.0,0.48905206,189.4129,245.37895,0.6551395,160.2188,256.6046,0.99017286,179.73962,256.5656,0.992964,161.67984,295.8346,0.9831198,175.79593,295.983,0.98658633,164.28157,336.46747,0.9702047,172.01851,336.9247,0.9743891
361.11496,205.4858,0.8930793,363.32404,203.08308,0.7989881,358.92407,203.17902,0.8352601,366.78305,204.678,0.5757666,355.40775,204.79587,0.6825783,372.14883,219.08182,0.9831377,349.84573,220.27795,0.98949987,377.82764,234.55524,0.88533866,344.8703,239.16359,0.92972076,375.9136,241.70857,0.83291394,351.75198,250.09087,0.87515104,369.4637,257.4191,0.98819375,355.70392,257.9433,0.99072915,369.01776,287.7159,0.9751051,357.7894,287.85663,0.97884357,366.018,316.9064,0.94946665,359.36612,316.87244,0.9554726
338.19073,204.86183,0.82364196,339.90164,202.53555,0.71349835,336.1381,202.47546,0.80648386,0.0,0.0,0.390052,332.50018,203.13457,0.66764134,345.22205,215.74133,0.9679155,326.65784,215.41751,0.9776063,346.83417,232.03786,0.78165126,321.01343,231.94789,0.8895944,340.75015,239.23799,0.7426846,325.7149,240.28822,0.8441838,341.5635,249.98721,0.9806917,329.95593,249.98402,0.9839024,339.99423,279.59387,0.9555377,330.45166,279.44278,0.9639186,337.75742,306.81784,0.9041585,330.7681,306.87387,0.91831505
0.0,0.0,0.107038304,0.0,0.0,0.055622846,0.0,0.0,0.09032628,0.0,0.0,0.4087769,205.01277,220.9716,0.603142,190.4898,230.88446,0.964826,208.96002,231.12352,0.97372705,187.68538,243.5834,0.7059843,215.18489,243.47458,0.8333548,0.0,0.0,0.45135516,217.35313,254.88275,0.5841181,193.2816,254.65024,0.9811538,206.13121,254.75877,0.9841357,193.81378,273.5333,0.96253055,207.07913,273.1707,0.9697845,193.02979,291.47086,0.9491705,206.6005,291.61664,0.9572208
295.5761,216.60083,0.7841318,297.07138,214.72769,0.5951459,294.0899,214.47203,0.7389716,0.0,0.0,0.3345515,289.8763,215.15651,0.626222,301.0123,226.6001,0.9585844,282.135,225.69135,0.98065567,306.0327,238.81407,0.83881414,272.62637,237.78577,0.94306844,307.4993,247.18053,0.8013602,271.60486,247.92676,0.9044525,295.43082,255.0829,0.9826629,283.8403,254.84416,0.98840046,293.57944,276.883,0.967513,283.36703,276.72235,0.9766732,292.08173,297.05432,0.94846654,283.01715,297.18356,0.9594262
0.0,0.0,0.14552693,0.0,0.0,0.08657351,0.0,0.0,0.15966603,0.0,0.0,0.06685958,0.0,0.0,0.21217386,0.0,0.0,0.1628188,0.0,0.0,0.39493492,0.0,0.0,0.08003308,0.0,0.0,0.36869875,0.0,0.0,0.10856053,0.0,0.0,0.33252144,0.0,0.0,0.2552274,0.0,0.0,0.4136451,0.0,0.0,0.33376706,846.38684,295.5608,0.50337774,0.0,0.0,0.43323585,846.1293,328.09808,0.56744677
0.0,0.0,0.2591109,0.0,0.0,0.23974627,0.0,0.0,0.13380641,735.96313,210.93597,0.7006923,0.0,0.0,0.33768687,732.84076,224.39604,0.9725052,748.4973,224.00558,0.9579562,725.412,239.35574,0.8401912,750.0138,238.60916,0.6763767,721.5626,246.6011,0.6597997,0.0,0.0,0.4876921,735.3457,256.83298,0.9801113,745.2498,256.5429,0.9751687,731.885,280.1245,0.94739366,744.2877,280.106,0.9315814,733.43665,302.51947,0.87906665,745.62335,302.00708,0.8544176
0.0,0.0,0.12881626,0.0,0.0,0.0902872,0.0,0.0,0.11779888,0.0,0.0,0.081968196,0.0,0.0,0.1263879,0.0,0.0,0.22968945,0.0,0.0,0.27793935,0.0,0.0,0.13986208,0.0,0.0,0.21857847,0.0,0.0,0.14320216,0.0,0.0,0.2012538,0.0,0.0,0.36703557,0.0,0.0,0.39572883,0.0,0.0,0.41871098,0.0,0.0,0.45244718,0.0,0.0,0.42407265,0.0,0.0,0.45060548
0.0,0.0,0.17960459,0.0,0.0,0.119889915,0.0,0.0,0.1318026,0.0,0.0,0.4234414,0.0,0.0,0.47761825,220.41484,229.97647,0.9508352,234.58708,229.79387,0.9562025,217.36409,241.04485,0.71887845,238.38686,241.05812,0.7576827,219.30971,251.54408,0.5397976,238.99174,251.53719,0.56729066,222.90875,251.27664,0.97707134,232.49942,251.34506,0.9788311,223.6375,267.79358,0.962614,232.5911,267.70175,0.96517557,223.88382,283.8758,0.9532978,232.35165,284.06128,0.956219
