606.85394,157.15594,0.8831354,0.0,0.0,0.43067798,603.0922,150.30243,0.8985832,0.0,0.0,0.15326981,586.2767,149.8579,0.9134387,594.16327,180.33675,0.93241274,565.70325,178.75536,0.9950696,598.07825,224.73833,0.7373235,569.4001,220.76488,0.9906557,628.51685,221.28505,0.6975213,611.8194,209.45947,0.97202265,598.24,265.74744,0.98913157,572.2263,266.5658,0.9967483,618.5845,332.71155,0.97712225,561.91077,329.57904,0.9934974,613.03394,386.10138,0.93348956,530.36346,380.8629,0.9704487
701.65094,204.36716,0.75966,703.745,200.45029,0.52429503,698.0367,201.25967,0.6841158,0.0,0.0,0.3169429,693.7373,202.43727,0.61939657,713.1647,214.12372,0.9773661,690.4078,219.12587,0.9928595,727.9936,232.47375,0.92266893,682.6406,244.92104,0.9826056,728.97253,246.5581,0.90916735,680.24817,268.5492,0.9662221,705.7783,264.37216,0.99671316,692.90405,266.27942,0.9982558,698.6204,298.26038,0.9936951,696.699,300.19672,0.9962191,682.5274,329.28696,0.9848247,685.6426,332.52396,0.9898226
392.9943,206.80928,0.73905516,0.0,0.0,0.24907249,389.99878,203.77806,0.80741817,0.0,0.0,0.086611584,381.42743,205.22313,0.9044422,383.6882,222.16188,0.92983246,374.59778,222.48393,0.992743,387.69836,245.96266,0.52297324,366.26187,246.75485,0.9812618,399.23782,256.2366,0.53377616,377.3127,261.1457,0.95203286,377.79456,267.8437,0.9851029,375.39746,268.5265,0.9959227,371.30566,302.1305,0.9797798,389.59604,302.6595,0.99444973,357.7392,334.47025,0.9719015,391.6651,336.5607,0.9891395
0.0,0.0,0.093456805,0.0,0.0,0.08649648,0.0,0.0,0.029692436,437.60574,175.48253,0.5995374,0.0,0.0,0.20817287,434.8249,194.2417,0.9558784,459.427,193.73749,0.9041755,427.59976,217.62158,0.8937983,465.8129,218.74405,0.6531738,425.6808,223.80049,0.7291682,0.0,0.0,0.47267923,437.27002,247.06085,0.9893112,453.8955,246.51292,0.98367417,435.9349,288.56714,0.98600453,453.13898,288.53403,0.9763752,437.35352,327.77588,0.9709165,454.63412,326.96527,0.95756274
320.7917,197.79253,0.9353666,323.19186,193.89577,0.7485348,316.24313,194.11111,0.94620854,0.0,0.0,0.2667813,307.70352,196.1799,0.9097337,326.88895,217.90123,0.97863185,300.48907,217.04369,0.9972811,330.7614,245.88313,0.806435,289.26035,243.25891,0.990943,334.98315,268.5765,0.7804706,297.1659,264.22858,0.9758661,322.34866,272.24283,0.9931611,304.19934,272.22153,0.9978023,322.7509,310.50027,0.9833029,298.16843,310.56897,0.9943212,313.32245,344.51788,0.9616266,281.00092,345.46878,0.9827268
101.18089,208.36388,0.92251635,103.67561,206.24725,0.8484981,99.35289,206.04231,0.88725424,106.98629,207.79216,0.6097593,96.18882,207.22726,0.74124783,110.777245,220.7612,0.98381984,90.697075,219.9256,0.99277216,114.57919,235.92915,0.8931403,82.4433,233.71127,0.96060807,111.171684,246.25536,0.8534884,79.404526,246.12422,0.9262281,104.86626,249.71547,0.9856495,92.692635,249.15155,0.99066156,102.34138,272.36673,0.9658679,92.439,271.5526,0.97522473,99.90533,292.97952,0.938631,93.779366,291.96524,0.9510914
662.4585,197.52095,0.8634634,663.461,194.96982,0.6291531,659.83746,195.04655,0.8734106,0.0,0.0,0.27605504,653.28516,196.6954,0.84774953,663.6931,212.39326,0.94719404,646.0266,212.72061,0.98531544,666.64594,233.02492,0.5864003,645.29016,234.97751,0.9209675,0.0,0.0,0.49868846,657.6328,249.97653,0.8252866,661.4107,248.75691,0.9292767,650.18634,249.59758,0.9642339,661.07916,274.4852,0.8026036,652.8164,275.39328,0.89405787,654.3448,299.64557,0.692006,650.3574,301.51636,0.7971417
139.35953,203.87886,0.8848146,141.56548,201.92955,0.8096799,137.60718,201.71045,0.811826,144.83237,203.53886,0.60564506,134.37688,202.94672,0.60432184,148.12708,215.58347,0.97960085,129.74803,214.89102,0.9842017,151.59993,229.57585,0.9016531,122.98012,228.05264,0.91840035,150.7664,237.8094,0.85893154,122.98866,235.85765,0.8731432,142.93651,245.64998,0.98310214,131.80821,245.2958,0.9850686,140.92094,269.17334,0.9643213,132.85078,268.72256,0.9652551,139.20543,290.8965,0.9348179,132.88324,290.14154,0.93572843
0.0,0.0,0.17482603,0.0,0.0,0.13629463,0.0,0.0,0.11074843,238.86453,210.47916,0.51602066,0.0,0.0,0.3730857,236.20863,221.08519,0.9591068,250.8848,220.73895,0.95182157,231.84435,235.07355,0.7951767,254.6888,234.33888,0.73489517,230.22581,243.93744,0.62177974,253.5019,243.32993,0.5541239,237.29568,249.01549,0.9818633,247.24858,248.7103,0.98045003,234.64972,270.66418,0.96057576,246.93286,270.38757,0.9568335,234.493,290.38892,0.9289805,246.77295,290.01917,0.9244187
402.1047,206.6548,0.68998194,403.62048,204.2058,0.54826975,399.59027,204.20822,0.6662106,0.0,0.0,0.3375905,394.83722,206.13924,0.58346367,406.12756,219.84555,0.9309201,392.62848,220.40205,0.94421774,410.55887,236.23128,0.6323405,395.17755,237.61363,0.76445544,411.4524,245.66331,0.5480108,404.03033,246.28665,0.6640698,405.4223,254.0249,0.93062085,397.35095,254.443,0.9392988,405.9066,279.70724,0.82074416,399.91437,279.72867,0.8464483,404.86362,302.1586,0.7124212,400.23077,302.80728,0.74204856
