832.0835,139.39725,0.9413129,834.02484,134.10268,0.54240716,827.0494,132.15196,0.9486654,0.0,0.0,0.10815047,804.16156,135.71814,0.92982113,820.3926,181.93742,0.9475707,777.3187,176.0235,0.99631494,827.8734,234.18568,0.806823,775.13306,238.02837,0.99291396,836.86694,232.25508,0.79858816,810.1463,267.55527,0.9829617,815.9175,280.91092,0.99183744,781.91077,280.17877,0.9976051,830.9609,366.9298,0.9794573,775.40283,366.73532,0.9938991,836.0818,445.80762,0.91261816,759.7855,448.94284,0.9572687
0.0,0.0,0.21608438,0.0,0.0,0.19540067,0.0,0.0,0.06264037,308.3889,147.43236,0.7609288,0.0,0.0,0.26740322,296.82605,179.49384,0.97911537,345.751,179.88043,0.8959614,279.65808,219.0679,0.9389279,346.36325,222.35707,0.613639,279.27274,240.92488,0.81739414,0.0,0.0,0.47308025,298.8279,258.48264,0.9952565,330.71542,258.44653,0.9891327,304.36987,326.30945,0.99369216,324.1593,329.66113,0.98701084,308.56122,390.86472,0.98175657,316.5668,397.0964,0.97159123
0.0,0.0,0.23989347,0.0,0.0,0.10551188,0.0,0.0,0.17491706,0.0,0.0,0.42088616,190.51549,210.31009,0.6979914,173.62656,225.97498,0.977635,195.81866,224.16043,0.9867194,164.30316,245.79713,0.882816,204.37694,242.63809,0.9398396,159.80028,265.11646,0.7495367,205.59271,260.8937,0.8340686,178.06363,260.49924,0.9915086,192.10182,259.46402,0.9938769,180.09079,287.36755,0.97802484,190.20421,286.24387,0.98314905,179.61769,312.1718,0.95169866,187.0638,311.78998,0.9603203
613.65686,199.70738,0.9358965,616.27527,197.13068,0.9112945,611.3985,197.23366,0.85404694,620.25366,198.92653,0.79874706,608.03687,199.25552,0.5769671,626.372,215.14006,0.9924672,603.91174,216.01097,0.99088365,631.59705,234.20305,0.96242404,600.0351,235.30273,0.9246582,627.782,252.01703,0.93368095,598.68317,251.84196,0.88132876,622.744,254.37929,0.99092054,608.2244,254.5915,0.9897054,622.80884,283.7731,0.97423697,606.47186,283.75156,0.96634936,623.8623,310.0188,0.9345682,607.5255,309.75058,0.920919
455.96036,211.97615,0.8743842,458.3186,209.92097,0.81384486,454.77048,209.81567,0.7605219,462.47894,211.47661,0.6831956,452.74265,211.0959,0.53194064,467.30963,224.57811,0.98456174,447.84625,223.99191,0.98403347,470.80798,238.78223,0.91487813,441.16544,236.35182,0.8880698,463.026,239.59268,0.86533165,446.06726,235.02473,0.83066285,463.21005,259.60397,0.9876835,450.37006,259.36337,0.98742115,463.59836,285.99084,0.9769288,449.00583,285.66754,0.9736849,466.88092,311.22504,0.95367724,451.30316,310.2763,0.9483309
0.0,0.0,0.309615,0.0,0.0,0.1828943,0.0,0.0,0.22122803,0.0,0.0,0.49054065,258.06787,217.80205,0.59582704,247.75703,231.23615,0.9518116,261.84396,231.57791,0.95851886,241.81369,248.49013,0.7047759,266.12408,249.93904,0.72312564,238.4763,257.84714,0.51067334,263.48804,261.19583,0.5155548,251.78114,260.31036,0.9728248,261.93793,260.59988,0.97431445,248.8406,288.5003,0.96652216,263.55624,288.59222,0.9651221,249.68387,317.02618,0.9562731,267.2015,317.23578,0.9544978
664.9955,206.25067,0.90234077,667.6731,203.73528,0.88757324,662.6882,203.91397,0.7638911,672.36365,205.77545,0.8076574,0.0,0.0,0.43303597,678.6459,220.09497,0.98767567,657.3063,221.11288,0.97449046,685.2051,234.06996,0.9459883,654.28815,235.08833,0.7994315,674.9118,225.7855,0.90514034,659.5013,224.76328,0.7472723,673.7547,255.18028,0.97882885,659.99615,255.33617,0.9684628,671.0078,280.2648,0.9496902,658.79474,280.36227,0.9171509,670.69214,302.16483,0.88306266,661.1488,301.76544,0.8343403
0.0,0.0,0.12344369,0.0,0.0,0.069999695,0.0,0.0,0.114775866,0.0,0.0,0.3113462,373.0135,222.41812,0.5205037,360.98956,230.92456,0.95721835,374.97787,231.71362,0.9667217,355.1984,242.60712,0.76903504,377.6484,243.8177,0.8594673,354.77615,251.32892,0.5623632,377.8626,252.79893,0.6716137,362.45425,255.1393,0.9826994,371.3237,255.47316,0.98493433,363.82492,274.22314,0.9577529,370.75787,274.55142,0.9641913,363.94272,291.4872,0.9331707,369.06738,292.13068,0.941249
414.55753,226.09657,0.8323893,416.5026,224.24922,0.8202349,413.58145,224.10808,0.69400066,420.5792,225.21114,0.7123129,0.0,0.0,0.36493337,424.1887,235.06607,0.9776267,411.29065,234.51077,0.96532524,425.22275,246.86095,0.89102125,407.12344,245.35817,0.7761283,419.1858,253.05159,0.8473284,407.43628,251.48135,0.7416124,420.95618,258.74377,0.97801614,412.74722,258.30994,0.972868,418.89993,277.2558,0.9523184,412.16245,276.8464,0.9386688,419.26846,294.63702,0.9096028,413.7504,294.0276,0.8909681
492.9521,225.29927,0.71791434,494.74124,223.36299,0.73770195,0.0,0.0,0.44155487,499.6783,224.67426,0.74618816,0.0,0.0,0.16140105,504.63623,236.22314,0.9620239,493.65137,236.53741,0.916901,507.14563,249.93304,0.8485049,491.96616,249.30615,0.51947063,501.47705,257.8047,0.7621606,0.0,0.0,0.47033098,503.73773,264.2185,0.9524186,496.95813,264.09497,0.92959577,504.1289,284.4689,0.89135087,499.21332,284.21423,0.83597195,508.13147,303.31396,0.8220392,504.0926,302.48895,0.7600061
0.0,0.0,0.12627266,0.0,0.0,0.07036496,0.0,0.0,0.13084954,0.0,0.0,0.25480008,108.08357,225.82895,0.51968944,96.78517,232.62627,0.901323,108.38799,233.29736,0.93288124,91.9479,243.35605,0.59090286,109.8032,244.00668,0.7807751,0.0,0.0,0.42311352,111.03178,253.04448,0.5921846,96.8179,251.73141,0.9611293,104.41409,252.0742,0.96855754,97.773,268.05246,0.9484232,104.746376,268.14728,0.9597374,96.49856,283.82797,0.94101167,102.949326,284.32184,0.9514398
