593.00214,160.57068,0.8858487,0.0,0.0,0.40464988,589.36566,154.20464,0.9133588,0.0,0.0,0.121327326,571.7896,154.28156,0.92599314,576.3351,181.52434,0.92682296,553.02576,181.88507,0.9953289,578.7112,218.05542,0.70850915,558.3234,221.09775,0.9911141,607.03516,204.60686,0.6687273,597.9335,209.40315,0.97268254,582.5509,265.10226,0.99138343,559.2337,266.50348,0.9976223,604.1397,326.37665,0.9861921,546.5099,322.75043,0.9963075,610.8071,385.8596,0.96619684,521.25494,379.2239,0.9856037
696.1591,204.72438,0.89800406,697.814,201.3023,0.6269262,692.66516,201.5626,0.9099645,0.0,0.0,0.2440983,684.6392,203.05167,0.890632,693.5797,218.41397,0.97523266,677.9953,220.67241,0.99598604,695.4139,237.98679,0.79999876,666.3764,246.4648,0.98571867,704.09467,251.39299,0.76664746,665.68115,271.3583,0.96273804,687.6208,266.31082,0.9933334,675.4588,267.75064,0.9975439,695.86707,299.922,0.98768985,666.57465,301.5147,0.99508494,701.27704,331.50485,0.9803662,650.4031,334.62967,0.98995095
314.77304,198.46146,0.92306113,316.53625,194.66733,0.72673994,310.36972,195.23721,0.9297737,0.0,0.0,0.26424143,300.93817,198.11336,0.8801146,319.10632,217.63326,0.9762698,291.43414,218.92967,0.9954204,321.8967,242.63368,0.8291099,283.64822,245.38577,0.9843635,321.64105,254.24492,0.8028782,298.2071,254.34494,0.96380854,314.3461,270.75485,0.992837,294.00284,271.8011,0.99704343,320.09662,308.15323,0.98526716,285.9389,309.3942,0.99357224,314.4937,342.3817,0.9700997,269.276,344.95413,0.9840672
381.51602,206.11804,0.8996553,382.69348,203.08675,0.65630424,378.32135,203.09473,0.8988092,0.0,0.0,0.23970142,369.71152,205.14845,0.85628545,382.75287,222.39572,0.978609,360.33017,222.98526,0.99485224,390.44342,242.01189,0.85814214,356.4239,246.5006,0.98105824,395.1255,254.47313,0.8351606,371.7519,258.98383,0.9592396,382.6039,266.395,0.99457246,365.6272,267.53674,0.99745196,389.96475,301.28375,0.98991346,358.60803,302.60403,0.99501616,394.65625,333.1852,0.98068696,349.59833,335.86694,0.9887504
0.0,0.0,0.19199325,0.0,0.0,0.10332447,0.0,0.0,0.122666955,0.0,0.0,0.45797846,460.54996,171.38577,0.57397044,438.80475,190.10033,0.9613387,466.74835,190.88147,0.97634274,432.6274,214.3334,0.78724396,469.4063,218.09839,0.8731899,437.4483,222.3741,0.5801861,465.18457,231.55972,0.6817321,445.10587,242.01735,0.9876143,463.0575,242.45937,0.9902773,447.12415,286.07596,0.97481143,457.79565,286.40735,0.97789645,452.12152,329.5475,0.9471033,454.51953,329.7153,0.95168185
100.66721,208.69872,0.91995704,103.11477,206.55762,0.85080594,98.80559,206.39574,0.8778067,106.462074,207.96873,0.6272589,95.72451,207.53214,0.7162109,110.570244,220.77545,0.98413914,90.59117,220.06415,0.9919465,114.728226,235.99785,0.9000268,82.5715,233.83188,0.9548303,111.16196,246.27858,0.8607977,79.64509,245.51797,0.9186905,104.56938,249.63928,0.9859385,92.58776,249.10077,0.99018,101.37086,272.85388,0.96787775,92.71201,272.10428,0.974935,97.98771,294.2889,0.9415194,93.827126,293.35492,0.9509205
0.0,0.0,0.15272218,0.0,0.0,0.10264493,0.0,0.0,0.09266001,0.0,0.0,0.47039258,0.0,0.0,0.4296743,238.56229,220.61269,0.9467538,253.83435,221.0251,0.9343043,232.00558,233.61206,0.78818816,256.57846,235.2826,0.71801776,230.67328,244.72046,0.5933565,257.16916,246.78258,0.5222363,239.39644,246.76152,0.9756589,249.5352,246.92502,0.9725073,236.75766,267.94873,0.9594921,247.52716,268.34467,0.95127475,236.96542,287.96484,0.93695647,247.96754,288.42072,0.92727685
137.76994,204.49075,0.8436424,139.86171,202.62727,0.7594778,136.26224,202.37175,0.74687266,143.00078,204.10577,0.5747703,133.3002,203.44522,0.53290623,146.14754,215.55281,0.9712346,128.68887,214.89381,0.97456646,147.85376,229.46783,0.87391895,122.47556,228.08266,0.87703186,144.22112,236.10396,0.82146764,122.5963,234.83258,0.82143617,141.29993,245.16464,0.9763776,130.54181,244.85172,0.97759026,139.21567,268.83984,0.9553267,130.82695,268.45062,0.95370346,138.24026,290.68228,0.92380583,130.82155,289.89166,0.92130023
403.1732,206.99397,0.6555644,0.0,0.0,0.4323302,400.1665,204.51282,0.6829494,0.0,0.0,0.21710956,393.6283,206.90138,0.69882566,403.22995,220.96342,0.91858447,390.639,222.30116,0.94998276,410.39697,235.46823,0.5459523,395.4321,238.73154,0.80448085,0.0,0.0,0.48383895,409.00546,240.34138,0.70534027,405.0292,255.37642,0.9300319,397.31924,256.54477,0.9469761,405.79382,279.2255,0.8370615,400.38095,279.60986,0.88079315,403.4775,301.77832,0.74703836,399.38678,303.2962,0.7979369
650.4347,198.66925,0.87563527,652.4493,196.09561,0.7627385,647.8701,196.3426,0.84111255,0.0,0.0,0.48795873,643.2261,198.20049,0.7143762,659.0799,212.7644,0.9620272,637.60583,213.66937,0.97954637,661.6709,233.03069,0.75546926,635.2517,235.05719,0.8868601,661.14307,251.85498,0.6526348,640.9825,251.55653,0.78812414,655.4364,251.73424,0.9337585,641.78754,252.26611,0.953352,652.6934,280.06946,0.7620337,640.50366,280.55634,0.81661737,649.33636,305.07288,0.58823353,640.65594,305.9361,0.6484006
632.3502,212.39838,0.5933446,0.0,0.0,0.29730844,630.55475,210.00075,0.6260681,0.0,0.0,0.2033796,624.85596,211.07837,0.76400095,619.10785,223.56116,0.9047821,620.823,224.51903,0.9510904,0.0,0.0,0.47890678,622.9108,242.65602,0.8208261,0.0,0.0,0.40776965,631.8826,253.74449,0.69671345,618.91315,256.51974,0.8963498,620.3728,257.77283,0.9260729,625.591,279.2498,0.77840954,627.46735,279.55914,0.85056144,623.2422,302.2729,0.6416677,623.98395,303.81458,0.7224202
710.5038,205.80222,0.6760669,712.2077,203.35728,0.7018689,0.0,0.0,0.36058864,717.2814,203.91006,0.733332,0.0,0.0,0.15748598,726.3748,215.51547,0.9651634,710.3037,216.56464,0.8816454,734.0721,231.97572,0.9102559,709.6632,232.75716,0.5007189,728.55505,242.97751,0.8410821,0.0,0.0,0.47803685,727.264,247.86212,0.96404135,717.51,248.16281,0.93123317,727.02075,275.56042,0.94098604,719.15173,275.9385,0.87709725,727.6282,302.3275,0.8906527,722.43427,301.82953,0.8154679
