0.0,0.0,0.10955485,0.0,0.0,0.051556718,0.0,0.0,0.083350375,0.0,0.0,0.3840693,670.8179,203.53082,0.6269262,647.0819,222.05574,0.94935143,675.7442,222.03944,0.9657875,639.03827,246.56462,0.7364796,679.16254,246.47026,0.83717155,0.0,0.0,0.48852178,680.45795,269.2275,0.59600276,653.7035,269.56302,0.9831586,671.85187,269.9449,0.98595595,657.3856,304.8622,0.96741086,668.15424,305.25143,0.9707072,660.2934,337.91913,0.9363669,664.6134,338.69473,0.94058
0.0,0.0,0.07158339,0.0,0.0,0.028365823,0.0,0.0,0.058681674,0.0,0.0,0.32458767,720.8572,199.55281,0.6624296,693.5434,218.14291,0.9681158,725.2132,219.45717,0.98433465,680.7568,244.10513,0.8811646,730.40045,246.73589,0.9527469,681.0531,270.85214,0.7181577,735.1823,272.10208,0.83655757,699.0326,269.39447,0.99413484,718.55206,270.05142,0.9960263,704.8871,306.10126,0.98455644,713.98895,306.55835,0.988509,708.6165,341.13287,0.96024334,710.49445,342.78714,0.96777767
0.0,0.0,0.24951884,0.0,0.0,0.1145503,0.0,0.0,0.119453885,0.0,0.0,0.48605734,0.0,0.0,0.4827447,308.23376,197.41158,0.96894866,346.7191,198.23341,0.95198756,297.11792,236.2108,0.9243126,357.17767,231.26123,0.86701703,298.72296,268.925,0.8376026,355.9452,246.85992,0.7721913,312.397,263.92307,0.9925747,336.5982,264.7073,0.99027306,316.69638,316.66458,0.9869391,330.96964,320.30945,0.9836271,317.66672,363.08887,0.9605266,325.7394,367.73303,0.9544562
0.0,0.0,0.08907857,0.0,0.0,0.03427865,0.0,0.0,0.080256894,0.0,0.0,0.33303973,472.295,214.9462,0.7054914,446.41013,231.07365,0.9540977,477.1676,233.33708,0.9787113,438.29373,252.44139,0.7262841,485.9788,257.4495,0.9037013,0.0,0.0,0.47361454,485.1782,270.27332,0.6904383,447.738,276.631,0.984168,467.43112,277.61176,0.98951554,450.36093,309.58524,0.9571384,466.15082,310.4756,0.9697823,453.17322,339.3232,0.91549456,463.40784,341.13568,0.9334203
0.0,0.0,0.058384776,0.0,0.0,0.052252308,0.0,0.0,0.022464946,497.88187,205.15436,0.6143219,0.0,0.0,0.2783603,494.0256,222.43402,0.95125103,523.3896,220.38507,0.9280819,487.48636,246.91423,0.79767066,532.1291,242.14755,0.6222321,485.0398,262.15054,0.5276674,0.0,0.0,0.36376277,501.29654,266.79507,0.9850567,520.73816,266.04785,0.98135614,501.00928,301.16672,0.9739575,522.0308,300.98483,0.9631821,504.02008,335.71942,0.96001124,522.5899,334.3317,0.94799227
595.97845,185.82648,0.9419758,597.79596,182.96921,0.8309762,592.8264,183.03885,0.9268271,0.0,0.0,0.46794325,586.04736,186.16673,0.8353645,603.5848,206.5533,0.9857465,578.11804,207.20612,0.995131,610.25714,229.56282,0.8764078,570.49414,231.9218,0.9716731,610.6992,243.21362,0.8300487,578.003,248.01358,0.9387541,603.353,255.56793,0.98975265,586.1182,256.6004,0.9943832,607.0285,296.36884,0.9708388,586.04095,297.49023,0.98272324,607.8806,335.18768,0.93211156,583.3959,336.9273,0.9529999
141.93562,193.68854,0.9244599,146.19254,190.03488,0.90459275,138.39827,190.83813,0.8124054,154.70894,192.20284,0.8005645,0.0,0.0,0.49142748,168.75627,213.5875,0.9838576,132.57137,214.84302,0.951079,186.81827,237.97697,0.93105537,123.013176,229.91295,0.7590621,175.13953,243.68327,0.86597234,128.4055,215.61407,0.6926641,163.90933,268.7723,0.985981,142.03326,269.06644,0.97524875,157.64247,316.65237,0.9805916,145.19919,318.50165,0.96830845,159.78862,363.39737,0.95600647,156.47498,364.1156,0.9416416
394.013,204.27582,0.69703275,396.3905,201.32289,0.7267966,0.0,0.0,0.37083223,403.1982,202.12952,0.7521273,0.0,0.0,0.16091095,413.4399,217.73927,0.96892,395.09232,218.62817,0.8949119,421.51053,236.63348,0.89981645,0.0,0.0,0.4564667,419.11755,243.6806,0.8229071,0.0,0.0,0.43051627,411.31393,261.2729,0.9806511,401.10092,261.29068,0.96078026,408.1408,295.11148,0.97731507,405.5362,295.16757,0.9477345,408.32007,328.57907,0.96233654,410.46408,327.2871,0.93041134
371.10492,199.28516,0.69234425,373.35376,196.24911,0.7249618,0.0,0.0,0.3984575,379.54266,197.09712,0.72507554,0.0,0.0,0.17075598,386.33353,214.11208,0.9485787,367.74637,215.296,0.8591519,384.88245,234.82585,0.84921545,0.0,0.0,0.4068481,371.18427,237.109,0.76336396,0.0,0.0,0.38781944,382.01486,261.67703,0.94993335,369.65356,261.8427,0.91205764,378.71512,299.3039,0.9354971,365.7874,299.71866,0.87191147,382.9547,335.99896,0.8985129,369.11633,335.706,0.8337239
287.71786,186.42021,0.8946493,291.25702,182.62717,0.7771408,284.2274,183.19699,0.8982663,0.0,0.0,0.39643052,279.70325,186.21713,0.7830212,303.25034,207.50735,0.9068039,274.16626,209.13867,0.9768637,0.0,0.0,0.385013,270.0672,235.06854,0.8641083,0.0,0.0,0.32447973,272.23273,259.0477,0.7302318,300.30106,259.1145,0.8623002,281.539,259.84653,0.9360048,302.03903,297.74875,0.7122809,281.64255,297.7777,0.8505297,300.61804,333.84195,0.6500608,283.812,333.62753,0.7764485
