0.0,0.0,0.073206656,0.0,0.0,0.026312878,0.0,0.0,0.069454834,0.0,0.0,0.32680443,409.63574,187.7487,0.7510205,381.08932,207.43666,0.95929235,415.71402,207.89156,0.98409176,374.5915,237.27736,0.76587504,427.99854,233.64438,0.93823606,376.43332,259.6957,0.5162873,427.819,248.70915,0.761592,385.10446,264.17657,0.99181306,406.8858,264.73865,0.99503076,387.83838,305.936,0.9817238,401.40915,306.58902,0.9879772,392.60394,347.0947,0.9560749,398.25046,348.81586,0.9669452
0.0,0.0,0.14370331,0.0,0.0,0.09081496,0.0,0.0,0.083383225,487.36832,215.96059,0.56208944,499.69403,215.95914,0.5638738,479.48984,233.12572,0.9618795,507.17184,233.00282,0.96174884,469.40836,255.17563,0.79463655,515.06006,254.92117,0.78764194,468.587,275.75107,0.5612323,515.4199,273.45514,0.5542352,484.8646,274.51276,0.98534006,503.04797,274.62488,0.9855057,482.31284,302.9138,0.97728366,501.3371,303.2454,0.9757801,483.24084,332.51364,0.9663562,501.58194,332.77823,0.9646899
0.0,0.0,0.087336294,0.0,0.0,0.054963104,0.0,0.0,0.04662967,748.5736,209.73146,0.5031756,0.0,0.0,0.4683059,745.0666,224.25978,0.9673456,771.93744,223.39569,0.9765952,743.0386,246.66927,0.88138944,780.292,243.90186,0.9136431,742.733,265.44806,0.7177817,777.44727,260.6212,0.7649854,750.38446,265.75494,0.9928861,769.0234,265.502,0.9941783,751.31934,297.95944,0.98468935,771.28906,297.77164,0.9861128,751.0362,328.6907,0.965487,772.1367,328.06454,0.96772945
727.70685,182.3652,0.9419822,731.1755,179.1599,0.7580919,724.43286,178.24687,0.92726403,0.0,0.0,0.401301,713.65356,179.6822,0.86609256,732.3442,207.39662,0.9719468,699.265,204.67178,0.9947417,736.2873,241.95518,0.8627247,685.13403,237.35922,0.9829191,737.1335,271.88458,0.80484074,678.5366,267.8539,0.95820594,725.1746,267.82294,0.9923449,702.39545,267.1574,0.9965127,729.5127,317.90454,0.9856134,698.77826,317.519,0.9937443,729.15546,361.13437,0.96519333,697.454,364.2051,0.97997904
211.1215,167.33824,0.9344172,215.60141,163.23781,0.91519034,207.24126,163.08377,0.857595,222.94801,165.06471,0.7541986,0.0,0.0,0.48164096,233.96109,188.80338,0.98457307,193.8909,190.8164,0.9810643,244.21156,211.41331,0.92592335,183.01791,221.74655,0.85764045,231.58604,200.94887,0.8867684,185.48833,229.36601,0.8013133,225.94386,257.91925,0.9917945,200.9269,258.12988,0.9903098,223.65788,310.5667,0.98766196,202.62901,309.9858,0.98267406,222.49402,361.0441,0.96831423,209.03984,359.31586,0.959212
0.0,0.0,0.057029124,0.0,0.0,0.03291666,0.0,0.0,0.03619443,0.0,0.0,0.32164365,0.0,0.0,0.40709674,518.50946,227.09457,0.9056482,543.74384,224.57805,0.9301916,515.035,248.8449,0.699917,554.24646,242.78838,0.8047585,0.0,0.0,0.47872123,553.84564,252.25537,0.5929277,528.0884,266.6371,0.9806368,544.4486,265.7293,0.98440474,531.8349,297.951,0.97372705,544.0718,297.08868,0.9780211,533.57764,329.81445,0.9599469,542.87384,328.28082,0.9646716
257.88086,194.33011,0.89433545,262.04034,190.87111,0.92014414,255.96913,190.6752,0.6331856,270.6651,192.68283,0.8903561,0.0,0.0,0.17392151,280.6175,212.79456,0.9880851,249.48383,213.15385,0.9378946,283.38263,237.5364,0.9679068,242.31984,237.53648,0.56466526,261.47256,234.13591,0.9346907,246.239,236.17534,0.5554888,271.1473,269.8625,0.98854476,250.2956,269.217,0.9702528,267.9562,313.39233,0.9837858,244.56943,312.68698,0.9491913,268.74545,354.6655,0.95689404,246.401,352.63632,0.90060616
0.0,0.0,0.09267904,0.0,0.0,0.049818505,0.0,0.0,0.055436637,0.0,0.0,0.34546265,0.0,0.0,0.41978994,145.06235,219.5583,0.90812236,167.73384,219.79823,0.91565776,139.89836,241.66364,0.62538946,165.87616,243.36017,0.6575746,0.0,0.0,0.38102597,0.0,0.0,0.4030691,147.33374,264.016,0.9647666,163.32178,264.33185,0.965372,143.76862,299.17258,0.9369102,162.61975,299.66006,0.9341144,139.69516,331.72052,0.89145976,159.76134,332.08804,0.8883655
0.0,0.0,0.2602633,0.0,0.0,0.21531925,0.0,0.0,0.12452386,662.842,203.99753,0.6450815,0.0,0.0,0.40237546,658.74854,218.88098,0.94990134,676.8004,218.68486,0.9013023,653.50696,236.79564,0.7191503,0.0,0.0,0.4375988,0.0,0.0,0.47309178,0.0,0.0,0.27023137,661.2515,253.08379,0.9546716,673.9369,252.85742,0.93559915,657.8821,279.12375,0.9352329,673.7766,279.239,0.90406054,661.3962,303.30106,0.9066162,678.23395,303.09384,0.8762442
0.0,0.0,0.13460965,0.0,0.0,0.06383904,0.0,0.0,0.15269487,0.0,0.0,0.22670384,649.41547,210.40941,0.6081625,632.2056,221.6685,0.8748679,649.5472,222.72911,0.92484635,0.0,0.0,0.46268824,650.54706,239.96846,0.72941077,0.0,0.0,0.29143918,0.0,0.0,0.4927543,635.62897,254.11562,0.9331552,646.7114,254.91698,0.9491169,636.819,280.2638,0.86893064,646.8149,280.75842,0.9015203,637.16705,304.45758,0.8011597,645.1439,305.63934,0.83758116
189.27985,198.02841,0.61313736,0.0,0.0,0.4343786,187.66664,194.84361,0.50559807,0.0,0.0,0.38025734,185.6188,196.71071,0.5018503,188.72908,215.74278,0.9200896,180.56807,217.24823,0.9463096,188.97777,239.14095,0.6377647,169.0985,241.74957,0.75104964,180.34363,248.66919,0.5417511,166.4103,255.9992,0.6185504,187.26865,268.8405,0.94990015,183.35677,269.5976,0.95913696,184.65392,307.56564,0.91015667,186.50786,307.92065,0.9209062,184.49588,342.09796,0.8513584,190.12297,342.5621,0.8650657
0.0,0.0,0.16170679,0.0,0.0,0.07938864,0.0,0.0,0.12637457,0.0,0.0,0.32862976,458.7549,215.01361,0.56580335,441.15668,226.73016,0.91684926,462.75656,227.11743,0.9402023,434.76434,242.28304,0.6191147,468.36548,242.30138,0.7589113,0.0,0.0,0.42800784,469.4418,255.02664,0.5509304,444.3774,257.7735,0.9661629,458.43747,258.05795,0.97245336,445.69995,281.67206,0.95379883,457.77676,281.88538,0.96162075,447.47604,304.63864,0.9408638,457.32837,305.2852,0.94818467
