300.16644,187.52756,0.93704146,303.16757,184.11621,0.85523045,296.459,184.11363,0.9158966,306.61148,187.4096,0.52124727,289.41782,187.24783,0.7618054,312.62476,209.85995,0.98190755,280.90155,210.35812,0.99205106,319.7853,235.63539,0.8821343,272.65414,236.6967,0.9611334,319.60733,259.76178,0.84136325,270.781,262.23196,0.9273452,305.72284,260.06442,0.9910507,285.91248,260.41992,0.99429965,302.9366,298.8813,0.9844898,285.83765,299.16962,0.98904675,298.7768,335.75928,0.9713757,284.74167,336.31323,0.9775342
0.0,0.0,0.12975974,0.0,0.0,0.087640926,0.0,0.0,0.07174127,127.25108,196.5463,0.6499946,142.39983,197.0123,0.55082,120.38873,216.05011,0.97905535,151.19215,216.9031,0.98400384,110.264465,240.467,0.8995633,156.53642,242.08746,0.9112213,109.39542,257.60724,0.7351203,156.95827,261.3302,0.74237853,123.57376,263.15405,0.99438286,143.19125,263.33304,0.9949609,124.56584,298.58096,0.989391,137.3602,298.8194,0.9887898,127.79192,333.39755,0.97714406,134.15756,333.492,0.9758292
0.0,0.0,0.30053172,0.0,0.0,0.24781922,0.0,0.0,0.13078932,585.7794,195.26888,0.77914095,598.0867,195.42847,0.5159213,579.34436,214.1058,0.99008864,607.1078,214.79276,0.9861485,565.53937,239.34572,0.95468926,615.45404,243.65834,0.89353,551.72314,259.3939,0.8567616,613.21735,265.15115,0.74498814,583.08746,258.53546,0.9939182,599.2269,258.22797,0.99294645,584.2585,297.42505,0.98252755,591.41797,297.29688,0.9768544,593.69086,334.50305,0.9513841,591.91876,334.62784,0.9409713
0.0,0.0,0.28646165,0.0,0.0,0.10773421,0.0,0.0,0.26127747,0.0,0.0,0.3971549,91.880745,196.92587,0.8203026,69.02563,214.67892,0.96844506,97.08919,216.18797,0.9851982,59.989254,238.65982,0.7251097,105.9115,240.44325,0.90458167,59.436703,258.32788,0.51599425,108.405136,257.27798,0.7279427,73.68072,262.41678,0.9896973,92.091515,263.03543,0.99329656,71.19338,298.22495,0.9853199,87.9141,298.48462,0.9899226,70.72635,333.06076,0.97654736,84.862434,334.54492,0.98214495
0.0,0.0,0.101830766,0.0,0.0,0.06540872,0.0,0.0,0.053202666,184.98615,187.06642,0.62975043,201.39035,185.98166,0.58462137,178.25793,206.66241,0.9775483,210.54184,204.92064,0.98488045,170.91818,233.67447,0.870676,219.15623,229.99596,0.9106786,172.6014,256.0071,0.6510523,221.20277,251.5434,0.7119505,186.67738,255.34096,0.9931149,207.27858,254.99393,0.99438393,188.46219,292.96924,0.9821383,205.78807,292.96487,0.98338115,191.5753,330.44907,0.9590557,204.37093,329.62515,0.9608735
0.0,0.0,0.23319334,0.0,0.0,0.13143927,0.0,0.0,0.106411785,425.9592,175.0993,0.5794963,0.0,0.0,0.44802275,418.34177,198.79013,0.96418434,458.65512,196.61754,0.95298785,406.65768,231.85008,0.88794875,470.71912,227.59067,0.85097235,407.19785,255.36055,0.7433692,470.93918,243.95331,0.7086703,425.9797,266.41455,0.99219173,453.19885,264.98956,0.991198,424.8894,319.9183,0.98880297,453.1962,316.24194,0.9884503,425.1441,372.30093,0.9720863,458.4516,367.8894,0.9724047
355.3748,199.22012,0.90051115,358.73367,196.56853,0.80545884,353.0483,196.2655,0.8579002,363.36475,199.53464,0.5350184,348.47003,198.80136,0.6836592,366.35126,216.57341,0.97564244,340.83023,217.65244,0.9870363,368.98105,230.7249,0.85549015,328.2986,237.20436,0.93252504,361.83557,224.07378,0.8079743,330.6658,243.49329,0.8833804,360.17596,263.2718,0.9876643,344.2861,263.75372,0.9909807,356.4964,299.04596,0.9811009,345.95624,299.2918,0.9844929,352.40536,333.96448,0.9625909,346.52765,333.89578,0.967249
257.209,204.2456,0.86901724,259.06482,202.02217,0.7371446,254.78485,201.67882,0.832054,0.0,0.0,0.44999766,248.48386,202.71152,0.69825387,263.4205,217.56879,0.9652667,240.26021,216.23788,0.9801625,265.1035,233.03175,0.80687857,233.65031,231.14624,0.904187,259.88617,238.32796,0.75055647,239.25682,236.51343,0.84529316,257.86945,251.23697,0.9767046,243.00992,250.89761,0.9824056,258.04297,279.5949,0.961833,244.74513,279.32486,0.9690354,254.33606,306.24115,0.94201165,243.77745,306.00574,0.9500576
0.0,0.0,0.13737531,0.0,0.0,0.20063414,0.0,0.0,0.023707367,771.12103,145.8193,0.9578526,0.0,0.0,0.3302641,768.72705,176.95691,0.9937377,805.8064,175.04012,0.9825163,754.91113,221.33919,0.9696014,820.2667,218.1459,0.7749383,735.9975,259.62018,0.8390287,0.0,0.0,0.4805699,772.7942,260.36264,0.9955615,796.24646,258.7906,0.99233425,759.7955,317.49716,0.9838447,789.2183,317.24377,0.9641042,765.0797,370.97363,0.9406495,791.68304,368.9102,0.8962434
0.0,0.0,0.3305444,0.0,0.0,0.2956762,0.0,0.0,0.096009806,711.8697,164.12961,0.7425633,0.0,0.0,0.26104805,704.4781,190.57156,0.98131573,739.4226,188.82594,0.9068141,693.7697,229.88965,0.953461,754.8693,224.7978,0.66687334,689.7657,261.86533,0.8660461,760.1759,254.70273,0.54029185,707.2589,260.0324,0.99234605,730.1458,260.24796,0.9816016,706.4203,309.75122,0.98816377,730.60535,312.70096,0.9736546,715.2945,358.5805,0.9668354,735.9658,360.65573,0.9465361
0.0,0.0,0.13096458,0.0,0.0,0.028361263,0.0,0.0,0.21559869,0.0,0.0,0.0645408,494.16553,201.66837,0.75922406,478.00934,211.98561,0.6812562,493.358,214.04028,0.9396797,0.0,0.0,0.18612991,501.86752,227.03879,0.88048273,0.0,0.0,0.15655191,506.6904,230.86473,0.7064793,478.69223,251.32468,0.9303435,489.72354,252.52446,0.97533506,478.00647,284.38968,0.93801665,488.96594,284.805,0.9782372,476.6201,317.5366,0.93958277,487.5773,319.02594,0.97146434
664.60895,207.92221,0.8688317,667.3294,204.94495,0.78354436,662.079,205.09406,0.81917703,672.01807,206.69656,0.5372807,658.77826,206.97986,0.63507885,676.79315,223.83612,0.9409228,656.58673,224.37639,0.9678756,679.0819,243.82819,0.62801987,655.2754,244.96428,0.80113673,673.60706,258.67737,0.54137975,658.78375,261.59595,0.687842,677.0237,262.45145,0.9060147,664.3292,262.76917,0.9345007,678.75793,290.78958,0.82025415,666.8841,290.56995,0.8640136,680.9831,319.9526,0.76889443,672.6808,319.23337,0.80929786
