0.0,0.0,0.12237022,0.0,0.0,0.11452201,0.0,0.0,0.026498992,381.8038,85.61831,0.84269387,0.0,0.0,0.2880836,367.48395,134.96176,0.97309136,444.5026,129.70984,0.9007778,349.22287,211.46605,0.8971588,444.74567,196.9156,0.5667923,353.8299,239.57394,0.7000991,0.0,0.0,0.38073862,381.23593,256.14536,0.98650044,434.65198,253.90686,0.974894,376.65906,374.86777,0.9704168,429.60666,374.39603,0.94985044,387.54944,467.07443,0.8388363,441.38977,467.682,0.7930352
0.0,0.0,0.11091403,0.0,0.0,0.058052387,0.0,0.0,0.057860393,0.0,0.0,0.45122004,0.0,0.0,0.49897417,191.46117,212.08405,0.97551084,219.40038,212.42741,0.98483664,181.52957,235.70299,0.92104065,229.02887,237.8296,0.95274544,174.40509,256.43365,0.81630164,229.46704,258.6394,0.8676255,195.96603,258.59033,0.9956454,213.96454,258.39124,0.9968503,195.43764,291.816,0.9904366,211.49934,291.56003,0.99232906,199.39642,321.72018,0.976694,213.27275,321.8088,0.9803725
655.05963,117.23331,0.9667626,660.91754,111.732185,0.833037,646.90283,111.60078,0.9637862,0.0,0.0,0.413828,629.8799,116.351776,0.9118163,671.05566,158.4993,0.969913,614.7874,162.38289,0.99648297,688.52954,212.20166,0.7831726,617.02576,218.78442,0.9845613,677.41473,211.98688,0.7200924,662.07556,204.58197,0.95731044,659.7313,264.91287,0.99075365,629.4782,268.80435,0.99648935,644.0587,357.81622,0.98827374,666.6222,369.59598,0.99601847,599.182,430.35812,0.9622253,677.16406,449.50333,0.9808715
570.7995,175.94206,0.9503767,573.51935,171.43263,0.7880856,565.11975,172.01915,0.9562069,0.0,0.0,0.25353208,553.7005,177.22252,0.9053742,577.4263,203.5458,0.9799008,546.9816,203.53297,0.9968322,580.80804,235.98926,0.8362192,539.0734,230.99712,0.9896667,579.96564,238.80411,0.81553966,557.3601,219.25113,0.9755426,575.1473,270.59024,0.995365,553.19824,271.5479,0.99834454,575.3754,324.20096,0.99170035,547.1436,325.70148,0.9968501,568.6608,373.51468,0.9775734,529.8348,376.30637,0.98904675
0.0,0.0,0.07670417,0.0,0.0,0.04175655,0.0,0.0,0.044130854,0.0,0.0,0.3469156,0.0,0.0,0.40712363,730.6835,215.36398,0.92945784,761.17834,214.57964,0.9326487,723.7621,241.59904,0.7883552,769.40173,237.0328,0.7974307,724.1028,258.39597,0.5930477,765.7341,247.15817,0.6010311,733.79785,263.59064,0.9856857,753.8446,263.16205,0.98617053,733.2724,301.00217,0.981041,750.83044,300.8049,0.98055995,729.3733,337.5225,0.9670105,744.74457,337.7333,0.9665628
0.0,0.0,0.21646756,0.0,0.0,0.15428017,0.0,0.0,0.12808971,82.668144,220.70886,0.633175,0.0,0.0,0.4898354,78.6295,230.8932,0.9824532,94.87287,230.89064,0.9800939,73.75723,244.13486,0.8502425,99.73164,243.9654,0.8145459,73.07638,255.91841,0.6684585,99.690346,255.73196,0.61331296,80.73659,255.11739,0.99073493,91.15898,255.16779,0.99013805,81.52798,274.25507,0.9803751,90.21656,274.01807,0.9789042,82.64934,292.528,0.9687367,90.340996,292.44064,0.96717435
493.1832,214.06201,0.7187481,495.0931,211.7636,0.72690076,0.0,0.0,0.437791,501.05563,212.35403,0.7180477,0.0,0.0,0.14958847,507.60574,224.41504,0.9771488,491.44928,225.2189,0.9528065,509.10492,239.28117,0.91469747,487.65237,239.46532,0.6980297,496.6396,240.75417,0.87064236,489.33163,240.47142,0.668297,503.95334,257.58167,0.98895067,493.32648,257.5973,0.9839489,502.80585,284.09308,0.9760992,493.89883,283.98126,0.9627144,503.29752,308.15158,0.9485842,497.5378,307.46796,0.9277694
0.0,0.0,0.16531625,0.0,0.0,0.10658327,0.0,0.0,0.15409414,0.0,0.0,0.112666965,0.0,0.0,0.22931021,0.0,0.0,0.39991418,844.30316,225.8585,0.6522558,0.0,0.0,0.19772932,833.97754,242.41208,0.5222349,0.0,0.0,0.20366868,0.0,0.0,0.43255043,848.89105,262.86197,0.60108197,846.39954,263.06802,0.7341977,847.4827,294.4391,0.5695553,845.53296,294.40234,0.69387865,848.3011,325.3405,0.5999023,846.33527,325.47482,0.69414854
0.0,0.0,0.087001994,0.0,0.0,0.068656854,0.0,0.0,0.046259616,308.72238,209.83868,0.56039584,0.0,0.0,0.403062,303.77026,221.3416,0.9449962,326.8143,220.84505,0.9294645,300.75616,237.47284,0.7696074,332.1899,236.24019,0.66976273,301.39896,249.71967,0.52056354,0.0,0.0,0.42818564,306.76642,252.53412,0.9807329,322.81476,252.50244,0.9774688,305.67038,278.5482,0.9733333,323.78622,278.8599,0.9656691,304.8228,303.74747,0.9620441,324.625,303.485,0.9535983
0.0,0.0,0.16523907,0.0,0.0,0.1897053,0.0,0.0,0.047910698,778.2701,204.68222,0.67804146,0.0,0.0,0.13255106,780.5869,215.31021,0.94105613,799.0437,213.55106,0.86126614,775.0989,226.96802,0.8540162,810.22437,226.43985,0.51121706,771.75586,229.19911,0.71184313,0.0,0.0,0.40920806,790.1285,250.54054,0.9755786,801.78754,248.99808,0.9626767,784.18176,280.08948,0.9633107,796.1752,278.68524,0.9359843,790.09827,309.1979,0.9428613,797.94006,306.00433,0.9144023
0.0,0.0,0.13051046,0.0,0.0,0.08981826,0.0,0.0,0.10034416,0.0,0.0,0.44853345,0.0,0.0,0.46833026,139.8665,229.00656,0.9546044,156.78981,229.00871,0.9573533,134.33691,241.60689,0.7578401,161.48724,241.18192,0.7900909,133.14548,250.9189,0.5609012,161.42065,250.75972,0.59064007,141.34827,253.54305,0.98057806,152.30116,253.37122,0.9815081,141.65446,273.4825,0.95881736,150.70053,273.1899,0.9610178,141.7032,291.2604,0.93097067,149.24013,291.0383,0.9340902
0.0,0.0,0.14350471,0.0,0.0,0.09678399,0.0,0.0,0.12032209,0.0,0.0,0.39947286,0.0,0.0,0.45707253,241.64903,229.25565,0.9405496,259.64658,229.20203,0.9474387,236.36795,244.62386,0.68962216,264.80273,243.09999,0.7593426,0.0,0.0,0.49535722,263.85974,256.85062,0.55355346,244.10225,256.53738,0.9737048,255.8645,256.26718,0.975443,244.84686,278.23685,0.9488367,254.75688,277.62067,0.9536882,244.32399,297.33905,0.92695045,253.0366,296.93674,0.9326406
0.0,0.0,0.13883418,0.0,0.0,0.10207442,0.0,0.0,0.088402696,0.0,0.0,0.43974662,0.0,0.0,0.36948928,114.96424,229.55064,0.9434801,130.55042,229.49292,0.94225764,109.994774,241.66422,0.7238399,134.47452,242.12248,0.69431114,109.79538,252.11371,0.5351437,0.0,0.0,0.49538326,116.19008,253.2758,0.97830224,126.11137,253.2526,0.978311,116.59568,271.8505,0.9667992,124.36717,271.85333,0.96587765,117.253624,289.80844,0.9555183,123.18962,289.9371,0.95503604
696.79095,198.9852,0.7500838,698.7315,196.11742,0.6111822,693.9526,196.4329,0.7007052,0.0,0.0,0.40507296,688.4819,198.92607,0.58486605,704.3624,214.60794,0.89603454,685.4623,216.08635,0.92128897,709.00684,232.01747,0.51999354,691.34546,234.40005,0.6257975,0.0,0.0,0.4455567,698.6609,237.03223,0.5162554,703.4363,251.3133,0.8602306,691.18713,252.38432,0.8804423,701.1796,278.68588,0.80031073,692.35315,279.82626,0.8225579,701.1022,311.35422,0.77070475,695.3191,312.8747,0.7891169
