453.15762,183.90817,0.97204167,457.14383,180.14444,0.9651276,450.31387,180.2824,0.9019247,465.97232,182.33539,0.88065594,0.0,0.0,0.48781675,475.89987,205.59868,0.9966809,444.6539,205.29039,0.9956299,488.35995,234.12811,0.9874527,430.46585,230.03976,0.96642226,490.05786,259.651,0.97763515,420.40918,253.06393,0.9505776,468.2205,261.54242,0.9974706,450.1446,260.98828,0.9970906,460.37363,304.3422,0.99270576,452.00723,303.86096,0.98934317,458.57483,344.32285,0.9737255,458.02118,343.3134,0.9646336
543.7378,175.44331,0.9666018,548.1851,171.45543,0.9433791,540.12506,171.4052,0.92712986,555.164,174.49388,0.77171654,534.9553,174.33447,0.6621678,564.81683,200.78067,0.9934267,526.24756,201.41647,0.994816,576.15576,233.35072,0.96076477,520.18744,233.73366,0.9615311,574.83575,263.34683,0.9346687,515.3168,262.57623,0.93186325,554.5585,263.072,0.9947418,530.561,263.15695,0.9954625,546.8213,309.13876,0.9849849,526.8004,309.2077,0.98461574,544.42487,352.40805,0.9543416,530.5165,352.51953,0.9528214
365.28882,175.76727,0.9459016,370.51337,171.05092,0.9399967,361.7575,171.10397,0.8537812,380.28027,174.6293,0.8279839,0.0,0.0,0.43725696,393.98352,205.36713,0.9932387,348.43958,206.21564,0.9896192,405.92636,243.32764,0.97656745,339.0065,243.29807,0.9297981,410.08127,282.28552,0.9565706,336.29398,277.3953,0.8953871,384.8543,277.44534,0.9959228,357.65125,277.6235,0.99479634,376.89246,327.35022,0.9889305,363.32742,327.4433,0.9830996,369.66452,373.49548,0.96113575,369.7685,372.84012,0.94723225
614.8162,174.74939,0.968424,620.04193,171.45084,0.944615,610.5728,171.2371,0.9075076,628.5611,174.07796,0.8415648,604.6629,173.84232,0.6605199,636.48694,199.00438,0.994369,599.24634,200.05652,0.98695785,651.2219,229.97162,0.97275543,589.00684,230.55467,0.91981137,655.1564,261.39124,0.9372894,587.9876,259.10373,0.86583877,628.8633,259.4012,0.995741,605.66595,259.90094,0.9932294,627.8443,307.17154,0.9911742,608.63135,307.76645,0.9870127,626.68713,351.82193,0.9739422,613.32294,351.17343,0.9675336
285.12317,191.21269,0.9561417,290.29324,187.60611,0.9214758,282.51294,187.58571,0.8392422,300.41464,189.52719,0.84703565,280.69147,188.83313,0.58198,309.74063,212.74117,0.9962154,275.67258,211.92918,0.9898543,323.66376,243.30316,0.9867405,267.11264,240.19673,0.9488039,315.08682,265.08502,0.96783507,259.35593,266.19498,0.91376686,301.43213,274.49615,0.9977397,279.03717,273.8099,0.9960936,301.95615,323.27722,0.993469,277.4019,322.61227,0.98967046,312.62943,366.5373,0.97325855,290.21216,365.0868,0.96578795
0.0,0.0,0.06329772,0.0,0.0,0.030883173,0.0,0.0,0.04436127,0.0,0.0,0.49770844,744.96313,182.87367,0.6940579,718.48804,203.49393,0.9692714,753.68475,204.4611,0.98381835,711.81586,230.54898,0.8143213,762.9508,234.75214,0.92109364,717.326,250.18748,0.54247135,766.6623,257.12576,0.7069664,723.48303,262.3092,0.9929055,746.97406,262.82126,0.99508756,721.5624,305.54233,0.98274696,745.18976,306.09372,0.98676527,721.4071,346.98453,0.95780814,743.4395,347.5965,0.9649295
199.31897,177.5075,0.9569002,204.59438,173.3114,0.94780767,195.86063,172.87546,0.8927565,212.45158,177.65067,0.8235227,190.18924,176.74252,0.5111326,220.36172,207.80634,0.9898459,181.39908,206.99695,0.9865339,228.60115,243.06001,0.95450085,174.65218,240.69547,0.8939662,223.63556,273.25397,0.9252398,169.04355,270.13293,0.84991753,208.0017,274.2585,0.9903362,183.68803,273.53604,0.9886058,197.60904,320.59747,0.97960234,180.15297,319.815,0.9707271,200.60362,366.1733,0.9472332,189.247,364.94864,0.9306479
109.473755,198.0358,0.5086568,0.0,0.0,0.42432672,0.0,0.0,0.2725771,110.75835,196.6271,0.5943612,0.0,0.0,0.35456124,113.81294,218.73296,0.96232927,120.49527,217.17845,0.94582593,121.6317,248.54134,0.87187403,120.18142,247.32898,0.7504012,125.35957,271.5399,0.7617265,119.08293,270.737,0.6292361,114.95258,276.60785,0.9830155,120.64326,275.59756,0.9792358,111.793945,322.9167,0.9769479,117.46773,321.95016,0.9692416,110.57037,368.17822,0.9498482,115.75351,366.59552,0.938852
0.0,0.0,0.05657885,0.0,0.0,0.041572444,0.0,0.0,0.035389904,0.0,0.0,0.095356226,0.0,0.0,0.08370864,0.0,0.0,0.28320354,0.0,0.0,0.29345974,0.0,0.0,0.25661215,0.0,0.0,0.25389674,0.0,0.0,0.23341696,0.0,0.0,0.22819051,0.0,0.0,0.40147907,0.0,0.0,0.41536447,0.0,0.0,0.36120513,0.0,0.0,0.36145684,0.0,0.0,0.29387805,0.0,0.0,0.29735705
654.87744,190.10144,0.8194408,658.504,186.85371,0.83312565,652.6219,186.97865,0.6239809,664.7412,188.84337,0.7588152,0.0,0.0,0.2782435,668.84106,208.10765,0.96016926,648.5528,209.93797,0.90016913,672.64026,230.81082,0.82803935,0.0,0.0,0.41475782,673.13873,256.59045,0.7210157,0.0,0.0,0.3599468,663.7582,255.87401,0.9456152,650.9006,256.5856,0.9088788,662.3851,293.7114,0.9203127,652.7075,294.30084,0.85450906,662.379,330.71747,0.89174443,653.6696,330.7735,0.83351105
0.0,0.0,0.0708841,0.0,0.0,0.07467427,0.0,0.0,0.03934764,0.0,0.0,0.13144031,0.0,0.0,0.042789344,0.0,0.0,0.17988363,0.0,0.0,0.11274545,0.0,0.0,0.24860981,0.0,0.0,0.10682378,0.0,0.0,0.26029035,0.0,0.0,0.13541183,0.0,0.0,0.20635441,0.0,0.0,0.16907167,0.0,0.0,0.22305696,0.0,0.0,0.17472403,0.0,0.0,0.19968385,0.0,0.0,0.16722007
236.93459,215.47841,0.65076226,239.30583,213.03867,0.67699945,0.0,0.0,0.4000959,244.71935,214.22328,0.6567235,0.0,0.0,0.13168716,250.4751,228.88283,0.94157296,234.02068,228.15543,0.86433506,254.06361,249.97395,0.8082546,0.0,0.0,0.43973762,247.05403,268.9463,0.7014951,0.0,0.0,0.39456558,243.00095,266.19525,0.9525303,232.65692,265.33978,0.9267993,242.73665,296.28424,0.9111672,233.01532,295.7218,0.86086184,243.33057,324.29688,0.85403883,236.11395,323.3732,0.79731494
0.0,0.0,0.3783056,0.0,0.0,0.27875322,0.0,0.0,0.28404525,0.0,0.0,0.30658734,0.0,0.0,0.29892045,688.0358,225.60483,0.88682526,683.1281,225.94246,0.8796427,693.54785,244.0161,0.63577914,684.4583,244.77,0.63621575,696.4624,260.5106,0.53180057,686.7313,260.42722,0.52927953,686.5796,260.1279,0.9420765,684.29614,260.2329,0.94123477,684.86926,287.1317,0.9286163,683.31805,286.9238,0.9281331,682.30884,312.2437,0.88799113,680.7544,312.35834,0.88832676
