715.1152,92.620056,0.9567941,720.9145,85.72543,0.7187408,706.1306,84.96235,0.9426422,0.0,0.0,0.33913076,688.1036,90.575615,0.8959258,730.4346,147.01947,0.9719616,670.6629,147.30566,0.9974578,734.5895,225.44661,0.8392493,644.3667,225.55672,0.9928653,755.846,278.61792,0.80156916,646.48004,294.5411,0.97894317,726.33417,278.85373,0.990377,693.1786,280.84756,0.99714917,705.51416,373.32382,0.969481,707.5125,373.7331,0.9907482,668.9444,459.18414,0.8404091,705.2918,460.8316,0.9219726
0.0,0.0,0.08230115,0.0,0.0,0.04827154,0.0,0.0,0.044353917,254.77576,178.01582,0.7022997,273.52725,178.187,0.6599323,243.92172,201.80095,0.98774266,283.33224,201.85027,0.99054503,230.56737,234.77382,0.93928343,296.87503,232.98486,0.94182813,227.28111,264.62616,0.78705764,299.9482,260.66074,0.7730426,250.95065,263.99783,0.9966383,276.2363,264.36063,0.99692756,253.71811,308.84717,0.9888868,278.01468,309.3196,0.9878762,257.2957,351.08093,0.96493715,278.25165,351.75027,0.9623931
837.223,136.80998,0.9514695,844.86115,129.80789,0.83514464,829.2608,129.3627,0.9596025,0.0,0.0,0.34927905,816.7573,133.1948,0.85462236,854.0,175.57756,0.77272284,797.83185,169.91092,0.98309267,0.0,0.0,0.35164398,764.13354,207.76361,0.95170224,0.0,0.0,0.3596063,788.0155,203.84454,0.89446265,853.72894,276.49957,0.8925079,808.6531,275.26807,0.96957433,851.04285,360.94763,0.8553424,789.8615,364.5259,0.95883834,823.8538,418.8144,0.7338774,758.36414,430.1355,0.8718621
0.0,0.0,0.10629044,0.0,0.0,0.056850746,0.0,0.0,0.0957427,0.0,0.0,0.42280006,128.25845,216.48712,0.63654083,111.25842,227.53711,0.9745702,132.05153,228.30548,0.9807874,104.555115,242.69318,0.7899433,136.78493,243.6475,0.8814397,104.91799,255.2288,0.5397934,136.74467,256.4932,0.6626684,113.45389,256.24875,0.9871022,127.381096,256.56076,0.98900837,113.550896,278.3651,0.96073216,126.663055,278.51562,0.96755344,112.46697,297.85703,0.92794687,124.25959,298.2057,0.93787444
401.941,165.01012,0.96017706,406.09265,160.84029,0.87094736,397.043,161.45859,0.94196004,412.44626,163.46895,0.5750546,390.93134,164.87015,0.8284901,422.22433,190.19786,0.9703269,383.37167,192.23663,0.99165183,430.47766,220.14062,0.8473648,383.3294,224.80823,0.97033376,427.1212,216.8843,0.80310774,413.47235,222.08365,0.94061947,420.05466,257.7774,0.9829402,394.1224,259.59952,0.99095225,423.0516,310.65714,0.96845055,401.28882,314.3985,0.98437494,416.05148,354.8965,0.92651385,399.49356,361.60257,0.9534847
0.0,0.0,0.1972392,0.0,0.0,0.13700943,0.0,0.0,0.12651703,72.18383,216.29277,0.6086016,81.54092,216.3161,0.5432343,67.85867,228.00331,0.98230344,86.6658,228.10196,0.9810203,63.304565,242.25781,0.84003425,93.559395,242.56432,0.82115585,64.35426,254.25728,0.64575857,94.079834,254.07314,0.6134951,70.925,255.90926,0.9915724,83.18229,256.01758,0.9913681,70.780464,277.41165,0.9820473,83.81504,277.24417,0.9815347,71.18146,297.72147,0.9700725,84.64587,297.7713,0.96971524
468.07382,200.94911,0.93123496,471.3166,197.99527,0.8606205,464.8139,197.50606,0.90157884,475.129,200.95699,0.5506077,458.06226,199.4849,0.71645474,478.66696,219.88312,0.9796575,449.24402,218.3282,0.98835224,486.76343,240.64496,0.88970685,438.2379,238.60439,0.9429439,483.5195,244.91177,0.8516948,440.82916,244.71024,0.9042192,469.5441,267.30295,0.9880058,451.3224,266.70374,0.9909087,465.17062,305.78345,0.97766256,453.41553,305.2672,0.9811825,458.52917,341.5823,0.9522158,452.66656,341.13092,0.95769864
0.0,0.0,0.13540435,0.0,0.0,0.07517166,0.0,0.0,0.11376649,0.0,0.0,0.4259708,164.32732,212.81227,0.6030761,150.13596,224.50606,0.9739862,168.15273,224.8642,0.9792021,144.28201,240.12393,0.7819343,174.169,240.45479,0.86335063,145.35289,253.21942,0.5522702,175.52325,253.70294,0.65261126,153.31172,254.1747,0.98895895,164.6128,254.41832,0.99027526,155.72037,277.7895,0.97153395,164.80635,277.7055,0.975808,156.08269,299.32825,0.94999456,163.48015,299.6692,0.95614237
0.0,0.0,0.13150586,0.0,0.0,0.13238555,0.0,0.0,0.052714363,333.27502,218.08376,0.7277566,0.0,0.0,0.31736356,329.45978,230.78203,0.97526395,350.496,230.04527,0.95470184,321.97327,246.34337,0.91628414,356.6334,245.08282,0.74472415,318.126,259.93527,0.7690786,357.26526,257.18265,0.5446381,336.121,261.25873,0.9884947,348.88116,261.09824,0.9833628,335.13135,284.68863,0.97853285,343.448,284.87015,0.9635752,340.99393,307.64285,0.9599182,344.8671,306.91174,0.9400434
586.9444,214.51834,0.7661957,588.89777,212.25777,0.75376636,586.25574,212.48228,0.5183701,594.2131,213.41101,0.72469205,0.0,0.0,0.2831709,598.7814,225.39375,0.97133416,586.5993,225.8013,0.9452153,597.5385,238.86258,0.9100284,581.8951,238.44826,0.70825046,586.2066,236.84691,0.8588763,581.5214,235.55699,0.66522425,595.1554,258.7469,0.9655888,587.36835,258.4726,0.9508116,591.6935,284.60867,0.9239365,585.9104,284.47668,0.8790886,592.17554,306.6864,0.8508872,587.298,305.88712,0.79575396
497.88632,218.88275,0.79207766,499.71936,216.73485,0.75953305,496.44186,216.74702,0.67774457,503.34277,217.43906,0.6134859,0.0,0.0,0.40956885,507.52066,228.14908,0.9708355,492.8488,228.40198,0.9597571,510.4772,242.06,0.8537842,491.16766,242.4681,0.7702512,506.1099,250.34796,0.8001571,495.28613,250.25023,0.72320366,505.36325,256.61887,0.9761101,496.06857,256.66592,0.9726855,504.9743,279.9484,0.9517777,497.80798,279.944,0.94371593,505.74075,301.41443,0.90141225,501.10934,301.46667,0.8895047
