0.0,0.0,0.31564513,0.0,0.0,0.3264029,0.0,0.0,0.04430917,496.31128,32.77444,0.9382137,0.0,0.0,0.30632904,482.4632,101.17999,0.98721385,570.0792,89.501076,0.9500612,451.5512,197.88531,0.9437563,582.59296,177.59703,0.68479,457.31192,247.55464,0.8075669,561.3955,218.76538,0.5065601,506.94775,267.55713,0.98193836,562.7603,263.95428,0.96638894,507.35196,422.12204,0.8191048,551.14166,423.19843,0.71859246,0.0,0.0,0.21793456,0.0,0.0,0.1685267
0.0,0.0,0.113204546,0.0,0.0,0.087703854,0.0,0.0,0.05440686,226.46973,190.42842,0.7487005,243.05528,189.91895,0.5829308,217.80351,210.63063,0.9870661,252.90692,210.96121,0.98908305,202.42865,233.54175,0.93327254,263.8576,238.38007,0.9275554,202.96219,249.66682,0.77105075,266.44766,260.95694,0.75247115,226.55092,263.2694,0.99470055,247.36804,263.5531,0.9950656,229.8355,299.49966,0.98287326,240.52344,300.07632,0.98105145,237.62956,334.48352,0.9544332,237.4715,334.33316,0.9505116
0.0,0.0,0.38802412,0.0,0.0,0.32345936,0.0,0.0,0.13835943,799.8132,185.30406,0.7042596,0.0,0.0,0.27074888,796.26776,207.9505,0.97308505,830.16486,206.2164,0.90176505,793.2115,239.94208,0.9282884,839.5697,236.40327,0.69164264,791.8262,270.05417,0.8280802,838.99756,255.713,0.5798512,802.52026,263.6163,0.98281294,828.1248,262.7969,0.967967,790.67896,307.06912,0.9711902,831.13947,310.57077,0.95123637,782.203,350.9627,0.9260513,833.80725,357.17496,0.8991434
663.7541,207.09544,0.9015396,667.0223,204.45067,0.8574061,661.2583,204.14148,0.81174034,672.23846,207.91139,0.6943763,657.1125,207.08768,0.5416536,675.2684,225.75761,0.9798869,653.2497,224.32706,0.9798014,677.5744,242.75684,0.8850786,646.6243,240.05945,0.84282875,665.71234,237.66881,0.83634216,651.0041,236.81587,0.7823505,668.7857,264.1913,0.97936946,653.83167,263.27136,0.9787335,668.7435,294.42014,0.96514237,650.04095,293.3462,0.9592153,669.8726,323.25537,0.9389122,649.1052,321.59875,0.9313797
0.0,0.0,0.19983502,0.0,0.0,0.12506418,0.0,0.0,0.18415955,0.0,0.0,0.43555498,85.337814,219.22513,0.60228014,71.72773,229.83289,0.96783787,88.54319,230.27301,0.9739804,65.541565,243.90578,0.76188374,92.51393,243.61061,0.8480263,66.13685,255.51933,0.5759109,92.46107,255.47874,0.67183423,73.4849,255.87926,0.98569816,84.56047,255.92644,0.98747814,74.07824,276.02747,0.9706303,84.21612,275.7882,0.97501045,72.99063,294.73627,0.95814127,82.70384,294.76575,0.9632042
0.0,0.0,0.10920803,0.0,0.0,0.071363434,0.0,0.0,0.07574025,0.0,0.0,0.44079956,0.0,0.0,0.4537268,141.4811,227.76462,0.9563917,160.12029,227.76668,0.95878756,136.5289,241.42737,0.7382715,166.5888,241.5222,0.76023173,137.37784,253.35088,0.5080493,166.78381,253.39622,0.521826,145.15135,254.47177,0.97997206,156.95901,254.49043,0.98086196,147.25143,275.52325,0.9543884,155.70213,275.3644,0.9563277,148.81079,294.72498,0.92671627,155.04063,294.737,0.9296379
0.0,0.0,0.16481358,0.0,0.0,0.11769806,0.0,0.0,0.10407665,351.64963,203.7304,0.5702172,0.0,0.0,0.4706849,348.15546,217.51009,0.9708038,365.8455,217.2112,0.96865374,343.47827,236.27771,0.76766014,371.50027,235.79082,0.74703866,343.06668,251.5442,0.52175695,0.0,0.0,0.49532032,350.8523,251.53177,0.98520017,362.2394,251.34355,0.98495877,352.48676,279.73917,0.96597445,361.0714,279.47473,0.9649919,354.6813,307.15295,0.9381353,360.36487,306.83002,0.93708783
0.0,0.0,0.11616663,0.0,0.0,0.06973588,0.0,0.0,0.08316103,0.0,0.0,0.45226356,125.77212,220.87663,0.5062653,110.555725,231.1808,0.9731352,128.87221,231.46968,0.97541827,103.91809,244.97115,0.80498284,133.77814,245.28415,0.83546495,103.4411,257.3889,0.57985955,134.12073,257.93832,0.610862,112.54163,256.65207,0.988521,124.07168,256.87872,0.9890416,113.39038,276.31973,0.97143555,122.613716,276.28815,0.97304326,112.966736,293.76544,0.95376366,120.78222,294.04477,0.956173
0.0,0.0,0.10225042,0.0,0.0,0.053106718,0.0,0.0,0.09642917,0.0,0.0,0.34497693,288.06696,219.73497,0.6055526,273.7253,230.30074,0.9627671,291.84085,230.46333,0.9739614,268.97235,245.5995,0.7304878,297.2921,245.31985,0.86557186,0.0,0.0,0.48317638,298.93024,257.71326,0.6433311,276.8947,259.31067,0.9836623,289.2523,259.37466,0.9867512,278.13297,282.69385,0.95612603,290.1655,282.4235,0.96571475,278.02695,304.54282,0.92695653,289.59097,304.66928,0.9396438
0.0,0.0,0.23847625,0.0,0.0,0.14644797,0.0,0.0,0.21233843,0.0,0.0,0.31199837,186.15456,223.23854,0.5104526,180.9062,233.2039,0.9392562,187.0394,233.41649,0.9528179,177.91057,246.07681,0.6855869,190.91676,246.30751,0.8008332,178.47087,256.37668,0.54650325,193.94083,256.6029,0.6548874,182.66603,257.67072,0.97990704,186.18753,257.8993,0.98259443,185.22252,277.36505,0.9723699,187.43361,277.28015,0.9769155,185.81216,296.48608,0.96196973,186.98952,296.82843,0.96714383
0.0,0.0,0.15806797,0.0,0.0,0.12747583,0.0,0.0,0.09413,376.79666,219.09085,0.5125962,0.0,0.0,0.34158137,373.4344,229.42807,0.94147307,390.2717,229.0299,0.92736334,368.9773,243.32405,0.7392221,396.42938,243.02719,0.6403241,368.45438,253.5959,0.535614,0.0,0.0,0.4442202,375.76288,256.05573,0.967951,385.97232,255.95119,0.96445334,375.38876,277.73618,0.94635105,383.4573,277.49557,0.93882555,375.75696,297.95062,0.91235083,381.396,297.79218,0.9041945
0.0,0.0,0.23045303,0.0,0.0,0.2120178,0.0,0.0,0.10560033,746.6722,205.87538,0.6029914,0.0,0.0,0.28049156,745.63824,219.27791,0.9351719,762.10095,217.84378,0.8962348,743.8784,234.86093,0.75424165,769.4991,232.75359,0.5467705,744.00586,241.81477,0.56093657,0.0,0.0,0.38747692,750.5094,253.07318,0.9612866,761.5973,252.41557,0.9516055,751.1307,281.44168,0.93542886,762.5142,281.12735,0.91316336,753.8122,309.3278,0.9102495,762.5714,308.0669,0.8887811
0.0,0.0,0.13215546,0.0,0.0,0.14081556,0.0,0.0,0.047719233,406.8743,216.46857,0.6766765,0.0,0.0,0.22074044,406.40842,227.8508,0.951702,422.5066,226.94208,0.88129276,405.23563,242.98653,0.849443,428.7835,241.298,0.5226605,404.91226,253.69551,0.65267324,0.0,0.0,0.35821927,410.00366,256.22913,0.9710704,421.1107,255.82494,0.9522146,408.33655,278.5816,0.94974184,421.2477,278.6654,0.9110942,407.3452,298.59637,0.92012674,421.7367,297.4918,0.8787827
0.0,0.0,0.1844894,0.0,0.0,0.070560284,0.0,0.0,0.19469666,0.0,0.0,0.1907008,732.7356,210.0045,0.63256437,715.4506,222.16922,0.816887,732.0438,224.74147,0.9269893,0.0,0.0,0.35727483,736.1347,240.47375,0.77242297,0.0,0.0,0.2505467,739.39825,244.46178,0.5542924,717.4548,258.36896,0.89622635,728.2099,260.04132,0.9380869,719.78906,288.84396,0.8342237,728.60516,290.13336,0.8982982,719.7136,315.53268,0.78089565,725.4434,317.53644,0.84370536
