734.30743,180.85007,0.9527115,737.74725,177.6821,0.8150029,730.9227,176.56758,0.9278276,0.0,0.0,0.48438957,720.14795,177.88474,0.8508736,740.39026,206.22832,0.98309773,705.9834,203.83684,0.9948768,746.98694,240.31091,0.9171179,694.4581,239.18323,0.981037,743.18353,267.16418,0.870295,688.5106,272.72113,0.95715415,730.19696,268.9514,0.99488336,706.70996,267.86646,0.9969848,733.4267,320.6768,0.9897311,704.3502,319.1522,0.99430263,730.82367,363.54767,0.97204685,702.021,364.33548,0.9813043
0.0,0.0,0.105849944,0.0,0.0,0.04936553,0.0,0.0,0.0736036,0.0,0.0,0.35522443,413.0401,191.51219,0.5695782,384.97318,212.00777,0.94284075,419.69006,211.52701,0.9540918,377.42102,239.83694,0.7668974,430.61618,234.33917,0.8301413,379.50546,257.64874,0.54741603,427.0058,243.37073,0.61454356,387.80475,266.78412,0.98455,409.5325,266.64734,0.9863056,391.48438,307.492,0.97709674,403.55487,307.59332,0.97878426,394.85968,346.08447,0.9577842,399.57394,347.12378,0.9598276
207.60786,169.7776,0.9245264,212.02676,165.47482,0.90541965,203.71893,165.60382,0.8212831,219.60402,168.4322,0.7675722,0.0,0.0,0.43706712,229.88441,194.65138,0.9853667,190.98419,195.88031,0.9782235,236.04718,221.39168,0.9298813,185.1522,226.01028,0.8238287,218.06602,198.09714,0.89192545,200.8958,209.41786,0.77280354,222.01744,263.97766,0.991655,197.48445,264.1479,0.9892785,217.59152,317.48508,0.98868656,200.43231,317.104,0.9827764,216.90718,368.04865,0.9710786,210.8119,366.46307,0.9604212
0.0,0.0,0.13441409,0.0,0.0,0.08401778,0.0,0.0,0.0848439,488.7263,216.57574,0.65111625,501.7853,216.65652,0.6512518,479.77167,233.01648,0.97141266,510.4971,233.18204,0.9744658,470.32275,254.52118,0.82748854,519.0898,254.33203,0.8399627,470.2168,273.72107,0.58420444,521.49274,273.29755,0.5910017,484.60858,272.5091,0.98671615,504.66586,272.8,0.9869065,482.5541,301.43213,0.97302103,504.44995,301.83362,0.9701099,483.73322,329.646,0.953196,504.85492,329.80746,0.9488622
0.0,0.0,0.14858213,0.0,0.0,0.09410806,0.0,0.0,0.089416355,0.0,0.0,0.460863,0.0,0.0,0.4483995,746.97723,222.86305,0.9394183,770.4227,222.01878,0.9477954,747.17914,246.30666,0.7107349,780.50385,244.02142,0.7477987,0.0,0.0,0.47835955,779.837,259.5983,0.5083858,750.289,265.51096,0.97286123,765.7783,265.21408,0.9753366,751.5929,297.35284,0.9457186,765.37524,297.23428,0.9475819,753.54553,326.96307,0.91523504,762.1609,326.55243,0.9169576
0.0,0.0,0.043923836,0.0,0.0,0.022617474,0.0,0.0,0.0328218,0.0,0.0,0.27017578,0.0,0.0,0.46857524,521.11444,226.55255,0.88124657,547.89014,224.15733,0.9260506,518.4961,247.18793,0.5998625,558.44165,240.81152,0.7939337,0.0,0.0,0.37088275,556.1315,250.1975,0.5534744,529.2652,265.6183,0.9779267,547.0212,264.81253,0.983906,531.4007,296.86728,0.97294587,546.8122,296.15875,0.9796245,533.466,328.84286,0.9634172,547.07697,327.70172,0.96997035
0.0,0.0,0.212153,0.0,0.0,0.2067491,0.0,0.0,0.08264207,664.26825,203.7013,0.76773775,0.0,0.0,0.36146605,660.14886,218.99312,0.9735536,682.2604,218.76463,0.9351709,654.5315,238.07074,0.87149984,686.6536,239.80301,0.56869835,651.261,256.37903,0.65561694,0.0,0.0,0.35661465,662.2318,255.83905,0.97357935,676.7305,255.52129,0.9571686,661.3348,284.0955,0.9423927,675.1633,284.2804,0.9000409,663.0501,308.6447,0.8870181,674.5985,308.20615,0.83385634
254.58948,197.04703,0.894314,258.32574,193.41122,0.90055245,251.95047,193.50128,0.68650717,266.0194,194.36871,0.82217205,0.0,0.0,0.23274954,275.5144,212.97081,0.98161733,246.09431,215.01686,0.93967706,279.97165,236.75388,0.95104533,243.74446,240.6794,0.6547978,261.13382,235.17249,0.91485447,246.87752,241.34827,0.6379068,269.5982,269.60486,0.98314685,250.25209,270.08798,0.96638364,266.91406,314.16483,0.9752814,249.01132,314.46082,0.9427358,268.56198,354.0679,0.9382867,252.62163,353.34586,0.8867681
0.0,0.0,0.12711048,0.0,0.0,0.062243387,0.0,0.0,0.14424689,0.0,0.0,0.22288474,649.6683,210.46632,0.5883005,632.385,221.47452,0.873895,649.98145,222.56458,0.9231876,0.0,0.0,0.4677982,650.756,239.79471,0.72754854,0.0,0.0,0.29796207,0.0,0.0,0.4958112,636.06866,253.09955,0.94434446,647.2169,253.88173,0.9573925,637.77216,278.70496,0.9064821,647.42456,279.25064,0.9298207,638.69714,303.21436,0.86648023,646.2334,304.35504,0.8917932
181.08751,186.46451,0.9001023,184.89876,183.12857,0.80512315,178.04883,182.80663,0.8885868,0.0,0.0,0.45707023,171.98927,185.80757,0.72058624,196.29485,208.80614,0.94758874,162.6146,210.18054,0.9804685,201.96909,229.47131,0.7062282,154.29591,238.25014,0.915021,188.75726,225.34554,0.66135675,158.76831,252.21239,0.84918916,190.58861,263.43793,0.9678266,169.3077,263.89224,0.98097414,187.15746,305.2866,0.9572956,169.17404,305.0369,0.9721458,186.49828,345.2445,0.9346753,175.52388,344.6441,0.9517915
0.0,0.0,0.3417596,0.0,0.0,0.16164759,0.0,0.0,0.34106666,0.0,0.0,0.09784711,0.0,0.0,0.42577744,166.19852,216.66574,0.5567799,151.16248,218.15051,0.80420697,0.0,0.0,0.21617101,140.99007,242.22154,0.65412706,0.0,0.0,0.22056358,148.44083,261.5123,0.54231495,163.87404,262.4037,0.72821695,154.38643,263.5109,0.8382034,159.52386,293.56174,0.70789534,152.07645,294.6363,0.82286763,154.63316,328.91873,0.6871436,151.3713,330.67096,0.78475887
0.0,0.0,0.056122396,0.0,0.0,0.03324574,0.0,0.0,0.050602213,0.0,0.0,0.30632418,0.0,0.0,0.44756338,442.2469,226.4259,0.916416,464.91336,227.61325,0.9329658,435.38467,240.36137,0.59508014,468.4627,241.79164,0.70789844,0.0,0.0,0.360725,0.0,0.0,0.4483213,445.04526,255.83339,0.97619903,459.8817,256.5035,0.9790133,446.26135,281.00687,0.9624238,460.70825,281.45502,0.9675702,447.2068,305.1257,0.9479809,459.0142,305.81696,0.95377386
