0.0,0.0,0.09490011,0.0,0.0,0.046808306,0.0,0.0,0.062286388,246.88295,201.15341,0.6908173,265.37442,201.36984,0.7953712,233.65373,223.18811,0.9897169,275.12155,223.51497,0.9939492,219.48601,253.73833,0.92055833,289.66943,252.40112,0.95292765,217.2938,274.58368,0.721251,292.35617,269.1373,0.77985376,241.60489,282.41678,0.9961151,268.62543,283.09763,0.997001,243.11935,326.77655,0.9830723,274.25476,327.64972,0.98477423,245.50212,369.51282,0.9479676,275.54086,370.81174,0.9514958
0.0,0.0,0.38076052,0.0,0.0,0.081881724,0.0,0.0,0.34614742,0.0,0.0,0.31962168,91.07806,155.55557,0.8838357,45.664436,188.41383,0.9738641,95.87149,190.29665,0.9917874,34.282913,238.12688,0.83907646,112.233025,236.44371,0.9646395,43.528896,272.3387,0.6849239,121.08007,270.3188,0.8856242,59.720127,283.5922,0.99593025,94.623436,285.05728,0.9976088,63.21051,348.36008,0.99377126,106.02212,348.16714,0.9964144,57.260685,409.7222,0.9822223,106.91851,408.876,0.9874364
0.0,0.0,0.09183371,0.0,0.0,0.04796912,0.0,0.0,0.060768683,528.2149,192.25957,0.59390014,547.4539,193.02823,0.6992545,515.69745,214.74586,0.9723585,555.4759,214.99338,0.9819848,504.69818,245.53725,0.8312831,563.7302,239.04915,0.8924689,508.1272,267.36795,0.5812042,560.7013,250.1473,0.6533455,522.1387,270.2892,0.9928404,548.84265,271.00153,0.9941282,520.3731,311.8375,0.9870449,548.77185,312.7053,0.9876818,516.4979,352.49628,0.97331583,545.4314,353.83987,0.9740121
0.0,0.0,0.055245187,0.0,0.0,0.0280893,0.0,0.0,0.04222882,0.0,0.0,0.38290662,337.83636,194.14917,0.60463977,311.6516,218.68924,0.93521756,346.61926,217.70293,0.95344657,300.30847,247.67384,0.71157473,357.84015,248.14359,0.8082337,0.0,0.0,0.4254027,358.01294,256.2564,0.5255668,323.2654,274.1612,0.98163646,344.84586,274.12042,0.9846555,332.94922,316.20395,0.97210604,342.92786,316.15115,0.9750958,338.44434,362.01495,0.94566625,337.55643,361.77716,0.94930065
0.0,0.0,0.11569535,0.0,0.0,0.05975514,0.0,0.0,0.07529223,0.0,0.0,0.3879308,689.3605,199.77939,0.5372468,669.3732,215.51437,0.9500977,695.86957,214.52141,0.96474755,665.1445,237.41225,0.7653568,702.2004,235.83563,0.84885216,667.64056,256.41464,0.5356227,702.4981,253.95561,0.6336837,675.6795,256.0877,0.98162663,693.0799,255.75357,0.9854896,677.87805,289.08777,0.9549269,692.0662,288.74445,0.9623771,681.95087,319.93103,0.91427916,693.4312,319.68884,0.92457134
0.0,0.0,0.12788251,0.0,0.0,0.07074705,0.0,0.0,0.08407521,0.0,0.0,0.41051742,0.0,0.0,0.47695997,147.85136,221.60538,0.91098535,171.11246,222.58344,0.90854836,138.3224,243.51431,0.5712136,169.54286,243.15909,0.5491819,0.0,0.0,0.33657306,0.0,0.0,0.31131378,151.47421,264.11398,0.95534825,167.09157,264.9488,0.95194924,146.06395,297.30576,0.93767476,163.35303,298.2894,0.9268041,145.02325,330.22824,0.91160417,160.769,331.5202,0.8999182
0.0,0.0,0.18967113,0.0,0.0,0.17628153,0.0,0.0,0.08196864,643.4145,214.0275,0.7005444,0.0,0.0,0.3752456,639.1781,230.67668,0.9628607,662.51843,230.48146,0.9412747,632.8307,249.41466,0.8464716,669.84106,251.19931,0.68937117,630.9772,262.2409,0.64761156,0.0,0.0,0.4850568,642.52167,269.8836,0.9818911,657.28644,269.71005,0.97679543,642.3716,300.53683,0.97508913,653.3846,300.80225,0.9645707,646.0322,330.8415,0.9638223,653.1155,330.3175,0.9528701
202.65112,200.87038,0.6604755,204.14496,198.16768,0.54640007,200.27356,198.3291,0.50080675,0.0,0.0,0.46635816,0.0,0.0,0.36933747,209.24712,217.07716,0.9478744,186.29279,217.26788,0.91954935,209.43542,238.41718,0.78665626,181.54883,239.78888,0.60865074,204.32066,248.27176,0.6912923,195.48248,248.98064,0.5234189,201.66034,259.99033,0.96892637,186.95073,260.21597,0.9587968,199.01274,294.44193,0.9577096,187.67496,294.90634,0.9407277,192.60728,326.8117,0.92884547,186.9174,327.3547,0.90975106
467.88226,212.66972,0.7840651,469.489,210.31407,0.70795673,466.0063,210.09256,0.7137822,0.0,0.0,0.4662524,0.0,0.0,0.47495812,474.88116,223.94234,0.9535244,457.00928,223.35468,0.94869703,478.1345,239.19154,0.7770011,454.47702,238.5943,0.7577139,474.2365,243.43497,0.7245854,462.69113,242.71223,0.70704675,471.6476,257.5419,0.965694,459.76166,257.4858,0.9644885,472.34412,286.87125,0.93147606,460.50684,286.69388,0.92861587,471.2851,313.20908,0.8561424,460.82413,313.51166,0.8522301
438.9672,216.42386,0.76725286,440.8065,213.88466,0.68859655,436.99976,214.18875,0.6252792,444.22717,214.72852,0.5765605,0.0,0.0,0.44234914,448.89154,227.83844,0.9586285,431.86392,228.72496,0.9496061,453.07645,242.98871,0.7865938,430.5752,244.8277,0.6931868,448.17197,248.99878,0.69845676,435.56805,249.74207,0.6065213,445.93558,262.67435,0.9681755,435.13876,263.0224,0.96448916,445.3391,290.505,0.9609593,434.46637,290.71994,0.9529885,448.62027,318.66415,0.94532204,438.24136,318.47736,0.93686044
