29.127035,163.88177,0.93659055,34.67542,159.24075,0.93763983,25.668066,158.5404,0.781222,44.290344,161.27396,0.8512044,0.0,0.0,0.260867,55.25498,189.77057,0.99003756,10.772267,187.82135,0.9727026,61.597977,229.79765,0.9711691,0.0,224.82808,0.8015183,49.041977,264.27032,0.9468891,3.0478454,258.42685,0.7704937,43.434624,267.59113,0.99345845,15.163113,266.48282,0.98837703,38.712616,327.14932,0.9875959,16.773165,326.13007,0.97246504,39.707882,384.4938,0.95979047,22.822674,382.11026,0.92676646
169.50125,170.9511,0.50568414,0.0,0.0,0.088478506,169.02267,164.3936,0.5985237,0.0,0.0,0.2027129,158.77579,164.21568,0.933632,117.25344,191.24352,0.9383292,157.53516,196.28189,0.9940602,101.08903,239.34962,0.649751,166.55025,242.22606,0.98137146,111.845604,279.9958,0.5345227,176.23837,272.63916,0.93227607,123.57474,278.94617,0.9901181,150.13824,280.93115,0.99694026,130.52063,338.8106,0.98705775,155.65863,342.96716,0.9960461,113.91443,392.70624,0.9714049,144.80417,402.49088,0.9861762
0.0,0.0,0.13617395,0.0,0.0,0.04920252,0.0,0.0,0.113229424,272.6725,204.75838,0.5889826,291.5187,205.76828,0.86622196,258.46246,225.26054,0.98837763,298.8812,227.23949,0.9947359,246.6912,254.14412,0.88439316,311.91803,257.0326,0.95756847,248.01231,273.7569,0.6546255,312.33496,276.1425,0.7911392,262.2615,284.33887,0.9948515,289.152,285.3246,0.99650323,260.0946,327.31323,0.97760063,291.85028,328.25693,0.9825242,256.3744,368.04626,0.93455094,288.5526,370.27515,0.94479406
0.0,0.0,0.22741619,0.0,0.0,0.07992282,0.0,0.0,0.17315538,0.0,0.0,0.3824266,558.5561,193.99959,0.77451074,530.06793,215.91333,0.97864556,564.7393,214.57826,0.9877884,522.99603,249.00645,0.8463959,573.66095,244.27419,0.927611,522.4766,275.8235,0.65839255,570.9302,266.0059,0.7753405,534.1925,270.68292,0.9925223,556.4107,269.97217,0.99458885,538.4233,313.5014,0.9824002,551.9648,312.72528,0.98665595,541.81757,354.08057,0.9575878,548.46826,354.7359,0.96534324
0.0,0.0,0.044875138,0.0,0.0,0.016908469,0.0,0.0,0.039327595,0.0,0.0,0.28313178,345.80817,192.41362,0.6695788,320.4774,217.26414,0.90319514,357.76276,215.65796,0.95814586,315.9212,249.97775,0.5020244,372.02878,246.34932,0.81817186,0.0,0.0,0.25413993,371.71317,272.8395,0.50611115,333.34818,274.50284,0.97755015,357.88022,274.14883,0.98602784,336.9793,318.0549,0.9634465,360.76108,317.39297,0.9761836,335.69067,363.26627,0.94203556,355.698,362.318,0.9573613
0.0,0.0,0.10577589,0.0,0.0,0.05733324,0.0,0.0,0.06529691,0.0,0.0,0.37814248,0.0,0.0,0.48258728,671.8814,214.79759,0.9467167,697.29193,213.81108,0.9585405,668.6185,237.87897,0.7716441,702.0792,236.72137,0.82925683,669.29755,260.20084,0.54166025,701.11414,258.53033,0.60893905,677.4356,254.34587,0.98193085,694.2272,253.9811,0.9848733,679.75195,286.02158,0.960651,692.9255,285.68112,0.96510535,683.2756,315.9677,0.9275334,693.91583,315.73682,0.9334563
416.73837,216.04138,0.84166133,419.1115,213.39012,0.8271699,415.39664,213.57785,0.6515883,425.1648,214.19424,0.72233456,0.0,0.0,0.29481378,433.6501,227.84062,0.9703856,414.6897,229.32085,0.94565845,443.54337,243.00499,0.9022364,409.2934,245.68251,0.72600555,440.10355,249.93558,0.8518597,409.26627,253.93515,0.6868814,431.79733,264.36264,0.9807237,419.61984,264.72113,0.9730705,433.81046,293.99033,0.97967815,417.49136,294.06232,0.96772265,437.71692,324.6594,0.9730147,417.75385,323.8773,0.96139383
0.0,0.0,0.12318314,0.0,0.0,0.10685208,0.0,0.0,0.050762337,643.80206,212.15714,0.5167128,0.0,0.0,0.23218274,641.29004,226.22612,0.93774205,661.56067,225.66025,0.91606665,636.41174,245.21667,0.8141314,665.7506,245.68512,0.6756655,632.44745,257.04477,0.63639003,0.0,0.0,0.49846655,644.51465,265.06992,0.98044306,657.8424,264.57254,0.9776135,644.15186,295.93906,0.9696074,656.0571,295.77402,0.96125656,647.59906,326.9924,0.953716,656.0856,326.22568,0.94491047
474.72794,210.43814,0.7691683,476.59644,208.26231,0.6456101,472.74048,208.15398,0.6555116,0.0,0.0,0.4783678,468.61603,209.66101,0.50064397,482.46735,222.81377,0.96291333,462.5852,222.97382,0.96470845,487.56415,237.18506,0.822058,459.2179,238.74483,0.80823106,484.06775,241.40906,0.75442344,464.55838,242.33073,0.7316779,477.563,254.98169,0.97916734,465.1165,255.21637,0.979159,478.01883,284.5861,0.970524,469.05347,284.7598,0.96876,475.76358,313.74127,0.95219743,469.89066,313.77045,0.9505065
0.0,0.0,0.2077092,0.0,0.0,0.24862142,0.0,0.0,0.06286701,212.11232,214.33044,0.71049064,0.0,0.0,0.14719345,212.7816,228.736,0.9398252,229.93828,226.96739,0.8249376,210.49644,247.73737,0.8283578,0.0,0.0,0.36590394,204.53955,258.28177,0.6310534,0.0,0.0,0.26071182,218.25401,265.18866,0.94072866,229.8529,264.0625,0.8958779,216.53993,292.4404,0.88609153,227.53891,291.81067,0.7901678,220.53235,318.6326,0.81519073,229.49074,316.7508,0.7209495
