0.0,0.0,0.2664822,0.0,0.0,0.30773762,0.0,0.0,0.053132992,398.63785,139.64131,0.9007608,0.0,0.0,0.23833905,384.37213,189.36697,0.9774923,452.35916,185.8787,0.87340456,358.35654,244.49391,0.90902185,0.0,0.0,0.44513848,371.43954,264.91852,0.749522,0.0,0.0,0.31929496,391.4803,312.26044,0.9804028,436.0346,310.21136,0.9544937,385.4424,406.59467,0.95650214,418.339,408.08624,0.90902716,398.68784,475.90985,0.8149144,424.2674,480.0,0.7327282
0.0,0.0,0.17020613,0.0,0.0,0.07731384,0.0,0.0,0.14574024,0.0,0.0,0.49252748,170.03223,193.85777,0.7923706,148.94041,211.95197,0.9742687,176.78828,212.43684,0.9880299,141.18091,233.70598,0.79809,183.73639,236.2444,0.925973,143.55484,245.9075,0.5615318,183.10893,250.89514,0.74774706,152.13722,256.74316,0.9926621,170.6174,256.94934,0.9951444,152.17398,294.39484,0.9876506,168.2464,294.60492,0.9909388,149.67807,333.41064,0.9765069,163.75569,334.1335,0.9810044
619.18634,152.95485,0.96656245,623.5617,149.29027,0.8434401,613.17444,147.96823,0.95501703,0.0,0.0,0.391093,597.4868,151.52975,0.8773421,629.66846,190.62405,0.9667249,582.1055,177.30264,0.9935364,650.0138,214.13591,0.8230942,568.2431,169.58257,0.9756339,641.3943,201.65985,0.7989322,594.59644,144.34756,0.9518691,626.2638,270.23914,0.98511475,598.34204,267.7899,0.9927947,610.46515,343.41055,0.9792962,616.4555,348.2172,0.99062157,590.115,410.64764,0.93498546,625.05597,421.01404,0.9614776
0.0,0.0,0.3981974,0.0,0.0,0.19722562,0.0,0.0,0.40107834,0.0,0.0,0.13576949,841.3755,179.82019,0.505413,845.4954,203.49846,0.57891345,837.99695,204.55997,0.87244016,0.0,0.0,0.20602714,826.5883,237.10286,0.7719232,0.0,0.0,0.20717998,824.42694,243.05322,0.63993907,841.5589,264.7947,0.7219162,838.4967,265.05112,0.86773515,826.5837,311.98227,0.68017286,834.32263,311.90594,0.83442664,815.6035,350.1492,0.60359687,828.5328,350.3057,0.74637884
342.2138,201.40404,0.8851669,344.31375,199.29745,0.77902514,340.0583,198.97128,0.8331093,346.66107,201.24817,0.50019884,334.8178,200.21712,0.6519008,348.98138,214.06131,0.9677826,328.69095,213.63889,0.97978836,350.45367,225.23625,0.8406862,322.97324,225.85626,0.9049473,343.71698,211.15306,0.79577875,329.88766,212.81006,0.854857,346.78467,252.03911,0.97890157,333.71716,252.24675,0.9831776,346.93954,285.4864,0.9656731,336.38586,285.5641,0.9700134,347.11334,314.8176,0.9352739,336.7106,314.51764,0.94119835
294.93213,211.238,0.91458756,297.42847,209.19487,0.85893565,293.11887,208.89914,0.8547424,300.7672,210.85489,0.6720038,289.90845,210.10919,0.64901936,305.13586,222.88322,0.987877,284.72165,222.32379,0.99097764,314.46582,232.84052,0.93855035,274.1605,233.01877,0.9489154,313.24634,229.84038,0.90779227,273.38464,234.02808,0.91461974,298.44263,254.23663,0.990547,286.23627,253.65358,0.9917212,295.5489,278.54694,0.97755027,287.08557,277.78983,0.9778502,290.90753,299.5921,0.9509936,286.29147,298.61093,0.9514012
654.1336,150.99985,0.89879966,657.37115,146.64328,0.86620295,649.17365,146.70058,0.80499953,661.1024,150.82838,0.6769007,0.0,0.0,0.46942216,668.09576,178.18668,0.9706993,629.0256,179.6768,0.94190663,671.0754,211.13805,0.8678136,628.9083,212.97215,0.6001904,651.1711,214.22221,0.7982939,643.09296,209.63062,0.5464107,666.1912,245.31981,0.9679483,639.9942,246.82196,0.95189846,667.4849,299.69138,0.94643974,645.3973,301.59332,0.91002995,662.78156,351.97815,0.8881924,646.5902,354.0937,0.8393101
488.7221,196.83817,0.9012808,492.3279,193.6029,0.83253616,485.78262,193.12636,0.86306965,496.38022,196.35422,0.5364029,479.52032,195.0901,0.63489825,499.5839,215.52614,0.96570164,470.0491,216.18503,0.97506976,507.89938,234.79605,0.8371346,461.74182,240.2175,0.8760715,507.8979,250.03668,0.7918402,463.87045,263.67587,0.81913537,494.50864,260.02475,0.97959137,475.39465,260.74518,0.98222166,496.87988,292.34152,0.9723417,476.63724,292.81384,0.9733007,497.0472,323.8696,0.96270734,478.28293,324.32684,0.9635128
0.0,0.0,0.10893346,0.0,0.0,0.06959607,0.0,0.0,0.07264573,0.0,0.0,0.44250426,0.0,0.0,0.44656286,196.01869,231.79694,0.9586906,211.929,231.71498,0.96101403,192.3782,244.78258,0.7392826,217.09659,244.81209,0.7611868,192.57162,257.06808,0.5034919,218.15181,257.21503,0.51724064,199.1201,255.91711,0.98148704,209.95367,255.96773,0.98218864,199.73167,273.37537,0.96394545,209.17624,273.20627,0.965362,200.33897,290.07892,0.9513481,209.02051,289.92093,0.9532257
784.58154,218.93314,0.69336975,0.0,0.0,0.42412782,783.2022,216.385,0.70246243,0.0,0.0,0.22900033,777.34406,216.55913,0.707295,777.2181,228.39516,0.8808787,768.4462,227.53981,0.95700574,0.0,0.0,0.46770024,761.4113,242.77856,0.843782,0.0,0.0,0.41826066,760.9135,250.67479,0.73370516,768.4588,255.83655,0.8987283,762.95953,255.80562,0.9407813,765.6565,277.2851,0.8456688,761.36957,277.33304,0.90613407,764.02997,297.17764,0.80965745,758.2565,297.86603,0.86640966
