0.0,0.0,0.08910723,0.0,0.0,0.06233143,0.0,0.0,0.04233322,798.1271,202.09456,0.6720294,818.83276,200.94589,0.565021,790.2102,230.86624,0.98121303,829.2155,227.6363,0.9860626,782.3092,269.6203,0.9107613,843.0067,258.5404,0.92632794,782.99725,289.52383,0.7191488,844.94275,268.3977,0.7396425,800.8184,297.518,0.9934034,823.95953,296.74094,0.99433714,806.817,348.3296,0.97458386,816.78705,348.39682,0.97499734,812.94745,395.95493,0.91552544,808.5564,395.3992,0.9162291
0.0,0.0,0.08985613,0.0,0.0,0.040568087,0.0,0.0,0.053920556,0.0,0.0,0.40753177,321.90714,206.61812,0.59318614,294.8671,224.41924,0.9727006,330.15308,224.02252,0.9821462,282.80197,250.54062,0.89989966,339.4697,253.08897,0.9389549,280.75806,272.54813,0.7507984,338.66013,278.70734,0.81604326,300.51337,273.73428,0.9944553,322.7488,273.12784,0.9957879,303.44336,315.16525,0.9873778,318.03412,314.35428,0.9896533,305.30048,353.13785,0.96563584,313.74216,352.9671,0.9706271
0.0,0.0,0.11659361,0.0,0.0,0.13660099,0.0,0.0,0.032006733,736.4898,186.37582,0.91448903,0.0,0.0,0.48009095,726.5026,212.09753,0.9891254,770.23016,210.61574,0.971411,715.8414,245.29929,0.9173535,779.816,242.47015,0.6206786,718.5568,273.12164,0.6407452,0.0,0.0,0.29113147,734.1055,279.5872,0.99198884,762.57776,279.2687,0.98598284,730.6326,325.95236,0.98164797,756.3305,326.5697,0.9611104,741.4324,371.6483,0.95360017,762.6046,370.97467,0.919138
0.0,0.0,0.11594516,0.0,0.0,0.059855804,0.0,0.0,0.086386,382.84717,201.32852,0.5341189,397.5621,201.51382,0.70473546,372.72897,223.50337,0.9674181,403.8975,223.77696,0.97910094,365.4387,252.25688,0.7811441,409.90625,251.21913,0.86770254,367.01306,277.39413,0.51620054,411.272,273.5318,0.61540234,377.58167,273.87067,0.9900641,397.9736,274.45334,0.99188167,377.07892,313.3168,0.98339635,394.7918,314.1123,0.9845516,378.11,351.6271,0.96863997,392.88092,352.8647,0.9696601
0.0,0.0,0.37879607,0.0,0.0,0.12925692,0.0,0.0,0.3611899,0.0,0.0,0.3782192,526.9324,198.43156,0.8618306,503.1879,219.11897,0.97665775,530.816,218.78351,0.99177015,496.0215,246.50314,0.75612915,539.6107,244.4558,0.93952817,499.71875,263.59195,0.5440428,537.30945,262.1638,0.78771,511.19107,269.71365,0.98769826,528.4788,269.88446,0.9926063,514.13885,310.6294,0.9631785,524.80725,310.4186,0.97588027,517.5837,348.1546,0.9192869,520.9458,348.8718,0.9396776
0.0,0.0,0.09319523,0.0,0.0,0.06396487,0.0,0.0,0.049280934,575.00037,214.70032,0.51957005,0.0,0.0,0.4063879,569.76733,234.04971,0.94089353,597.0841,233.54489,0.9356021,563.43604,259.06873,0.7961468,604.13464,257.9865,0.7551491,563.67694,277.17014,0.5732401,603.3802,277.5431,0.52435946,575.49994,279.78,0.97797614,592.67206,279.67883,0.9758908,577.23865,311.7094,0.96164143,588.79895,311.73077,0.9537728,582.83716,344.6034,0.92876506,588.43506,344.04276,0.9176562
0.0,0.0,0.11751621,0.0,0.0,0.058041025,0.0,0.0,0.0922669,0.0,0.0,0.3531266,465.59772,231.76683,0.5913679,446.9407,246.80428,0.945641,470.23453,247.0824,0.9617827,442.19412,266.16266,0.765863,473.5392,268.13208,0.85666925,441.99905,282.07642,0.5521674,473.7999,285.3092,0.6605375,449.38712,282.17325,0.98042864,464.2363,282.24353,0.98380417,453.29895,309.60788,0.9611602,460.85175,309.7052,0.96624607,455.68906,334.5029,0.93014866,457.9894,335.08734,0.9362202
0.0,0.0,0.15575783,0.0,0.0,0.11141205,0.0,0.0,0.084666714,0.0,0.0,0.46308997,0.0,0.0,0.376657,611.60223,243.50632,0.935564,630.27045,242.91585,0.9328339,607.6727,259.16272,0.7713383,633.59735,259.088,0.7457839,606.19464,270.90927,0.57799363,631.61334,270.85654,0.5561996,615.3093,273.8298,0.96696144,627.55945,273.4329,0.96795034,615.1329,298.6288,0.93479854,623.9347,298.44382,0.93264043,617.4045,322.47018,0.88921905,623.69635,322.10672,0.8868508
0.0,0.0,0.05961716,0.0,0.0,0.035734218,0.0,0.0,0.04625929,0.0,0.0,0.34150046,0.0,0.0,0.42228228,416.22064,232.74092,0.8966947,437.21762,232.95651,0.9114036,411.4788,250.7093,0.5424792,443.07364,250.42108,0.6234124,0.0,0.0,0.29311404,0.0,0.0,0.34318703,419.10623,265.5898,0.9437275,433.4847,265.75198,0.9489774,418.63614,293.0683,0.86567444,434.75778,292.8153,0.8778672,417.84784,316.6509,0.78295135,433.90338,316.8043,0.7983718
0.0,0.0,0.26871413,0.0,0.0,0.21339813,0.0,0.0,0.18915415,0.0,0.0,0.45366117,0.0,0.0,0.4073293,211.83368,251.10606,0.95270765,223.87595,250.73802,0.95099705,205.89987,263.7275,0.7817188,227.32776,263.74826,0.7518162,205.3679,276.01166,0.6564376,224.99173,275.90228,0.6208753,215.18079,273.72586,0.98243666,221.93332,273.63306,0.98222166,214.94316,293.01437,0.97411364,219.8588,292.98676,0.9728611,215.3118,312.11487,0.962537,219.0499,312.1524,0.9615905
183.02588,243.48206,0.82993895,184.76079,241.64746,0.7915286,181.64738,241.50064,0.7506164,187.7674,242.34229,0.6061066,0.0,0.0,0.48461008,191.86345,251.89755,0.9758193,176.8368,251.70761,0.969995,197.21896,264.17984,0.8723907,174.56517,263.8073,0.83670706,196.38432,274.61655,0.8242827,177.09032,273.6537,0.79017365,188.39934,276.33765,0.9771004,179.04749,276.16965,0.9748941,187.54527,296.2442,0.94729745,178.45699,295.92303,0.9422879,186.82193,314.11313,0.90105146,178.28435,313.94568,0.8945848
