0.0,0.0,0.2039053,0.0,0.0,0.051768683,0.0,0.0,0.14376478,0.0,0.0,0.26308876,102.67275,135.25235,0.7113919,53.24708,167.5062,0.9540033,107.14489,170.25204,0.9702899,41.14055,224.46712,0.85361356,119.412415,222.16745,0.9113877,40.37675,267.7973,0.7066217,101.79026,246.49564,0.8076852,57.010727,265.79623,0.9943698,90.67887,267.24362,0.995165,67.47914,341.0517,0.9898385,84.59079,344.56015,0.9915971,69.90516,414.21332,0.966816,69.269196,417.07193,0.9702086
0.0,0.0,0.21271059,0.0,0.0,0.05513263,0.0,0.0,0.18552856,0.0,0.0,0.19264811,417.07367,184.91125,0.6549027,385.8511,207.9027,0.8494411,426.13565,209.061,0.9653478,387.54733,234.51558,0.617811,446.9171,226.58368,0.9353615,402.427,234.04622,0.5017167,444.63828,207.89348,0.83705604,389.01105,274.6801,0.9753797,417.1649,276.66776,0.9885833,391.0194,318.01776,0.9735652,428.16473,326.38092,0.98867255,371.00275,357.49353,0.9556766,421.00473,373.27475,0.9739255
0.0,0.0,0.13534786,0.0,0.0,0.07271065,0.0,0.0,0.09720373,596.489,199.0306,0.52741295,611.81476,199.14189,0.6644265,589.42554,219.47397,0.9647353,620.2351,219.7703,0.9836965,581.3426,246.23796,0.8349242,629.49915,245.57117,0.9407262,583.3551,263.02142,0.637684,633.2064,262.8973,0.7999123,595.24384,268.3818,0.98929054,614.3177,268.71964,0.9927912,600.18884,308.5225,0.9749892,612.15344,308.7425,0.98129684,600.59,346.25772,0.941201,605.51324,346.20847,0.95194155
0.0,0.0,0.17242914,0.0,0.0,0.1989013,0.0,0.0,0.055930853,333.96173,210.5602,0.9006689,0.0,0.0,0.4430855,327.95114,231.5843,0.99057287,361.4942,231.13818,0.9829586,315.66873,256.80255,0.94284374,372.97894,256.5491,0.8059445,312.1972,272.5879,0.7828255,374.48032,273.0798,0.5472835,331.16208,280.63535,0.9941651,352.1604,280.3864,0.99176383,334.92456,317.6884,0.98649293,353.0479,318.23352,0.97724825,338.64267,354.19177,0.9698359,351.20065,353.42886,0.955348
548.38495,205.54114,0.9186207,550.9982,203.05437,0.852809,546.3195,203.12355,0.86535555,555.34186,204.80527,0.63966715,543.66736,204.81726,0.6881846,561.1574,220.89851,0.98538476,539.0367,221.07698,0.9912867,567.0635,239.47783,0.89700264,532.1929,238.9303,0.93965536,569.7961,256.989,0.84343016,528.55695,253.89034,0.8888275,558.15753,260.1688,0.98717505,545.075,260.33777,0.990272,556.4613,290.43503,0.96878606,548.35583,290.40167,0.9738917,555.9532,319.15213,0.93235475,551.3303,318.74188,0.9404654
0.0,0.0,0.093452156,0.0,0.0,0.060577825,0.0,0.0,0.052732646,0.0,0.0,0.49982864,0.0,0.0,0.47553164,681.64996,219.52072,0.965166,706.4271,218.52654,0.9692336,675.5298,238.60245,0.84773636,711.8334,238.8043,0.85085195,676.8078,253.69273,0.63642514,711.5944,256.03766,0.63852346,688.33496,255.93877,0.989451,704.79364,255.7731,0.9902486,690.6112,282.75192,0.97781026,705.2629,282.753,0.9772354,692.81915,308.4565,0.9597017,706.12476,308.08344,0.9586263
0.0,0.0,0.09232551,0.0,0.0,0.06870592,0.0,0.0,0.043797515,153.71268,204.20474,0.56447273,0.0,0.0,0.35847086,146.5325,220.7727,0.9339928,173.86331,221.76747,0.9120789,136.36859,243.18848,0.74845374,175.33807,242.22289,0.60868305,135.40204,256.75232,0.5072341,0.0,0.0,0.37664342,149.12328,264.59607,0.97756356,167.75124,265.11014,0.9723488,144.5447,299.86844,0.97242886,165.94315,300.66217,0.9612311,143.31662,334.73053,0.9556876,165.7881,335.3106,0.9427094
466.4379,195.51234,0.8712779,469.5338,192.70323,0.8598651,464.61905,192.9727,0.6817468,477.00473,194.92839,0.7931802,0.0,0.0,0.3415306,486.65033,211.84482,0.98574686,459.27283,213.2522,0.96847355,488.86215,231.31226,0.9364699,456.11304,233.14987,0.7346106,468.62347,219.27211,0.8873544,461.38937,221.43387,0.6759167,480.52222,255.12784,0.9880022,461.71664,255.19952,0.9807129,483.7864,290.65314,0.98134977,458.93863,290.6882,0.9655744,487.2591,327.12637,0.96133673,461.52435,326.3134,0.9392578
0.0,0.0,0.1880663,0.0,0.0,0.0767056,0.0,0.0,0.17719737,0.0,0.0,0.16097754,647.2773,208.80675,0.53081816,638.53314,222.28256,0.8090687,648.93445,221.84189,0.9056303,0.0,0.0,0.43422848,653.17126,238.4463,0.7726289,0.0,0.0,0.33144498,656.3753,250.99269,0.6056742,642.12994,257.7457,0.9264495,649.0791,257.56888,0.95336664,640.4902,286.49634,0.90339833,644.8867,285.98987,0.938752,643.90155,313.22168,0.8750782,645.4154,312.9661,0.9098531
0.0,0.0,0.14626735,0.0,0.0,0.15887065,0.0,0.0,0.043465417,210.79137,215.2586,0.73696417,0.0,0.0,0.22707541,210.16502,230.085,0.96040606,232.03162,228.76282,0.8991019,204.45665,250.50781,0.8649139,235.78944,252.02087,0.5056013,203.01346,258.0587,0.6519824,0.0,0.0,0.32414663,221.91402,268.5129,0.9591646,237.3105,268.02344,0.9339862,221.14572,293.84607,0.90125245,240.83235,293.5803,0.8311018,222.81744,321.39746,0.81339335,244.54674,319.4012,0.7358456
0.0,0.0,0.19386785,0.0,0.0,0.11248882,0.0,0.0,0.13484226,0.0,0.0,0.41281527,790.43713,224.46869,0.500508,781.01807,233.81966,0.94369334,792.6138,234.3273,0.9572796,778.40063,246.05637,0.7646936,797.7431,246.06575,0.82624114,777.6356,254.83228,0.6025067,798.53973,253.9693,0.6611146,783.0168,257.14328,0.9769066,791.54736,257.68073,0.97995466,781.736,276.14163,0.9601557,795.2503,276.61472,0.96278226,781.0549,292.986,0.9400334,798.25543,293.3677,0.94245845
0.0,0.0,0.09348846,0.0,0.0,0.08850198,0.0,0.0,0.04928266,0.0,0.0,0.1829705,0.0,0.0,0.07119442,0.0,0.0,0.34847164,0.0,0.0,0.20286751,0.0,0.0,0.32683113,0.0,0.0,0.12700595,0.0,0.0,0.27146128,0.0,0.0,0.12765914,0.0,0.0,0.4200535,0.0,0.0,0.3321425,0.0,0.0,0.410268,0.0,0.0,0.32180613,0.0,0.0,0.3428595,0.0,0.0,0.28498074
0.0,0.0,0.4005025,0.0,0.0,0.3384904,0.0,0.0,0.2549776,320.0672,211.4865,0.5157765,0.0,0.0,0.37595195,314.85046,229.14743,0.88512456,323.40067,229.6102,0.8876814,305.07837,249.4697,0.55926,320.11612,250.23958,0.5117453,0.0,0.0,0.41243672,0.0,0.0,0.36895877,314.80692,270.33853,0.89389837,320.24966,270.69547,0.89617544,316.74435,304.47885,0.86683047,320.59595,305.03406,0.8596268,320.50125,338.45264,0.84850156,320.66434,338.7906,0.8438507
