0.0,0.0,0.21039802,0.0,0.0,0.12738818,0.0,0.0,0.08561225,314.931,176.0356,0.582604,0.0,0.0,0.3712592,301.2909,199.8197,0.9706284,343.0091,201.30307,0.9171346,289.77448,238.34486,0.9235701,349.75372,236.2534,0.7374407,292.4577,266.24875,0.8062552,346.15924,246.47598,0.59531367,303.84918,269.8419,0.9916067,331.81375,270.46597,0.9851332,302.52957,319.62567,0.98755187,327.3128,322.93738,0.9791526,301.60132,367.85873,0.96674436,326.01074,371.58084,0.95380706
0.0,0.0,0.13504705,0.0,0.0,0.048374623,0.0,0.0,0.12873237,0.0,0.0,0.34569085,714.59454,204.09521,0.7756637,688.2501,222.81953,0.95457417,717.7387,224.09163,0.98076886,678.5515,249.9449,0.7358189,719.7015,252.30037,0.91666913,683.2752,270.34482,0.51191497,720.7035,273.48984,0.73657703,690.7538,272.52368,0.9880398,711.24963,273.3496,0.9923537,691.86523,308.9239,0.9787058,713.6801,309.55917,0.984969,686.64307,342.60477,0.9628742,709.60986,344.2946,0.9709321
0.0,0.0,0.08165233,0.0,0.0,0.033354852,0.0,0.0,0.06558904,0.0,0.0,0.37062436,463.45514,215.61974,0.6875678,436.589,233.02518,0.9554852,469.39954,234.12148,0.9782873,429.29562,256.85867,0.73254514,477.73053,258.71054,0.8960703,0.0,0.0,0.47330463,478.7473,273.02747,0.6702158,441.05505,278.58948,0.9835834,463.19696,279.14706,0.98922217,439.12042,310.3518,0.9537938,462.8374,310.80972,0.9671738,438.3057,339.78036,0.9125705,461.96704,340.97876,0.93126684
0.0,0.0,0.24396177,0.0,0.0,0.12793434,0.0,0.0,0.1671807,0.0,0.0,0.4602632,670.4729,203.29298,0.63444,648.8185,220.97966,0.96004564,675.5425,221.54895,0.9663725,640.2292,245.35289,0.75516236,677.1407,245.01273,0.7988245,640.40027,268.2289,0.5433618,677.21094,262.87723,0.5868308,654.5846,266.35007,0.98489976,672.12396,266.8121,0.9864188,656.9565,300.90738,0.97987616,669.62274,301.2994,0.9808833,658.6443,334.2709,0.9682228,667.5247,335.24664,0.9694127
0.0,0.0,0.13619742,0.0,0.0,0.07905117,0.0,0.0,0.089900315,498.12955,205.32217,0.5908772,511.3441,204.79898,0.68376523,490.12012,224.07848,0.9696322,521.34265,222.10721,0.97796077,483.44055,247.39302,0.7967508,532.56287,240.88913,0.8617064,486.37018,261.21573,0.5381225,528.44714,250.33058,0.62105167,496.5236,267.99466,0.99123704,517.22504,267.63095,0.99248344,499.73245,302.80936,0.9867535,519.64355,302.70053,0.9875623,500.28302,338.6792,0.97840196,518.10394,338.02383,0.9790426
378.56247,201.97826,0.85279363,381.81857,199.07455,0.86437505,377.61444,199.01704,0.59096456,390.22113,200.9245,0.82500863,0.0,0.0,0.22507705,399.64008,218.71452,0.984976,373.0255,218.3255,0.95413595,401.0287,241.65244,0.9487856,364.49524,239.59514,0.65527326,383.0748,239.00348,0.90820086,369.67828,237.0584,0.6229558,391.10358,265.17233,0.9854725,374.17883,264.23978,0.97210306,388.3744,301.4954,0.9745386,374.48807,300.67505,0.94288146,386.831,338.1736,0.9430006,379.2329,336.2094,0.89792323
149.19708,195.9226,0.94706494,153.79286,192.51161,0.9150891,145.63708,193.07068,0.88187337,162.02681,195.03632,0.77840865,142.27788,195.98299,0.6246852,174.1201,216.6471,0.9843776,137.42319,215.80447,0.9748744,192.11357,237.47765,0.92424697,122.15273,223.29546,0.872482,189.26396,248.61978,0.8632464,126.2412,212.91217,0.8115485,171.7825,270.18597,0.98999155,149.08865,270.80408,0.98714775,171.4781,315.25516,0.98607635,153.05952,319.8198,0.983727,173.68018,358.37576,0.9694268,160.27182,364.9262,0.9673305
584.8615,188.46986,0.8908895,586.82294,185.19527,0.7210478,581.2653,185.7068,0.8801609,0.0,0.0,0.35059088,574.7892,188.58469,0.78985333,593.41797,206.9564,0.9586746,570.37335,208.85953,0.98752266,599.8946,227.64728,0.71214026,564.97784,231.6859,0.9441314,601.97186,240.8587,0.66662717,574.57526,245.54184,0.8918598,594.58154,258.899,0.9775235,580.3256,260.2306,0.9886077,590.4548,298.0937,0.9614997,581.58514,299.11432,0.97944504,588.9236,336.61795,0.9276387,583.13245,338.0001,0.9539754
0.0,0.0,0.09828191,0.0,0.0,0.09065972,0.0,0.0,0.044695076,574.066,253.53337,0.5522024,0.0,0.0,0.22686133,573.17993,266.77905,0.9499566,590.3621,265.3092,0.92665315,569.8952,285.18948,0.7793417,597.05414,283.40588,0.591495,566.79376,298.02448,0.5550949,0.0,0.0,0.38077113,578.9367,298.43143,0.9800352,589.39087,297.86227,0.97573435,580.371,318.17676,0.97143763,586.8131,317.79736,0.9634411,584.082,342.92844,0.95558447,587.4129,341.83105,0.9468457
0.0,0.0,0.35448378,0.0,0.0,0.29908207,0.0,0.0,0.24308884,0.0,0.0,0.4710247,0.0,0.0,0.3330409,611.12805,223.9688,0.9299145,614.1109,223.65767,0.9153582,609.3598,238.06491,0.68346035,614.00745,238.14606,0.5842606,608.3217,246.87347,0.520069,0.0,0.0,0.43574485,612.1277,254.06139,0.9509196,613.9483,254.00578,0.946374,612.7191,278.54263,0.90396696,614.2617,278.65094,0.89256674,614.4888,301.6243,0.858648,614.83765,301.64517,0.84691334
