0.0,0.0,0.31255132,0.0,0.0,0.23133406,0.0,0.0,0.09949294,438.8525,64.107445,0.8670263,0.0,0.0,0.43186265,427.3652,118.1831,0.969048,500.57892,113.69501,0.94330895,396.9519,203.7791,0.8217524,510.6219,186.90878,0.716262,416.80515,230.56317,0.5739745,0.0,0.0,0.4549192,441.17944,259.76996,0.95195204,491.09875,256.20816,0.942758,420.67807,387.42163,0.81805766,483.80786,381.45114,0.7980568,0.0,0.0,0.34381717,0.0,0.0,0.33660758
589.90015,122.58583,0.97473973,590.8239,115.7703,0.8223136,581.21075,116.61481,0.9711717,0.0,0.0,0.2912055,562.4724,121.63271,0.9308213,598.3323,162.04556,0.9742822,548.72864,159.48816,0.99647814,604.27344,219.9906,0.8509941,545.8871,212.18019,0.9888093,600.3867,218.73213,0.82015985,585.92395,207.65009,0.97481275,594.53595,259.99347,0.9894728,560.74194,259.18457,0.99595946,593.02795,349.72195,0.9738525,566.3508,346.17996,0.9901861,571.26404,419.42557,0.891382,541.5892,409.98627,0.9398154
0.0,0.0,0.11960121,0.0,0.0,0.0812058,0.0,0.0,0.060901135,215.43541,196.55817,0.69926035,229.97209,196.29509,0.6186999,208.5959,215.81949,0.9857982,238.18953,215.95535,0.9894695,199.86322,240.42435,0.91485584,246.42381,241.31813,0.9294902,193.24231,261.4928,0.73894095,247.21469,261.561,0.76054686,212.11131,261.24222,0.9950439,231.68866,261.26147,0.99590343,208.07678,294.1085,0.9859969,231.23305,294.5221,0.98663574,207.65674,325.67444,0.9673163,231.90544,325.99146,0.96834016
0.0,0.0,0.2589201,0.0,0.0,0.21688777,0.0,0.0,0.08075536,749.64404,193.78415,0.6172532,0.0,0.0,0.23227894,746.03033,213.07257,0.9647119,776.21124,209.95587,0.8780877,735.6107,238.96721,0.9368848,789.47845,237.04782,0.6940827,724.1658,247.16977,0.85695565,785.4812,248.63107,0.61739814,752.6216,264.91147,0.9869878,770.7239,263.6486,0.97417873,757.09216,307.93524,0.9787894,767.1954,305.5231,0.9611792,763.8458,347.60028,0.9442962,765.9167,343.135,0.9216202
0.0,0.0,0.1003153,0.0,0.0,0.06037085,0.0,0.0,0.072650954,0.0,0.0,0.47711352,341.1204,206.95178,0.52562577,325.2264,219.99352,0.9675609,345.45035,220.37488,0.9712281,320.20587,238.30687,0.748044,350.50946,238.80145,0.7991868,0.0,0.0,0.48044533,350.2698,254.51393,0.53111863,327.10803,253.62363,0.9853418,341.1572,253.72522,0.9865285,326.97443,280.29443,0.96232486,340.44714,280.2335,0.9654065,327.10504,305.72073,0.93273526,339.1148,305.7341,0.937232
661.73535,202.5643,0.62453455,663.87317,199.80518,0.6001507,0.0,0.0,0.30453283,666.94214,201.31943,0.81046027,0.0,0.0,0.3503497,662.4514,214.84344,0.98227733,672.3997,215.39194,0.9592777,648.49634,227.641,0.91052186,664.2767,228.498,0.63164014,648.53107,217.06476,0.80876034,657.44946,217.94965,0.51471,662.6428,254.3705,0.9834741,670.491,254.39873,0.9729801,653.4202,286.41483,0.97509944,668.9566,286.80386,0.95140326,651.11444,318.01297,0.95028085,670.2952,317.4939,0.91962415
0.0,0.0,0.2053465,0.0,0.0,0.12834711,0.0,0.0,0.1321405,82.30638,219.64679,0.6015364,91.06541,219.75412,0.5606671,77.535,230.17395,0.9866435,95.0666,230.43182,0.9865492,72.59177,243.62189,0.860441,100.11529,243.78601,0.8671413,72.459015,254.8453,0.66441506,100.164444,255.03357,0.6654697,78.934616,255.11996,0.99214035,90.160515,255.19775,0.9921177,79.04923,274.4663,0.97975725,88.111206,274.26233,0.9800096,79.0729,292.46658,0.9662616,86.78141,292.52448,0.96683013
0.0,0.0,0.1973592,0.0,0.0,0.096563846,0.0,0.0,0.16203754,0.0,0.0,0.3616974,122.52205,219.96198,0.6384004,108.91178,230.45699,0.9530173,126.21692,229.8279,0.9746704,105.91086,243.40263,0.7598534,131.36627,243.35495,0.8980079,105.28645,256.68417,0.58315945,132.54045,258.177,0.7510149,110.9685,254.36894,0.98248243,122.41758,254.1522,0.9876907,111.37001,272.81168,0.9663187,121.446754,272.55878,0.97511655,112.39942,289.49786,0.94747967,120.94899,289.44684,0.95752966
0.0,0.0,0.20032637,0.0,0.0,0.09169018,0.0,0.0,0.16055466,0.0,0.0,0.3157441,156.42934,216.75108,0.61045593,141.8841,227.37827,0.9429562,159.3491,227.08221,0.96694773,136.93971,241.27545,0.7303015,162.33441,241.02118,0.8745958,137.95956,253.5001,0.5591484,164.15912,252.89192,0.720408,143.40685,253.63419,0.97942495,155.14912,253.41187,0.985479,144.34589,274.68774,0.9621188,154.75217,274.43143,0.9721593,141.96686,294.47925,0.9394309,151.70175,294.738,0.95147663
0.0,0.0,0.09188057,0.0,0.0,0.07372121,0.0,0.0,0.07005122,0.0,0.0,0.11317578,0.0,0.0,0.10927551,0.0,0.0,0.26843804,0.0,0.0,0.33131894,0.0,0.0,0.20962594,0.0,0.0,0.28796175,0.0,0.0,0.21109967,0.0,0.0,0.26714772,0.0,0.0,0.42284304,0.0,0.0,0.47124794,0.0,0.0,0.46843922,845.4,299.7832,0.50861806,848.338,332.11725,0.50084907,843.26624,331.97122,0.5355815
0.0,0.0,0.079622746,0.0,0.0,0.03833855,0.0,0.0,0.060389854,0.0,0.0,0.24332201,0.0,0.0,0.45535654,252.65816,226.90958,0.8847569,271.60745,225.1857,0.9237508,249.91147,242.17935,0.6327006,278.18484,239.25941,0.80341655,0.0,0.0,0.44384894,278.22653,252.07031,0.61107314,257.34045,254.65294,0.96816415,269.8701,253.88406,0.97561395,257.02243,277.60138,0.9475041,267.6956,276.7814,0.9589694,256.68695,298.6267,0.9248522,265.14468,297.5287,0.9369156
0.0,0.0,0.10210479,0.0,0.0,0.08335327,0.0,0.0,0.052827027,0.0,0.0,0.3238786,0.0,0.0,0.13685736,825.7499,227.1605,0.8135306,839.199,226.88368,0.79192793,817.7683,241.22133,0.5835379,0.0,0.0,0.45928594,0.0,0.0,0.4504587,0.0,0.0,0.35237435,825.20953,259.9337,0.9531858,833.87415,259.84497,0.94927686,822.75305,288.92944,0.9488594,831.2242,288.97397,0.9404248,823.5408,316.92743,0.9180378,829.0059,316.57242,0.9082803
0.0,0.0,0.12120556,0.0,0.0,0.0881985,0.0,0.0,0.10486854,0.0,0.0,0.09115881,0.0,0.0,0.11620133,0.0,0.0,0.22884135,0.0,0.0,0.26718053,0.0,0.0,0.13795118,0.0,0.0,0.1980562,0.0,0.0,0.13273868,0.0,0.0,0.1755151,0.0,0.0,0.32867122,0.0,0.0,0.35277838,0.0,0.0,0.34911913,0.0,0.0,0.3744011,0.0,0.0,0.3546483,0.0,0.0,0.3737997
531.7705,178.73578,0.8469948,534.4267,174.30603,0.6098393,526.2439,173.79597,0.87480724,0.0,0.0,0.18966913,513.1769,176.50333,0.785707,532.71545,205.35773,0.7837122,509.79846,203.16888,0.92242014,0.0,0.0,0.20598444,514.891,237.94385,0.65045476,0.0,0.0,0.2056602,529.0988,255.80812,0.5191938,532.5855,268.21622,0.7507205,517.3063,267.88467,0.8542312,530.45514,321.86517,0.66338533,520.2973,321.39795,0.794426,531.2676,372.47488,0.6364203,521.0253,372.2588,0.7433775
0.0,0.0,0.3071189,0.0,0.0,0.18082522,0.0,0.0,0.24885073,0.0,0.0,0.13196619,0.0,0.0,0.21993048,617.45734,205.89085,0.6152491,598.2976,204.79935,0.63433856,0.0,0.0,0.45739517,0.0,0.0,0.49557495,0.0,0.0,0.43582878,0.0,0.0,0.44949552,613.53656,269.23428,0.7805597,601.1751,269.24216,0.78833693,612.6181,321.69772,0.7579405,604.8857,321.95236,0.75832254,617.7469,369.74817,0.6447039,609.394,370.05508,0.6415711
0.0,0.0,0.19446027,0.0,0.0,0.17316972,0.0,0.0,0.09289814,364.9771,222.43709,0.603603,0.0,0.0,0.31467754,361.8598,233.19438,0.9423056,381.03864,232.49207,0.89341307,357.96484,247.90599,0.8033162,383.02078,247.56433,0.57404065,355.2671,260.06778,0.59737974,0.0,0.0,0.39345187,363.32468,258.99167,0.94311947,375.54752,258.26566,0.92230904,362.4688,278.2828,0.8722794,370.0759,277.92935,0.81992906,364.2486,294.89053,0.781444,367.11322,294.2807,0.72563905
