0.0,0.0,0.32925206,0.0,0.0,0.16821541,0.0,0.0,0.120113075,262.25513,163.06633,0.6391094,0.0,0.0,0.4567023,251.1367,190.55104,0.9835713,298.23413,190.7557,0.9722873,230.48747,231.5175,0.9621134,315.93393,229.9978,0.9209505,224.75938,265.08942,0.91560256,321.50366,259.88455,0.85859036,260.49774,265.84344,0.99553865,290.52234,265.69394,0.99419653,259.63724,322.89886,0.9918035,288.1753,321.2524,0.989799,263.43353,376.3314,0.97228277,286.50647,373.06262,0.9689321
545.6985,134.44586,0.9559555,549.7766,129.6121,0.71644515,539.1401,129.67346,0.9368966,0.0,0.0,0.37638998,523.90454,135.51788,0.89820725,554.76556,177.66539,0.9857269,509.90723,179.08315,0.99820185,564.9998,233.84688,0.9166033,493.14426,234.12837,0.9949602,581.1708,267.96356,0.8845739,498.93353,286.83243,0.984993,552.39343,275.65353,0.9973584,526.69714,278.73184,0.9990896,535.46783,344.1696,0.9945813,535.47565,352.32584,0.99818486,514.2856,410.94873,0.9781487,536.9616,425.66013,0.9893255
653.6205,157.88141,0.9628391,656.61926,151.86638,0.87061584,646.93964,153.06812,0.9417647,0.0,0.0,0.47061738,636.20953,158.74838,0.7902121,669.96375,189.35396,0.9673113,623.2163,188.90775,0.9850492,674.9396,222.24135,0.87248373,611.3041,214.11134,0.9541971,665.0966,208.79791,0.8183334,625.9784,195.44012,0.91687346,659.4675,278.6481,0.9844786,625.0372,278.60126,0.9896521,671.2449,342.7342,0.9755941,618.27936,341.20538,0.9843295,673.85455,401.88412,0.9423538,600.7392,397.44638,0.95647424
0.0,0.0,0.13971421,0.0,0.0,0.0928429,0.0,0.0,0.08811188,70.03607,214.23592,0.5794377,81.39654,213.92296,0.52985466,65.28718,227.13753,0.9820415,86.86331,226.72038,0.98101234,60.717194,242.66669,0.8359856,93.792404,242.0861,0.8226165,61.84054,253.90785,0.61924833,93.952385,253.34875,0.5961829,68.87065,257.92868,0.9930362,82.98056,257.8709,0.99295104,68.63973,282.12903,0.98507047,83.93615,281.8528,0.9848077,68.9429,304.69614,0.9732963,84.07929,304.61124,0.97323984
0.0,0.0,0.10648422,0.0,0.0,0.06859686,0.0,0.0,0.07730791,0.0,0.0,0.47521666,0.0,0.0,0.4889406,153.56061,224.24294,0.96535826,173.58049,224.71085,0.9676931,146.61783,241.67918,0.75377166,177.89915,242.33713,0.7845669,0.0,0.0,0.49696317,176.42714,256.5644,0.5254508,155.51485,256.919,0.9848866,168.58694,257.0343,0.98562926,157.29799,282.52103,0.9617552,166.82428,282.6421,0.96359324,158.85178,306.46298,0.93494916,164.88628,306.5038,0.93749714
771.35876,206.10526,0.90496427,773.75555,203.47197,0.7926549,768.5396,203.09329,0.85928947,776.5689,205.85207,0.5251238,762.51935,204.28885,0.7273199,779.8615,223.1782,0.97983336,755.6399,220.53705,0.98707306,789.8567,240.4791,0.8513298,754.2579,234.49806,0.91552114,788.6125,246.47981,0.79863,772.7155,233.36856,0.8602826,772.69965,268.19788,0.9810439,757.2843,267.26572,0.9856036,766.16364,301.267,0.95256525,757.1141,300.58032,0.9618229,758.90576,332.90756,0.9013707,756.094,332.38812,0.9153721
0.0,0.0,0.17143896,0.0,0.0,0.08264916,0.0,0.0,0.16602428,0.0,0.0,0.4389088,134.31468,215.58826,0.735051,116.63686,226.78868,0.9837246,137.82863,227.85248,0.9889415,108.77055,242.76555,0.8102212,143.1683,243.972,0.9159465,110.47408,255.77446,0.57800496,143.80452,257.1456,0.7352051,118.370766,257.30692,0.9911867,131.51178,257.8032,0.99279094,119.888756,281.33978,0.9710117,131.44191,281.46768,0.9776628,118.56363,303.33914,0.9446774,128.90732,304.1721,0.9548977
367.04968,178.48186,0.8759223,0.0,0.0,0.46669513,363.68475,174.43237,0.914977,0.0,0.0,0.114263944,352.24695,175.64578,0.9313369,359.52673,199.20224,0.95696,343.33908,198.0675,0.99428236,368.9214,225.51915,0.6260938,352.83966,226.39223,0.9807772,376.5154,216.76668,0.6104026,374.0757,214.85794,0.95018655,360.1059,257.2706,0.9859148,348.98325,257.91217,0.9954312,360.68216,304.59357,0.97416425,350.19022,305.31656,0.99182934,359.91516,347.06693,0.9423018,344.93158,349.0837,0.97516215
0.0,0.0,0.19472198,0.0,0.0,0.07477763,0.0,0.0,0.18979318,0.0,0.0,0.3495678,821.22034,202.90765,0.7636703,803.2392,219.79008,0.927894,825.64905,220.06815,0.96697116,802.1293,242.23184,0.5384774,834.67096,240.7616,0.8308891,0.0,0.0,0.33238354,839.53815,258.81107,0.5842846,810.0543,262.78226,0.96894705,825.72217,263.5624,0.9791996,808.0399,294.89435,0.9490619,828.236,295.29752,0.9637017,807.355,322.89462,0.9285655,829.8953,323.50003,0.9431426
430.512,209.39832,0.8850647,433.4317,206.79901,0.85327935,428.11298,206.80502,0.75078183,438.47052,208.7158,0.73711956,0.0,0.0,0.4510695,443.74347,223.51865,0.9847452,420.27448,224.021,0.97436464,448.45715,240.51,0.9249455,415.60504,241.6159,0.7903351,440.46463,241.67764,0.8753264,421.50244,241.39401,0.72667825,437.0878,263.36267,0.9848135,422.15256,263.2876,0.9789634,435.11597,298.00552,0.96939486,423.4882,297.85925,0.9530561,431.4444,331.03378,0.93303716,424.35214,330.48453,0.9099884
0.0,0.0,0.1838835,0.0,0.0,0.086078934,0.0,0.0,0.12654316,0.0,0.0,0.31377846,488.76645,189.3379,0.5314596,469.61902,206.32918,0.9298958,492.51352,206.92859,0.9450446,465.7715,230.95041,0.6695537,493.56952,234.27533,0.75856745,0.0,0.0,0.44474682,491.3138,255.34042,0.52595174,472.79813,254.01302,0.9628127,487.71115,254.18808,0.967749,475.4853,291.76447,0.91018,486.45828,291.83792,0.9203043,476.23996,325.95886,0.8306486,482.31686,326.46085,0.8451843
0.0,0.0,0.19686623,0.0,0.0,0.14290035,0.0,0.0,0.15390904,0.0,0.0,0.20934728,0.0,0.0,0.22475295,846.6463,227.06795,0.51671547,846.49774,227.60391,0.5369461,0.0,0.0,0.28232148,0.0,0.0,0.28955317,0.0,0.0,0.25841364,0.0,0.0,0.250583,847.67206,263.87173,0.56710184,848.4417,264.18448,0.58099943,843.6696,295.40384,0.56288713,846.9465,295.4605,0.5625694,846.0159,323.2125,0.56721145,850.1216,323.47458,0.5678826
385.4297,200.70541,0.8485329,388.33755,197.87885,0.74406296,382.5361,197.42714,0.853225,0.0,0.0,0.35209095,377.56448,198.62971,0.71077394,394.30478,215.79158,0.9447849,371.44855,214.39253,0.9626509,397.87436,232.04755,0.64905584,370.23245,230.8096,0.8293442,392.1774,228.9545,0.6167135,384.4597,228.0725,0.7740928,389.75714,257.2537,0.9499789,374.93924,256.95264,0.9592563,389.9641,293.80444,0.85212296,377.5969,293.26712,0.8831759,387.95752,326.72946,0.670646,377.52368,326.8983,0.7171697
