0.0,0.0,0.0828382,0.0,0.0,0.055199403,0.0,0.0,0.04412605,240.86473,199.6771,0.7729873,260.05576,200.34277,0.71199006,229.03522,224.63164,0.98758465,270.61212,226.218,0.9870929,218.39993,255.93733,0.9067913,284.35446,258.47867,0.8808382,215.19522,274.25714,0.6507239,278.2198,274.5082,0.58750933,231.1467,287.68985,0.9936534,258.2605,288.36554,0.9934104,227.33287,332.01086,0.9783245,255.59525,333.27963,0.9738021,227.59349,374.229,0.9354807,253.05762,376.01,0.9253567
139.26115,175.02484,0.9381583,144.07484,171.11969,0.9294519,136.86758,170.60452,0.8302865,153.20125,173.8658,0.8105165,0.0,0.0,0.40096346,162.49391,200.35536,0.9893539,127.30865,198.9912,0.9850064,168.42773,235.83635,0.96499026,118.49904,232.45093,0.9064495,167.48116,266.08972,0.9435214,116.56618,261.3556,0.8738251,152.3768,265.07077,0.9939057,131.26749,264.11685,0.99250907,144.03528,317.26392,0.98872876,134.39444,316.28098,0.9831892,139.256,368.6156,0.9655666,137.90367,366.69058,0.95390165
0.0,0.0,0.11014456,0.0,0.0,0.05632409,0.0,0.0,0.08027862,0.0,0.0,0.40639913,690.54706,194.47972,0.5875923,670.26965,212.37013,0.95341843,697.74756,211.88103,0.9739925,665.0029,235.7447,0.7443819,704.1125,234.9379,0.87413365,0.0,0.0,0.4907243,704.7382,257.49554,0.64555275,676.4019,255.80305,0.98520666,693.629,255.8728,0.9889664,680.8773,289.7427,0.9665504,690.4536,289.82504,0.973009,685.1125,322.51715,0.9387291,686.81506,322.4866,0.94696254
51.08312,191.94194,0.8889243,55.310013,188.11607,0.8871641,48.25629,187.85501,0.7082792,61.97858,191.52046,0.7957235,0.0,0.0,0.2767677,67.621574,216.84653,0.988149,36.13583,216.63086,0.96549904,75.87748,248.47679,0.96588993,29.633923,247.24199,0.7598382,72.75953,279.85712,0.9363132,29.955193,276.32364,0.7182054,61.1177,278.6685,0.99470466,38.85161,278.73087,0.9900378,66.34824,322.91974,0.99303293,31.514547,322.9517,0.9840919,83.49615,366.67218,0.9850932,36.591667,366.15527,0.9718659
0.0,0.0,0.11666906,0.0,0.0,0.0798335,0.0,0.0,0.055368233,460.53058,185.18022,0.59192103,0.0,0.0,0.47171247,452.18927,207.41743,0.97203344,484.84372,206.78766,0.9651272,444.69342,239.61127,0.85569733,486.33328,237.67102,0.7649737,444.648,266.96143,0.6127433,0.0,0.0,0.49441496,457.18002,265.47208,0.98962116,478.4341,265.50784,0.98787385,461.01678,309.97897,0.97621775,475.6519,310.52686,0.9688668,463.74014,352.93942,0.94601786,471.8744,353.56482,0.9344052
0.0,0.0,0.28558534,0.0,0.0,0.09362579,0.0,0.0,0.2357379,0.0,0.0,0.43941012,521.628,191.27281,0.8537507,491.56958,212.14308,0.98367995,527.8343,212.68913,0.9904275,482.4778,242.28017,0.8303656,537.5872,242.66884,0.91866845,489.1158,255.6289,0.61565346,536.23157,254.62883,0.73617,495.19028,271.89825,0.99291396,519.0922,272.25623,0.99467444,504.27762,315.31082,0.9831266,524.6797,315.43903,0.986821,503.5134,356.41318,0.95996785,519.806,357.7935,0.96641344
0.0,0.0,0.15367113,0.0,0.0,0.083224915,0.0,0.0,0.10196691,0.0,0.0,0.40794998,0.0,0.0,0.43818533,280.47263,206.67654,0.85231304,325.49036,204.77121,0.8984586,270.73224,236.546,0.5875135,343.60645,231.81233,0.7427997,0.0,0.0,0.39823964,338.439,237.16525,0.54441005,293.46814,273.18167,0.9711419,322.47827,272.32318,0.9776562,298.26624,323.1299,0.974981,323.16565,322.7129,0.9826424,292.77197,371.31586,0.9623843,322.45944,375.705,0.9708383
0.0,0.0,0.24382542,0.0,0.0,0.100588635,0.0,0.0,0.2308077,0.0,0.0,0.30450702,649.7837,206.58487,0.7254306,629.5598,224.38258,0.9226776,653.2564,225.59573,0.9627493,621.43475,247.27524,0.5849346,661.49005,248.6764,0.845124,0.0,0.0,0.40642977,663.8376,269.98593,0.6508703,632.69446,267.45877,0.9693443,647.5888,268.11496,0.97994024,634.1702,300.70645,0.95980954,643.91425,301.12463,0.97321326,636.3652,332.17374,0.9494748,640.91864,333.5903,0.9624473
551.7251,201.56668,0.8781184,554.75037,199.23068,0.8862733,550.38745,199.12222,0.6519782,560.43414,201.58893,0.85415846,0.0,0.0,0.27692136,566.5985,215.97906,0.98819727,545.5103,216.81372,0.95935863,569.1099,228.98752,0.9583186,543.0339,230.05653,0.67373997,555.7204,219.39513,0.92234915,548.2958,219.74434,0.644523,563.1576,252.23592,0.98503846,549.1389,252.6189,0.97029185,564.3918,282.3973,0.9762319,550.911,282.77948,0.9454636,567.8856,311.17868,0.94854206,556.07434,310.57407,0.9048233
0.0,0.0,0.044393487,0.0,0.0,0.03393191,0.0,0.0,0.028497038,0.0,0.0,0.06456218,0.0,0.0,0.052663546,0.0,0.0,0.179778,0.0,0.0,0.11628422,0.0,0.0,0.22316329,0.0,0.0,0.10797382,0.0,0.0,0.20015833,0.0,0.0,0.110733636,0.0,0.0,0.2909537,0.0,0.0,0.23816523,0.0,0.0,0.3324743,0.0,0.0,0.2714117,0.0,0.0,0.26491326,0.0,0.0,0.22703137
0.0,0.0,0.32293934,0.0,0.0,0.2127351,0.0,0.0,0.29054713,0.0,0.0,0.31939384,0.0,0.0,0.48754594,403.50787,225.68654,0.93232673,409.27463,225.79668,0.9448267,399.48386,242.27112,0.6914395,409.1289,241.62595,0.78824097,400.42783,254.45801,0.56885505,409.5215,254.4837,0.6614321,406.43,257.11752,0.9770661,409.87823,257.36652,0.97945833,409.61755,281.62738,0.97124743,412.0878,281.49954,0.9747628,411.05365,304.9197,0.9552108,413.18176,305.16534,0.9594064
