0.0,0.0,0.0044556665,0.0,0.0,0.003623045,0.0,0.0,0.0005168885,558.44366,0.0,0.6586557,0.0,0.0,0.05505064,551.4214,58.16942,0.9286317,657.1529,44.54094,0.7407433,512.36285,170.41626,0.87966883,663.004,150.91801,0.5155748,527.7719,187.6371,0.6311321,0.0,0.0,0.2960801,571.2038,247.7879,0.9790949,645.4639,239.03233,0.96240544,548.349,408.42953,0.87429637,633.7148,392.2007,0.80855876,0.0,0.0,0.29704493,0.0,0.0,0.2455436
0.0,0.0,0.13917658,0.0,0.0,0.062140178,0.0,0.0,0.080613084,0.0,0.0,0.49591586,253.68675,189.67096,0.66673636,231.0399,209.79402,0.9841143,263.00336,209.08241,0.9926247,224.36218,238.54434,0.92639923,275.6646,238.93376,0.9715404,220.65074,264.33148,0.81144124,278.38882,265.18045,0.8973998,239.0197,263.38116,0.99675447,260.3713,262.86456,0.9979984,237.81657,302.8168,0.99082315,261.5065,302.08887,0.9937115,238.15271,339.45795,0.97398835,262.31506,338.9862,0.9805134
471.9854,149.99449,0.8506139,476.95966,145.61124,0.63203675,467.27686,146.02264,0.81374323,0.0,0.0,0.35269976,458.66675,150.48793,0.68005335,490.69537,180.44519,0.9116724,445.9737,181.85272,0.97634876,503.88983,221.79276,0.6810526,448.21338,220.57944,0.92989,493.012,220.612,0.6336097,483.9137,213.32742,0.8672956,479.00122,256.03552,0.9776984,451.58902,258.0268,0.98797786,463.18924,314.8478,0.98061657,460.47382,325.15515,0.9902958,446.74063,371.4297,0.96592236,471.4504,390.25366,0.9781883
0.0,0.0,0.21904905,0.0,0.0,0.2859863,0.0,0.0,0.05443129,776.5135,209.8854,0.83499295,0.0,0.0,0.15736333,778.0728,224.50648,0.96126974,798.8783,223.12608,0.86999613,773.4241,242.72482,0.8644644,0.0,0.0,0.38313445,765.3162,254.33186,0.6700913,0.0,0.0,0.26285696,783.0312,262.16873,0.9539816,796.9714,260.62897,0.9168661,777.97876,288.22516,0.90795934,794.91534,287.21307,0.8209527,777.2748,313.93445,0.84937936,793.3497,311.31345,0.763099
0.0,0.0,0.052377,0.0,0.0,0.0602214,0.0,0.0,0.01809424,0.0,0.0,0.34384128,0.0,0.0,0.06584703,834.6028,204.22008,0.67937464,0.0,0.0,0.40453136,821.5274,236.07594,0.6355478,0.0,0.0,0.17277597,0.0,0.0,0.4553928,0.0,0.0,0.14233075,840.10565,264.82343,0.7953229,851.1826,264.7957,0.6775004,842.51465,310.62613,0.7412898,848.3566,310.91437,0.5821271,845.03485,355.89783,0.61239153,0.0,0.0,0.48647502
0.0,0.0,0.21856461,0.0,0.0,0.12862712,0.0,0.0,0.16638316,77.843124,219.3887,0.52998185,85.78734,219.30264,0.6641122,71.91794,231.26198,0.9703847,90.3502,231.14691,0.9808699,66.3769,245.11603,0.8211247,96.66872,244.45087,0.8938273,65.54253,257.7358,0.62810457,96.39556,256.26242,0.72251076,73.8639,257.4321,0.9850181,85.76466,257.55496,0.98795867,74.02415,278.127,0.9675779,83.55522,278.3999,0.97142065,74.709595,297.07242,0.9436811,82.39855,297.45978,0.9477213
0.0,0.0,0.2475016,0.0,0.0,0.15090428,0.0,0.0,0.14128552,370.55536,205.25032,0.57065195,381.29794,205.20593,0.5815422,365.713,220.54253,0.9693964,388.26285,220.55672,0.9715058,360.82733,238.74544,0.8083854,393.92755,240.35245,0.81778103,363.8394,252.79594,0.61300963,395.30203,255.01437,0.6240732,370.64474,256.59753,0.9860956,386.85623,256.48306,0.98728555,365.2009,284.8399,0.97695845,387.84732,284.65616,0.9773727,361.40067,311.04645,0.9628567,389.88107,310.71973,0.9635287
0.0,0.0,0.18978627,0.0,0.0,0.116692156,0.0,0.0,0.124926314,115.434235,217.34006,0.57139355,124.75229,217.46146,0.55585855,110.179245,228.39297,0.98400027,128.43645,228.69662,0.984377,104.339836,242.51932,0.8437518,133.06108,242.78963,0.85638547,103.97621,254.56068,0.6375083,132.59056,255.04153,0.6465532,111.20286,254.70584,0.9910116,122.77146,254.82202,0.9911075,111.684204,275.25385,0.97613823,120.61099,275.11935,0.97667956,111.5697,294.03815,0.958806,118.82341,294.186,0.95982856
0.0,0.0,0.12807909,0.0,0.0,0.07991748,0.0,0.0,0.093701206,0.0,0.0,0.43988717,0.0,0.0,0.46691322,148.12964,226.36469,0.9640443,164.3301,226.5707,0.96686023,142.27988,241.06277,0.7713996,167.59598,240.83398,0.80770314,140.56456,251.41492,0.5504753,166.61006,251.73528,0.5880637,149.9655,254.17476,0.9854057,160.318,254.22035,0.9861341,151.41045,276.34253,0.96928185,159.16869,276.24222,0.9710173,151.80827,296.85193,0.9488019,157.49374,296.82642,0.9511602
0.0,0.0,0.10399312,0.0,0.0,0.05079994,0.0,0.0,0.08518666,0.0,0.0,0.34333968,301.40778,219.26787,0.5772504,286.6795,230.64357,0.9329209,306.63025,230.73341,0.96510124,281.57056,247.0848,0.6913555,312.83957,246.84863,0.87030816,0.0,0.0,0.479115,315.3702,260.50772,0.67469734,290.90762,260.41083,0.97957945,304.0374,260.66727,0.98566717,292.28723,283.31924,0.96227264,305.64172,283.47232,0.97176963,292.0192,305.6945,0.9422457,303.70096,305.6629,0.95263463
0.0,0.0,0.0953796,0.0,0.0,0.09478231,0.0,0.0,0.039215922,332.34515,207.21234,0.6302711,0.0,0.0,0.24898824,330.2262,220.19444,0.9459968,349.62646,219.62326,0.89205986,325.7762,236.80968,0.8336513,355.67078,235.71098,0.5584971,322.01465,250.60085,0.62977105,0.0,0.0,0.37430492,334.1463,252.74652,0.98054194,347.0995,252.5299,0.9701192,333.6051,278.92953,0.9758838,346.60855,279.05884,0.9584068,334.07233,303.96753,0.965041,346.03738,303.17368,0.94714695
0.0,0.0,0.21696378,0.0,0.0,0.14631023,0.0,0.0,0.17694153,0.0,0.0,0.3827932,0.0,0.0,0.45751885,415.73312,225.4387,0.919067,430.57385,224.67134,0.926779,410.70172,241.06142,0.61823446,433.54297,238.91603,0.6801113,0.0,0.0,0.44924402,432.88843,248.97406,0.50077146,419.12646,254.74019,0.9551121,428.16486,254.42026,0.9581467,420.14856,278.98483,0.9141748,427.77347,278.44305,0.9202945,420.68564,301.40555,0.86697453,426.17014,301.0588,0.8743515
