0.0,0.0,0.17939307,0.0,0.0,0.120464675,0.0,0.0,0.04843287,568.75885,167.6169,0.66664517,0.0,0.0,0.2844111,568.3352,199.31508,0.9801,610.99866,197.22252,0.9585984,558.46497,246.71802,0.94450235,635.6023,244.52357,0.865737,549.7995,284.7589,0.80419546,627.4534,277.28848,0.69997275,583.4883,282.35968,0.99605477,612.8641,280.9205,0.9947207,569.4037,349.1597,0.9908137,609.6583,347.2383,0.9889342,578.0897,409.77286,0.96616524,625.7565,407.92096,0.96336746
0.0,0.0,0.2394182,0.0,0.0,0.1178858,0.0,0.0,0.116123594,675.8228,151.66634,0.5849751,704.78015,152.29727,0.56454146,662.71423,185.98994,0.9679682,716.7481,185.26814,0.95670176,653.76666,236.82526,0.88695073,728.14374,234.1342,0.84026784,652.03766,272.995,0.7344986,721.61957,274.99036,0.68585426,670.287,271.99103,0.99248344,704.2452,271.91278,0.9914677,675.5366,340.58868,0.9900851,694.5172,342.72806,0.98947924,699.2183,403.81354,0.97338146,698.839,406.6783,0.9728895
0.0,0.0,0.1341819,0.0,0.0,0.09427505,0.0,0.0,0.07292293,489.48904,202.01328,0.6349122,504.414,201.90483,0.5225772,481.3647,224.20245,0.9609044,513.48883,223.85867,0.95431495,472.7699,252.50476,0.73700297,521.2096,252.08159,0.6482736,0.0,0.0,0.42562512,0.0,0.0,0.3420965,489.579,277.45856,0.974452,509.39487,277.84158,0.9705568,495.3012,317.2616,0.9445886,507.70596,317.8682,0.9303254,501.6739,354.71417,0.9045052,504.34048,354.80515,0.88673574
0.0,0.0,0.121769734,0.0,0.0,0.06805018,0.0,0.0,0.07422922,0.0,0.0,0.3865111,549.83624,207.17047,0.5050475,526.4033,224.21799,0.9140805,556.4058,223.9661,0.92958146,519.9866,248.34271,0.56584096,555.76196,250.70218,0.65342945,0.0,0.0,0.31140134,0.0,0.0,0.38040185,532.1524,270.0087,0.9560754,552.20447,269.93213,0.96216804,532.2049,308.0214,0.9213513,549.52625,308.01962,0.9299415,533.48663,345.36697,0.878648,547.584,345.27637,0.889321
0.0,0.0,0.06558793,0.0,0.0,0.03590198,0.0,0.0,0.039972156,0.0,0.0,0.4525053,742.71515,165.06007,0.59959507,714.43634,194.86642,0.91129017,753.54205,194.24307,0.9264098,717.8197,234.63289,0.53714573,759.93463,235.4613,0.6436587,0.0,0.0,0.22366644,0.0,0.0,0.29542512,716.0679,268.30417,0.9346209,742.5826,267.7325,0.9429027,714.4009,325.81247,0.7976026,737.4843,325.838,0.8153852,717.873,376.96613,0.5946801,736.4272,377.3553,0.6156441
0.0,0.0,0.013752884,0.0,0.0,0.010191212,0.0,0.0,0.0030365384,0.0,0.0,0.063076556,0.0,0.0,0.012102917,0.0,0.0,0.24007834,0.0,0.0,0.08926269,0.0,0.0,0.45959023,0.0,0.0,0.106802724,0.0,0.0,0.45479232,0.0,0.0,0.16642278,0.0,0.0,0.33321404,0.0,0.0,0.21172386,0.0,0.0,0.25546524,0.0,0.0,0.14335011,0.0,0.0,0.12974977,0.0,0.0,0.084050134
0.0,0.0,0.12692077,0.0,0.0,0.073467255,0.0,0.0,0.09063337,0.0,0.0,0.45467705,305.4081,228.59348,0.553392,289.53488,240.48152,0.9610873,309.30283,240.98221,0.97065,282.73352,256.0554,0.8151087,313.1687,256.96515,0.8611541,282.43948,270.3826,0.618099,313.97427,271.19284,0.6708481,291.82166,269.84286,0.9894252,304.7076,270.3852,0.990591,294.483,293.53137,0.9836691,304.48407,294.19412,0.98393494,295.4171,317.05588,0.9744348,303.17215,317.84482,0.9742717
0.0,0.0,0.14341284,0.0,0.0,0.11176149,0.0,0.0,0.0953842,260.7382,236.18848,0.5267894,0.0,0.0,0.41936117,257.37875,246.99065,0.9583872,273.7578,247.08875,0.95542973,251.22357,260.9562,0.7687758,277.57452,261.29074,0.7372242,249.47981,272.96014,0.5564397,276.3343,273.4728,0.5177274,260.61313,273.279,0.97806156,271.36768,273.25623,0.9777309,260.993,293.3762,0.95466673,269.86948,293.45074,0.95280546,262.8181,312.52908,0.92868817,269.794,312.22794,0.9267328
0.0,0.0,0.14076053,0.0,0.0,0.0678158,0.0,0.0,0.12258054,0.0,0.0,0.36902106,364.77136,234.52441,0.6563305,349.02252,245.88617,0.9511272,368.66846,246.10753,0.9733637,344.93875,259.40085,0.74577945,373.0472,260.80594,0.8870012,346.76447,270.46182,0.53512025,373.37625,273.62543,0.7047364,351.2518,273.7838,0.9826706,364.21152,273.98956,0.9873509,352.11026,296.53183,0.96723706,362.07443,296.7354,0.9743096,351.65213,318.31766,0.9469092,359.86914,318.87317,0.95478517
0.0,0.0,0.084455766,0.0,0.0,0.036516022,0.0,0.0,0.05382816,0.0,0.0,0.28856164,745.1599,163.78638,0.56363714,713.1038,193.95168,0.9072157,755.25995,192.6208,0.95846933,0.0,0.0,0.46730202,756.7329,234.51926,0.7822338,0.0,0.0,0.19552444,0.0,0.0,0.42426062,719.56995,266.63223,0.9551521,747.3535,265.81778,0.9726732,719.1543,320.22537,0.836007,738.249,319.69952,0.8932827,719.27783,368.2277,0.7192965,727.9826,367.93887,0.79141784
