779.219,175.32309,0.9692188,782.51337,171.05011,0.8654307,773.87787,171.433,0.95053107,784.5676,173.61197,0.5348064,761.94183,173.77867,0.8871876,789.40765,201.59746,0.98887384,750.2017,201.7567,0.99634665,810.14343,233.10367,0.93255126,736.4175,237.9545,0.983835,830.48865,249.32613,0.8901893,732.5888,274.95297,0.9617949,782.3508,270.2534,0.9943721,759.31616,271.5587,0.9965569,777.9066,324.03235,0.9835254,768.01636,325.4499,0.9907712,775.9675,372.92374,0.941464,775.1633,374.00668,0.9606432
164.63852,162.32303,0.956564,169.02312,157.71896,0.93840575,160.05914,158.17685,0.8295028,178.70515,160.23468,0.86053133,0.0,0.0,0.47056273,191.24919,189.02083,0.9955634,155.07906,189.90527,0.97513133,198.45064,223.26575,0.98556626,146.38538,225.59166,0.8800999,172.01675,200.16539,0.9626948,145.607,219.43289,0.84111214,190.09138,261.9227,0.99672323,163.88661,261.97723,0.99253875,197.57483,322.65808,0.9933768,163.39967,324.3725,0.9861319,208.70422,375.43628,0.97537255,161.25609,377.77777,0.9619478
0.0,0.0,0.13988219,0.0,0.0,0.077893205,0.0,0.0,0.085740656,408.7933,195.26457,0.51408505,424.4542,196.05928,0.55606437,400.0352,214.93376,0.95384574,430.6051,215.40521,0.96738225,392.61053,243.61761,0.80334264,435.45908,239.59514,0.8600222,391.87766,266.28506,0.60726947,433.18668,256.9647,0.660715,402.51358,266.00177,0.98664176,422.8242,266.44272,0.9885428,402.5146,304.65384,0.978276,421.93228,305.07352,0.97895324,404.0649,342.19165,0.9587478,422.2832,342.92493,0.9594391
0.0,0.0,0.18537542,0.0,0.0,0.09510587,0.0,0.0,0.13549048,488.45898,216.90146,0.55072933,500.48108,216.85783,0.70857614,480.09634,232.93117,0.9743207,507.03326,232.84789,0.98437923,470.05222,254.1199,0.855108,514.85034,253.49983,0.9216951,469.453,274.0354,0.67176545,519.0044,273.81024,0.76656085,485.3225,271.77576,0.9908422,502.61465,272.03702,0.99271435,488.08008,300.92978,0.97977966,504.2993,301.0783,0.9821456,490.61795,328.7741,0.96239984,504.50204,328.89337,0.96529984
0.0,0.0,0.24153441,0.0,0.0,0.24145997,0.0,0.0,0.092003524,662.6473,203.86327,0.8380856,0.0,0.0,0.47657016,657.4139,222.34569,0.9869114,684.7989,221.07977,0.9761673,651.64996,245.06071,0.9281214,689.9943,245.08093,0.7818596,653.4615,259.56808,0.763307,685.6845,261.22925,0.55182517,662.8636,266.07272,0.99248403,681.1828,265.6034,0.98962885,664.2033,301.60764,0.986552,679.53436,301.6113,0.9784545,667.39954,336.68045,0.97258514,681.2867,335.63184,0.96093696
252.5884,195.49684,0.90349376,256.17285,192.14412,0.8218663,249.25603,191.30034,0.83988017,260.194,194.2004,0.57012117,241.63239,191.73804,0.62630683,266.99332,214.14862,0.98637414,230.42288,211.88213,0.9904975,274.20923,240.31625,0.9342608,225.90154,237.93732,0.9476536,258.98367,236.79875,0.90296793,232.99953,237.62755,0.9116214,258.956,271.31494,0.9943619,235.3386,270.43396,0.9952578,255.64676,317.24963,0.98825616,235.64616,316.29993,0.9886658,254.12256,361.75833,0.9666562,241.00096,360.4549,0.9673089
114.60009,185.89287,0.92954355,118.85766,182.23108,0.9144659,112.465614,182.3081,0.817989,129.4847,185.34975,0.81029415,0.0,0.0,0.43417728,140.86386,209.1049,0.987428,110.79466,209.6758,0.9865566,147.35316,235.89856,0.9314299,98.31416,238.7042,0.89576554,134.50168,239.8826,0.88666695,92.2945,256.55386,0.8399573,137.93332,267.846,0.99080867,118.8948,267.15787,0.9904732,133.25717,309.7594,0.98262167,114.62547,308.4234,0.978195,139.13358,350.78433,0.95843816,121.87766,347.80615,0.94980484
0.0,0.0,0.13332893,0.0,0.0,0.10676363,0.0,0.0,0.06357202,537.4955,211.3863,0.683075,0.0,0.0,0.4845954,531.9681,228.19788,0.97167206,560.41943,227.07393,0.96418667,524.9149,249.55444,0.8659822,567.2191,248.16898,0.7944473,525.0537,266.42514,0.65206397,565.6884,265.23178,0.56264,537.1725,267.89694,0.98953605,555.98737,267.47794,0.9879481,538.3015,298.53403,0.98241377,556.19366,298.43677,0.97754455,538.47003,328.40527,0.97107667,554.6089,327.43155,0.96513766
0.0,0.0,0.15224482,0.0,0.0,0.10278074,0.0,0.0,0.11805774,0.0,0.0,0.3788362,0.0,0.0,0.40769333,693.3695,225.82478,0.9208617,708.9198,225.82332,0.9196213,691.6797,239.30966,0.6332731,714.2477,238.92331,0.6570233,0.0,0.0,0.42810056,0.0,0.0,0.4449783,695.5288,251.98026,0.9485933,705.4497,251.89427,0.9496371,696.84625,273.36896,0.8943003,703.8861,273.07993,0.89796495,697.63416,292.20642,0.8573907,702.1584,292.19415,0.861582
0.0,0.0,0.061924163,0.0,0.0,0.03348418,0.0,0.0,0.061762396,0.0,0.0,0.2418205,0.0,0.0,0.4665721,440.6844,226.48117,0.8919673,463.62396,227.48502,0.92168933,435.1832,241.55904,0.527195,467.82474,242.38487,0.70726043,0.0,0.0,0.32695094,0.0,0.0,0.46297735,443.9909,256.37195,0.9722045,459.14017,256.9831,0.97692525,445.79276,281.43182,0.9603799,461.2544,281.67825,0.96840334,446.1636,305.41302,0.9495119,459.5583,306.1018,0.95781815
