0.0,0.0,0.07436792,0.0,0.0,0.044805665,0.0,0.0,0.03790344,255.58301,179.10289,0.69406587,274.20837,179.19664,0.6200624,245.98116,202.73764,0.9866572,284.41122,202.79655,0.98946816,233.23135,235.96175,0.9390965,297.60406,234.7044,0.93912464,228.10846,265.19122,0.789005,298.61212,263.0132,0.77035624,252.21637,264.29834,0.99652857,277.2031,264.54037,0.9968015,254.80923,308.93173,0.98854625,280.9133,309.32193,0.9874374,255.7476,351.09937,0.96390325,280.01678,351.5781,0.9612979
700.8269,93.3881,0.9858358,706.5848,87.16029,0.89910305,691.04364,86.27764,0.98000675,0.0,0.0,0.45342797,672.37305,94.37428,0.9406476,715.9495,149.56572,0.9822175,658.7928,149.82439,0.99833554,722.8839,219.16,0.8717421,641.7915,222.90808,0.9930294,734.7203,283.47122,0.8497581,639.3266,285.83066,0.98351085,713.61957,268.8855,0.9908862,679.2433,270.2672,0.99702954,709.625,362.04578,0.9680208,697.47095,365.8859,0.98994446,674.0483,439.55945,0.84347683,682.7059,448.23224,0.921541
826.53735,140.08777,0.9800756,833.19226,132.92186,0.9132964,818.5112,133.05203,0.97915775,0.0,0.0,0.44037914,805.03754,137.89268,0.89685005,844.773,177.69153,0.9200613,782.33057,174.1821,0.9908119,840.405,214.3534,0.6788574,749.47375,211.89517,0.9712385,834.57764,181.27466,0.64263916,771.0227,193.02437,0.9374717,831.8407,279.71735,0.9342355,785.29266,279.5459,0.9751486,847.49835,360.00305,0.84810567,773.42676,360.90152,0.93965536,845.4401,431.38107,0.6023753,750.768,434.47977,0.7454167
400.38712,168.45795,0.95193785,403.80392,164.29112,0.88576096,395.9523,164.71722,0.9243478,409.3499,166.70825,0.5820446,389.2176,167.66899,0.7778566,418.4563,190.8456,0.98806286,381.9428,193.15504,0.9946548,428.00906,220.81883,0.9200574,382.4091,226.52126,0.9697468,416.24673,219.04504,0.8931257,408.21548,224.27997,0.943106,415.04947,257.04675,0.99235666,391.66272,258.34842,0.99510795,411.4377,308.68744,0.9795283,397.47708,309.68826,0.98571754,401.28018,356.50845,0.93098825,398.87772,357.5503,0.9477003
0.0,0.0,0.10264545,0.0,0.0,0.056626514,0.0,0.0,0.08513109,0.0,0.0,0.4459405,129.42957,216.29741,0.5962139,112.070076,227.10088,0.97738147,133.2663,227.99663,0.9814928,104.68145,242.21745,0.8207174,137.6745,243.43137,0.88252753,104.108025,254.6692,0.58195937,137.06152,256.1113,0.6683001,114.17279,255.99878,0.98935133,128.08005,256.365,0.99047005,114.16808,278.22958,0.9655796,126.432144,278.48096,0.9699349,113.29726,297.61868,0.93251485,123.66424,297.97937,0.93930185
0.0,0.0,0.18833731,0.0,0.0,0.12965478,0.0,0.0,0.11847984,71.93455,216.71979,0.61067986,81.51729,216.73479,0.5368597,67.69896,228.44772,0.98198617,86.8044,228.54778,0.98064274,63.580467,242.75253,0.8357568,93.98377,242.95558,0.81642926,64.71405,254.26254,0.635291,94.84263,253.92429,0.60206074,70.82084,256.53116,0.99126726,83.38095,256.63635,0.99105364,70.4288,278.27902,0.9811974,83.78449,278.04556,0.98067266,70.60884,298.80685,0.9684921,84.332855,298.78323,0.9681381
464.5249,202.86603,0.92704165,467.84216,199.9179,0.8663334,461.6246,199.64302,0.88293415,472.54855,202.45619,0.61700493,456.5409,201.49539,0.6792065,477.50916,221.23953,0.98599017,448.36172,219.92201,0.9910019,485.85605,241.55373,0.92373365,435.3329,238.53006,0.95158285,487.12946,249.427,0.88781583,437.2936,244.24184,0.915832,468.2331,269.41034,0.9923947,450.44455,268.76172,0.9939215,461.51193,306.2574,0.9844706,449.9858,305.77682,0.98596525,451.8691,340.8107,0.96119696,445.08096,340.2788,0.9638932
0.0,0.0,0.13334037,0.0,0.0,0.080143884,0.0,0.0,0.099260345,0.0,0.0,0.47030893,165.09415,212.56659,0.5469176,150.78711,224.43108,0.9743318,169.19724,224.7623,0.97695804,144.84737,239.92613,0.7951421,174.99532,240.47871,0.83768696,145.3151,253.16862,0.5659149,175.39868,253.81334,0.61391604,153.86848,254.07672,0.98871315,165.48973,254.28867,0.98942775,155.64835,277.5367,0.9706659,164.9076,277.52896,0.97301215,156.37811,298.86267,0.9478676,163.6354,299.10843,0.95142794
0.0,0.0,0.15575787,0.0,0.0,0.19292644,0.0,0.0,0.04586234,335.60934,217.42496,0.8055074,0.0,0.0,0.21856555,333.75583,230.74399,0.9741599,356.65555,229.06868,0.91641617,324.62476,247.61845,0.9175187,364.1501,244.89754,0.5506676,317.95895,262.27643,0.76205885,0.0,0.0,0.3816735,343.0156,260.62732,0.9824469,356.70602,259.74426,0.9667662,341.6011,284.25793,0.9697179,349.84573,283.8351,0.93582374,343.94232,308.3016,0.9453413,346.7659,306.56802,0.90595925
589.864,214.00903,0.78871775,592.03186,212.01147,0.74033254,589.12604,211.96794,0.60428035,596.80176,213.67056,0.6564553,0.0,0.0,0.37486187,600.5545,225.84856,0.9609917,587.5838,225.78203,0.94181406,599.11285,239.08986,0.8427261,582.1067,238.41077,0.69122684,588.93134,238.3346,0.7689594,584.6781,237.13428,0.62746304,596.96344,257.39432,0.95538336,588.7464,257.13242,0.9435623,594.4922,283.3543,0.93009907,588.2068,283.14243,0.90403515,593.059,306.53036,0.8846585,587.7239,305.57312,0.8554412
