0.0,0.0,0.2165487,0.0,0.0,0.14296554,0.0,0.0,0.035084214,443.51807,94.184265,0.87070847,0.0,0.0,0.3889079,436.28705,146.82706,0.9936028,509.60965,142.34727,0.97785646,409.4167,222.21077,0.9804421,534.6115,218.65538,0.8970749,385.64545,278.9475,0.92750037,525.7162,278.49316,0.7938783,452.01004,280.87445,0.99600405,501.65353,277.84573,0.99320847,433.76242,380.31528,0.981275,492.87744,374.9857,0.97142124,455.36697,468.4777,0.8282235,514.6458,459.62827,0.7961904
342.43814,173.54277,0.9536027,345.17456,169.13776,0.8589682,337.4579,169.44571,0.9391114,0.0,0.0,0.46392086,328.09494,172.44867,0.83422184,352.45847,198.19716,0.987538,318.62473,199.85094,0.9955159,360.62344,230.77667,0.9078229,308.5657,235.07307,0.97620153,365.3399,263.72046,0.87556064,305.04483,270.05252,0.951337,345.30484,261.1844,0.9947153,325.06827,262.48068,0.99696094,340.02032,310.3286,0.9893169,330.62628,312.03006,0.99308974,331.65207,356.96564,0.9720365,329.81357,359.80664,0.97943705
0.0,0.0,0.13453099,0.0,0.0,0.06504968,0.0,0.0,0.0806109,0.0,0.0,0.35212153,0.0,0.0,0.47888443,171.25589,218.66223,0.95650303,194.48502,219.347,0.9658003,160.87694,236.84813,0.83052474,201.59,241.3705,0.8745399,161.32251,252.208,0.6650985,207.31012,259.48843,0.72033465,173.81694,259.07703,0.9873275,187.93802,259.15982,0.9894991,177.32683,288.85516,0.9702074,186.04305,288.95984,0.9742047,179.56133,315.94775,0.94107246,183.01576,316.51846,0.947304
0.0,0.0,0.3537385,0.0,0.0,0.2858129,0.0,0.0,0.10579531,733.476,170.71402,0.7082739,0.0,0.0,0.24772598,730.16644,194.14589,0.9692273,767.1468,192.70172,0.9313953,715.6109,229.73186,0.9241186,787.56635,230.15852,0.7887833,712.9485,249.65231,0.83643156,788.8702,249.32224,0.6818537,736.8319,259.4773,0.9848883,763.87244,258.9931,0.9777134,729.169,316.7758,0.9766531,776.2414,315.18945,0.9685601,730.96185,363.1713,0.9380157,795.94305,361.43396,0.9290913
0.0,0.0,0.10651323,0.0,0.0,0.09198767,0.0,0.0,0.03743624,580.03564,173.09555,0.8021899,0.0,0.0,0.48638636,575.79065,197.01595,0.98998755,607.8466,195.11429,0.9891276,571.1019,230.33665,0.95712113,619.4329,227.82014,0.9280013,564.47156,259.89972,0.8337033,618.5874,257.3409,0.7600664,581.05676,256.53076,0.9964592,601.876,255.56572,0.996347,577.9679,299.85428,0.9866903,599.18945,299.54605,0.9833829,583.5568,341.20587,0.9581337,602.90204,340.10245,0.9505126
0.0,0.0,0.30558622,0.0,0.0,0.10890293,0.0,0.0,0.3083815,0.0,0.0,0.41071936,85.69582,200.17062,0.8745246,65.72981,219.02002,0.9750954,90.42303,217.41837,0.9898818,61.359795,241.98892,0.7192226,97.65581,237.64395,0.9189587,0.0,0.0,0.47782692,98.80375,253.18921,0.7276005,71.42278,259.01895,0.98649997,88.03208,258.5177,0.99148905,71.985374,289.48373,0.96943897,86.76363,288.8598,0.9794743,72.99907,318.3373,0.9446437,86.38498,318.50122,0.9576538
0.0,0.0,0.10615463,0.0,0.0,0.042372745,0.0,0.0,0.09103153,0.0,0.0,0.26013616,135.53493,205.1162,0.6218152,115.60728,220.13269,0.92982256,140.17207,221.09773,0.96152604,106.39957,238.6594,0.70173776,146.39342,242.8237,0.8777266,107.24477,252.16864,0.5025298,147.77739,259.81326,0.7033893,117.64225,260.1521,0.98489916,133.3356,260.32187,0.9894811,117.97571,290.24057,0.9779448,128.71014,290.26117,0.984142,117.750244,319.24896,0.96636426,124.28336,320.01514,0.97354186
0.0,0.0,0.07708808,0.0,0.0,0.061507743,0.0,0.0,0.058899328,0.0,0.0,0.095360875,0.0,0.0,0.09946575,0.0,0.0,0.18161786,0.0,0.0,0.2582622,0.0,0.0,0.13486107,0.0,0.0,0.22184333,0.0,0.0,0.14581867,0.0,0.0,0.20704785,0.0,0.0,0.2846466,0.0,0.0,0.34794202,0.0,0.0,0.35049897,0.0,0.0,0.40802267,0.0,0.0,0.41132507,0.0,0.0,0.46078292
396.8957,183.47789,0.53686196,0.0,0.0,0.38874677,0.0,0.0,0.39318717,0.0,0.0,0.2961185,0.0,0.0,0.30711207,403.88776,203.47871,0.8653177,383.57953,204.34853,0.8771275,402.8976,235.06812,0.6147601,374.0917,236.20105,0.6218961,396.9347,266.3783,0.55102473,370.97656,266.93518,0.5503243,401.24805,257.4844,0.96743023,389.49664,258.33423,0.9686599,395.95953,302.66727,0.977417,393.91803,303.65652,0.9762295,389.6956,347.62958,0.97149605,393.53748,348.70935,0.9705987
663.4722,206.80284,0.9470968,666.57947,204.16905,0.94168806,660.9557,204.24893,0.90645164,672.0223,206.33925,0.83338314,657.57733,206.9961,0.6189732,678.49994,223.00052,0.9853507,654.3242,223.80418,0.9782853,684.08563,242.47955,0.8347617,651.3275,243.26985,0.726988,678.84247,255.36382,0.7064059,655.08417,255.4568,0.5927712,673.3122,259.31976,0.8853028,657.85077,259.50836,0.86597234,0.0,0.0,0.48836726,0.0,0.0,0.4427566,0.0,0.0,0.25451452,0.0,0.0,0.2281996
