0.0,0.0,0.043683987,0.0,0.0,0.029657045,0.0,0.0,0.025433406,808.5035,196.94252,0.53987694,828.23895,194.8033,0.55860686,801.0939,225.03835,0.9472961,839.85297,221.64883,0.96169084,787.94037,260.71954,0.77852005,850.0685,256.80728,0.83472127,0.0,0.0,0.46512514,850.1678,278.5398,0.5372656,815.9117,290.6207,0.98446125,839.7046,289.451,0.9872525,821.36975,346.35498,0.96776175,833.79,345.61652,0.97032434,826.45245,402.13354,0.92015755,827.6359,400.6481,0.9246105
0.0,0.0,0.1059959,0.0,0.0,0.05114798,0.0,0.0,0.0629091,0.0,0.0,0.4600338,322.79675,207.79898,0.6113854,296.25253,226.06694,0.97923386,330.79123,225.22447,0.98570824,281.5071,252.62183,0.9188981,340.62433,254.72253,0.9429949,276.768,273.70728,0.78143096,340.54807,279.40112,0.8226848,302.31802,272.49435,0.99491465,323.2619,271.80045,0.996009,308.54263,315.70737,0.98589015,320.70374,314.96533,0.9879887,310.7219,357.08752,0.95960987,314.90262,356.98782,0.9645605
0.0,0.0,0.12397704,0.0,0.0,0.07119815,0.0,0.0,0.086117,386.56903,194.33012,0.544201,401.80496,195.3254,0.62692916,377.6959,217.83153,0.9568562,408.58826,219.76675,0.9733525,369.06024,247.30779,0.780411,413.52933,250.26526,0.8693762,367.6916,274.61276,0.55152375,412.81958,278.75677,0.650401,378.85068,271.82272,0.9879489,398.9536,272.72516,0.9904698,379.60388,312.83374,0.98230916,396.418,313.8073,0.9839595,379.48077,352.8125,0.96930367,393.07465,354.32834,0.97103375
0.0,0.0,0.13029411,0.0,0.0,0.11332328,0.0,0.0,0.053707115,743.9413,187.54608,0.8014855,764.93536,187.43994,0.5396356,733.4505,214.51135,0.98297,776.4573,214.28874,0.97996235,721.5923,249.50119,0.90503114,784.4651,248.57286,0.83790255,725.38104,274.2746,0.68053865,780.7944,273.09097,0.56108975,739.87415,282.71808,0.9909871,766.4986,283.0207,0.9897385,750.34576,331.99866,0.9759529,762.36194,332.75595,0.96818113,763.0143,381.19443,0.9311483,761.8085,381.2931,0.91525126
0.0,0.0,0.13415053,0.0,0.0,0.056636017,0.0,0.0,0.10265502,0.0,0.0,0.43996683,533.16034,196.25542,0.7438633,506.84677,217.12346,0.9719197,539.3958,216.57864,0.9827423,501.78955,245.81912,0.8045316,545.6437,244.11656,0.89483786,507.37964,267.43106,0.5548703,542.02484,264.14014,0.67458713,512.6156,268.48996,0.9907864,534.4426,268.55313,0.99285525,514.5605,309.27628,0.9794643,533.06635,309.3665,0.9827099,516.1281,348.83145,0.9537758,532.67053,349.59302,0.9587603
0.0,0.0,0.14497428,0.0,0.0,0.12881055,0.0,0.0,0.068871,579.82574,217.75784,0.6895204,0.0,0.0,0.44728774,574.84094,237.49347,0.9681202,601.26526,236.63058,0.9621594,569.14575,261.5108,0.8718167,608.34576,260.61142,0.8093195,568.6934,280.11707,0.6710456,608.48065,278.76724,0.58959985,578.61743,282.28708,0.98439735,594.99176,282.02783,0.982898,583.90027,316.18964,0.96919036,591.4317,316.42587,0.9625487,588.62946,348.9614,0.941303,589.1349,348.52054,0.9318704
0.0,0.0,0.10886451,0.0,0.0,0.042962786,0.0,0.0,0.10415264,0.0,0.0,0.30326504,467.48245,230.86244,0.70893943,448.75967,245.41798,0.95276695,472.08133,246.20453,0.98192513,443.2417,264.0951,0.7369714,478.83398,267.78305,0.93286026,443.38266,280.9521,0.5156858,483.61655,287.9099,0.77841336,452.27887,281.38574,0.98743325,467.00626,281.8385,0.9926179,455.19843,308.20013,0.97321856,465.0999,308.4743,0.9833855,457.7542,333.40933,0.9515455,462.66205,334.12012,0.96529263
0.0,0.0,0.18457815,0.0,0.0,0.1582192,0.0,0.0,0.08923197,623.2419,231.75824,0.69661605,0.0,0.0,0.3786626,619.74725,244.49075,0.97723687,636.85156,244.15543,0.9672396,614.80347,260.6629,0.83660996,640.9913,260.6746,0.686156,613.5394,273.34302,0.6295861,0.0,0.0,0.46172374,621.66437,275.6086,0.9885704,633.8674,275.52393,0.98636264,618.3881,301.03366,0.9788967,635.48615,300.96576,0.9732963,619.43243,325.73505,0.9626921,637.8688,325.4123,0.9556928
0.0,0.0,0.054316532,0.0,0.0,0.035851724,0.0,0.0,0.036858123,0.0,0.0,0.40601942,0.0,0.0,0.39137763,420.85138,232.869,0.9121352,442.6171,231.80264,0.9178128,417.77435,251.47482,0.5727598,447.88248,249.10506,0.602074,0.0,0.0,0.305673,0.0,0.0,0.32479,425.0977,265.30875,0.9589797,440.7778,264.77975,0.9613374,421.71915,293.63675,0.921401,441.38995,292.97375,0.92445374,420.58237,319.78973,0.8823406,440.85202,318.77032,0.8865485
213.32307,243.7928,0.67456055,214.69685,242.11774,0.6281968,212.61847,242.09868,0.50755626,218.15201,242.2749,0.5330793,0.0,0.0,0.28800324,223.33035,250.98703,0.9681607,209.71266,251.03456,0.95917624,228.38066,263.47873,0.8653166,204.78346,262.97137,0.8005049,227.03423,275.74622,0.8221344,202.33064,275.01855,0.7579646,220.68536,274.36502,0.9872299,212.6766,274.21884,0.98564714,218.24986,293.88617,0.9813943,212.09288,293.55814,0.9785836,217.67946,312.6206,0.97165525,212.97058,312.07748,0.9685714
