0.0,0.0,0.06770721,0.0,0.0,0.048280932,0.0,0.0,0.03355059,710.00037,201.96936,0.67888284,728.38055,200.88748,0.57499826,702.5699,226.55905,0.9803759,738.7386,226.28944,0.98177046,696.2133,254.60124,0.9083043,750.72455,258.82156,0.899489,695.45184,266.15488,0.692049,748.78937,276.6337,0.6726262,708.4203,286.37305,0.9929242,731.3583,286.248,0.9932027,711.02325,330.5031,0.97758853,729.0034,330.82758,0.97536224,717.3877,372.55875,0.9334076,728.8921,372.41898,0.92804974
0.0,0.0,0.26827836,0.0,0.0,0.17541328,0.0,0.0,0.065997876,427.2724,186.95882,0.68223894,0.0,0.0,0.25957572,420.64938,211.77568,0.9859907,464.74155,211.05789,0.956388,409.77835,250.06363,0.97537315,481.0609,245.68257,0.89006025,406.27655,287.2601,0.94217956,481.8739,277.28262,0.83555436,431.3825,273.35672,0.99721116,460.04895,273.57495,0.99514467,426.36124,327.5998,0.9952998,455.7079,332.26392,0.99245477,427.7776,380.69727,0.98336077,453.67654,387.15384,0.97824025
0.0,0.0,0.082922995,0.0,0.0,0.04183623,0.0,0.0,0.055804607,518.518,171.15988,0.558111,539.4195,171.54192,0.70962536,508.5312,200.5781,0.9774573,548.9713,201.87126,0.98788303,500.74576,240.72728,0.86174893,561.4413,243.33838,0.93675506,500.9826,274.615,0.6148075,566.3314,276.5054,0.74456984,514.72003,272.18008,0.9949993,539.37085,273.11832,0.99638844,524.6701,326.82587,0.9882328,537.543,327.8667,0.9906108,530.95886,379.99033,0.96588457,532.0344,381.32208,0.9707394
803.0054,210.09547,0.9276825,806.2497,207.07584,0.92317134,800.66046,207.12973,0.7819041,813.1596,208.67957,0.8562053,0.0,0.0,0.39129868,822.51245,225.99902,0.9924199,795.8194,226.61772,0.98382795,828.9303,247.29686,0.9678753,793.8032,247.97559,0.8391528,811.9337,250.72116,0.9432689,803.2835,251.97792,0.8008207,819.2439,272.38608,0.99031925,802.27826,272.28354,0.9849975,818.36475,309.47574,0.97403926,806.721,309.08307,0.9532468,815.4332,344.48068,0.9330636,813.03345,343.17944,0.8991419
0.0,0.0,0.2779209,0.0,0.0,0.17765227,0.0,0.0,0.11745078,623.2971,175.85103,0.6011101,0.0,0.0,0.37407893,611.74194,201.06943,0.9569254,650.4762,199.89246,0.9360865,594.5894,238.53336,0.8935428,658.8054,234.90305,0.8136756,597.2735,270.59216,0.79064745,656.6085,261.9965,0.6996194,616.8983,264.62656,0.9887893,640.64667,264.56213,0.985691,622.4322,318.21225,0.98547584,638.7655,319.16888,0.9825539,627.1921,367.9902,0.96548724,638.98596,370.25137,0.9622642
0.0,0.0,0.13662776,0.0,0.0,0.14112307,0.0,0.0,0.050486606,588.82745,224.93286,0.54957634,0.0,0.0,0.16349636,587.2473,241.98073,0.9022528,603.1181,241.5944,0.7694197,580.0782,264.35846,0.79241693,0.0,0.0,0.38764298,571.8699,285.229,0.60082436,0.0,0.0,0.28567883,593.2954,281.77902,0.940895,603.30054,281.75882,0.8993395,597.3605,312.3341,0.9160965,603.1713,312.62302,0.84796077,602.8427,341.4192,0.87143016,603.75085,340.90555,0.8053335
0.0,0.0,0.1394748,0.0,0.0,0.07912712,0.0,0.0,0.10915517,0.0,0.0,0.39661255,295.83252,233.26096,0.51998806,282.21725,243.29807,0.9658798,298.4075,243.85255,0.9717863,276.61707,257.28406,0.75372636,301.72986,257.76715,0.8244512,276.23746,267.9484,0.53690827,301.88208,268.7916,0.61150104,284.6342,269.99005,0.9868571,295.0699,270.32172,0.9880827,285.65012,291.9612,0.973944,294.29413,291.97165,0.97685003,285.554,312.93176,0.9633446,292.82162,313.24133,0.96677667
0.0,0.0,0.08175716,0.0,0.0,0.056896478,0.0,0.0,0.05756376,0.0,0.0,0.42026618,0.0,0.0,0.38140634,657.6743,245.17635,0.9271532,674.11633,245.11337,0.9250387,653.7126,261.40366,0.65800196,679.37006,260.59436,0.6568213,0.0,0.0,0.41717657,0.0,0.0,0.4158092,659.8003,276.95242,0.97303694,671.4745,276.8314,0.9733508,659.2351,303.45172,0.9596966,674.23535,303.09525,0.959953,660.484,329.15457,0.93362516,676.65,328.90237,0.9340736
0.0,0.0,0.12697291,0.0,0.0,0.07256547,0.0,0.0,0.12516977,0.0,0.0,0.3206644,260.5976,236.73903,0.5420953,246.76103,245.43916,0.93099606,262.82507,246.18504,0.94891953,241.56767,258.25262,0.6500073,265.62576,258.49643,0.7949057,0.0,0.0,0.46132022,265.94513,268.09116,0.597538,248.12878,269.8688,0.972178,258.8367,270.1186,0.9767845,248.87917,289.77383,0.9534027,258.91788,289.73404,0.96221435,247.92705,308.16953,0.9346582,257.20224,308.5274,0.9444042
0.0,0.0,0.18547387,0.0,0.0,0.10360711,0.0,0.0,0.1786791,0.0,0.0,0.3700787,358.7958,235.97713,0.6303051,347.20468,247.07216,0.963746,361.95697,247.0312,0.9734658,342.9372,261.12567,0.73677945,366.47415,260.55777,0.8603979,344.0161,270.76062,0.5186815,367.30664,270.68658,0.66484493,350.04675,273.8386,0.9774466,359.53436,273.82095,0.98123944,351.72412,295.09274,0.93916523,359.67023,294.86694,0.951052,351.41162,313.9199,0.9008945,357.9393,314.07434,0.9160453
58.741028,248.34026,0.8090075,59.99627,246.55637,0.7194086,57.096653,246.55724,0.76295114,0.0,0.0,0.48185378,54.243214,247.32085,0.61390513,64.84039,256.86694,0.97283745,50.424416,256.77982,0.97721934,67.25002,269.4027,0.8357754,44.9821,269.3182,0.8860174,63.860035,280.12866,0.781985,45.670174,280.72632,0.8332543,64.14541,280.6425,0.9718228,55.547367,280.7194,0.9740941,64.29905,298.62866,0.9218078,56.26048,298.57977,0.9294853,64.539444,315.09875,0.851395,57.580498,314.85208,0.86229736
