0.0,0.0,0.119108655,0.0,0.0,0.053512797,0.0,0.0,0.09242381,0.0,0.0,0.49483597,744.0073,205.0543,0.7477607,720.506,224.76529,0.9773492,750.51666,225.30502,0.9880363,712.59064,249.51129,0.8753228,759.098,251.85133,0.9472895,715.236,268.1319,0.68544817,763.6987,272.1452,0.80940133,725.7368,272.71597,0.9942297,746.0401,273.18402,0.995902,726.52246,307.43677,0.98565936,749.4323,307.76776,0.9887289,726.6725,339.32394,0.96935284,751.1544,339.9874,0.9740717
0.0,0.0,0.14628378,0.0,0.0,0.04632345,0.0,0.0,0.105305105,0.0,0.0,0.29675734,362.00055,181.56743,0.70264345,332.0215,203.68349,0.9674309,366.82486,203.91856,0.9828508,321.36224,239.59148,0.83008397,375.42532,237.15521,0.9280884,320.447,266.32843,0.6523932,373.6437,257.07867,0.78488725,337.59326,265.19257,0.9916705,360.4011,265.40372,0.99435896,341.2008,313.7234,0.9793361,361.83292,313.71777,0.98538303,346.28506,357.45215,0.9462304,364.39404,358.87677,0.95850766
0.0,0.0,0.14917797,0.0,0.0,0.07155476,0.0,0.0,0.10633992,0.0,0.0,0.44368178,475.99255,214.63779,0.67124397,453.2819,231.95157,0.9637245,482.85345,232.10838,0.97471535,442.00375,252.34492,0.7985743,490.8321,254.40633,0.87802917,442.34705,268.2465,0.5811936,491.61624,271.6978,0.6861884,460.62924,275.82224,0.98885417,479.68173,275.96094,0.99103326,461.12967,307.48956,0.9801822,477.51514,307.49188,0.9831355,464.29166,337.48297,0.96591324,477.85876,337.78125,0.96974295
259.12473,181.72627,0.92484444,263.1084,178.20435,0.9051173,256.02637,178.02715,0.81009996,270.2573,181.12584,0.77412957,0.0,0.0,0.41164842,279.8688,203.00327,0.98807085,245.82011,203.75749,0.9801441,286.39682,227.4795,0.95686686,242.03697,230.67259,0.86429423,265.68826,215.49777,0.92941296,252.58005,224.36606,0.823615,273.7785,261.81815,0.99341595,250.04463,261.72766,0.99082524,281.1121,309.6962,0.98936146,248.42943,309.0639,0.98270136,287.18646,353.98642,0.97104275,250.7506,352.30725,0.9587432
92.17167,195.65529,0.95603406,97.16641,191.33195,0.92999613,88.42046,192.06027,0.87310714,107.59682,192.52383,0.806963,86.465836,194.55199,0.53243595,122.46102,216.06346,0.9889593,82.73254,218.05966,0.97636104,135.23703,245.7574,0.9594008,73.90831,240.48941,0.8988794,124.24571,243.8305,0.9229352,78.2483,226.26479,0.85265785,118.616745,279.71603,0.993067,91.21094,280.57626,0.98999876,124.42784,330.1523,0.98912805,88.26231,332.8656,0.9854725,130.40323,374.27856,0.97403526,88.482605,378.00375,0.96964777
0.0,0.0,0.3668083,0.0,0.0,0.22711551,0.0,0.0,0.21391451,659.08765,202.72452,0.54126537,668.8995,202.1465,0.562884,657.7209,221.91667,0.9734004,679.5492,219.26955,0.9859221,656.5584,244.97932,0.8475335,683.6879,238.49712,0.9208333,650.232,238.4057,0.72184175,670.5603,233.44632,0.8134374,661.5076,266.68484,0.99122435,676.6792,265.07968,0.9938192,657.66736,304.1069,0.9831718,673.8664,302.55777,0.98669344,662.5908,339.96094,0.96427655,675.2344,337.61517,0.97002226
636.7818,189.22554,0.90849054,639.73145,186.25264,0.77854556,633.62256,185.54178,0.87789774,0.0,0.0,0.4257886,626.6497,186.99675,0.73861843,646.3102,206.58797,0.97827315,617.74097,207.74211,0.9915105,656.83453,222.74197,0.8596105,606.1536,235.72646,0.9548815,648.5662,219.90802,0.8240212,600.09393,259.68005,0.91364515,637.3314,260.42517,0.9899261,620.1124,260.47406,0.99352396,632.3032,303.8185,0.97564584,624.0068,303.54126,0.9826249,625.63794,344.17908,0.9383757,625.01044,344.12125,0.9524369
0.0,0.0,0.06393089,0.0,0.0,0.04952423,0.0,0.0,0.029796384,511.13226,203.50398,0.5217469,0.0,0.0,0.3515929,503.81665,221.9635,0.94816035,533.7349,219.69463,0.930532,495.49164,245.3678,0.8282792,541.06976,235.31256,0.7235678,495.35965,255.21338,0.5991185,0.0,0.0,0.48505774,508.65433,266.63977,0.98704576,527.9852,266.0973,0.9847322,511.60162,301.41907,0.9814693,525.97797,301.60367,0.97609454,514.1334,335.81183,0.9654485,524.818,335.71213,0.9580105
0.0,0.0,0.13834533,0.0,0.0,0.10362071,0.0,0.0,0.06908284,0.0,0.0,0.49296704,0.0,0.0,0.34082022,149.98514,221.88873,0.8990381,172.98671,221.06505,0.8757953,145.04506,244.56409,0.6784814,182.18587,242.3155,0.5779528,0.0,0.0,0.46540383,0.0,0.0,0.38571554,156.73776,265.75653,0.95309526,171.91818,265.60214,0.9471702,156.6289,300.9236,0.94368315,170.9914,300.8286,0.93219703,160.65921,336.11923,0.92228216,172.02989,335.27142,0.9111254
0.0,0.0,0.122962154,0.0,0.0,0.0977506,0.0,0.0,0.07316112,0.0,0.0,0.3259111,0.0,0.0,0.22238143,688.30164,221.80452,0.83184797,702.46545,220.79439,0.8030237,688.3249,236.4855,0.51807374,0.0,0.0,0.41517857,0.0,0.0,0.35602432,0.0,0.0,0.28221622,688.7751,252.27698,0.9222771,698.1886,251.68417,0.91667736,688.70294,277.2355,0.8877752,695.7283,276.85056,0.8764765,690.4224,300.93927,0.8599913,693.64703,300.64798,0.85093445
