0.0,0.0,0.28755945,0.0,0.0,0.14808932,0.0,0.0,0.10258554,287.63974,144.6204,0.748718,317.50168,145.23618,0.56128377,265.9248,179.64624,0.9838832,335.25137,182.8403,0.97640467,233.55003,227.58868,0.95095265,348.01224,237.1356,0.90737075,239.13818,254.26117,0.88770264,346.95023,273.54306,0.819789,279.01053,274.5302,0.99491984,321.33582,275.40826,0.99359035,284.0646,344.8972,0.99223787,307.15732,344.0188,0.9902002,292.9376,412.44955,0.970361,298.72467,410.74545,0.9664583
444.1829,149.5195,0.92587256,446.7706,145.96953,0.66340536,439.1318,144.96121,0.90427226,0.0,0.0,0.30262852,424.1188,149.90953,0.83952755,445.6639,186.06406,0.96448255,408.8215,185.87306,0.9930875,457.99258,230.6349,0.854623,397.6065,231.98868,0.9825602,465.56796,257.31467,0.829368,396.43066,271.8576,0.96492505,439.50186,265.04886,0.9901155,417.07263,266.33145,0.9956974,441.99017,327.01956,0.9841411,430.55194,331.37674,0.99332654,426.52048,382.04642,0.9582147,422.58237,392.31302,0.97599775
0.0,0.0,0.24888688,0.0,0.0,0.1988675,0.0,0.0,0.12175735,654.42065,179.27641,0.8101825,668.15985,178.39258,0.649493,647.8456,201.09485,0.98651195,681.4695,198.572,0.9882704,641.64923,230.95378,0.8913512,694.42816,224.32622,0.8825994,641.7821,254.16008,0.68139786,692.51056,245.32877,0.6563403,655.6847,253.4949,0.991768,676.6764,252.49619,0.99223197,655.0806,297.91687,0.9792839,670.2738,297.38837,0.9771328,660.0767,343.0882,0.9509972,668.077,341.62616,0.94674814
0.0,0.0,0.3834525,0.0,0.0,0.15836698,0.0,0.0,0.37033972,0.0,0.0,0.42882988,82.2371,211.74817,0.85004526,66.31716,227.41635,0.9751267,86.08532,226.72621,0.9888784,60.907238,245.90414,0.7528124,91.75553,244.92126,0.9186225,62.184334,258.24664,0.54207134,91.6492,258.51172,0.75300974,68.66916,262.5498,0.9828531,81.95635,262.10416,0.9886973,67.854774,288.806,0.9575888,78.982834,288.223,0.97017205,68.627846,312.88214,0.92158616,78.409195,313.1205,0.9379795
534.61237,166.93803,0.90161306,538.02246,163.63678,0.7265742,529.74194,163.05307,0.84707975,0.0,0.0,0.40635586,520.90576,166.79901,0.6845186,546.6869,194.79625,0.95666623,512.0183,192.77832,0.97930187,554.90045,222.12637,0.84445333,506.3533,220.65608,0.93926597,544.15906,206.68652,0.79578614,518.3279,212.9204,0.8998595,533.8879,262.1441,0.9838165,513.89154,261.54288,0.9887651,528.0064,319.37857,0.97985667,531.1693,323.01776,0.9870385,499.85352,366.55472,0.9571938,522.777,376.2594,0.96748203
0.0,0.0,0.15619104,0.0,0.0,0.09538698,0.0,0.0,0.09539007,0.0,0.0,0.4964866,0.0,0.0,0.49910778,163.24368,220.86664,0.9631142,183.44263,220.66911,0.97278553,158.04306,240.21422,0.8296196,189.89682,240.37971,0.86987156,154.86623,253.97836,0.6413005,190.9505,255.92146,0.68712074,167.60768,255.70241,0.986343,180.44867,255.73282,0.9881213,168.74207,282.80676,0.969648,179.43578,282.87744,0.97085327,170.3652,307.54904,0.9432308,177.01303,307.27234,0.94450086
0.0,0.0,0.24616355,0.0,0.0,0.09480344,0.0,0.0,0.2184168,0.0,0.0,0.28863767,131.80252,210.4989,0.72116655,114.609726,224.52177,0.94695175,135.37584,224.99158,0.9747449,108.35198,241.58897,0.6822149,140.52292,243.2314,0.8912874,109.05651,253.96645,0.5062887,141.35316,256.23453,0.73821265,116.96564,258.6499,0.9808216,130.52225,258.74,0.9877379,118.190994,284.19864,0.96830755,128.67593,284.04184,0.9794915,118.4217,307.51572,0.9523209,126.335686,308.12634,0.9653055
0.0,0.0,0.04673271,0.0,0.0,0.034445506,0.0,0.0,0.025266571,0.0,0.0,0.36395684,0.0,0.0,0.26788047,817.3417,212.2135,0.81755173,849.6707,213.66234,0.71305037,802.2452,235.55928,0.5431233,0.0,0.0,0.3123358,0.0,0.0,0.28673258,0.0,0.0,0.16398752,825.0273,269.72372,0.8939991,845.3323,270.69238,0.8547639,832.15656,313.78177,0.82889605,842.03644,314.91193,0.76213425,839.53656,351.63644,0.70657015,838.2114,352.77792,0.6401358
375.86594,208.23016,0.9000685,378.16785,205.36241,0.8290592,372.88358,205.17825,0.8488127,381.10025,207.44531,0.5744296,366.66245,206.87312,0.6383578,385.72324,225.1114,0.96407264,360.1542,225.0357,0.97000575,389.7567,247.25275,0.8276365,359.8578,247.21779,0.84879404,385.48218,267.86502,0.77094686,367.3662,265.42572,0.7860809,382.32104,264.81244,0.95295054,365.80408,265.2612,0.9570555,384.7446,296.65762,0.9041666,370.50302,297.0272,0.9073409,381.51743,324.43546,0.84975284,371.0132,324.72275,0.8537456
0.0,0.0,0.45057523,0.0,0.0,0.48305815,0.0,0.0,0.2002233,562.2425,199.31529,0.58256984,0.0,0.0,0.10211637,568.6945,213.6415,0.8965354,555.4385,214.32336,0.69650656,570.5994,225.61147,0.8003085,0.0,0.0,0.2910408,559.0786,212.68855,0.71189255,0.0,0.0,0.30512705,564.0617,255.17924,0.9431011,555.43445,255.25418,0.8885922,563.3085,290.46234,0.95431256,557.8822,290.81888,0.900985,563.68616,326.51968,0.93239325,557.7417,325.8961,0.87992287
0.0,0.0,0.1379517,0.0,0.0,0.11520446,0.0,0.0,0.05677846,775.7656,190.8006,0.52456135,0.0,0.0,0.24824536,765.67993,205.94641,0.90039,792.2573,207.04268,0.75297403,750.9114,225.7755,0.62910074,0.0,0.0,0.21512768,0.0,0.0,0.36899176,0.0,0.0,0.12856095,769.36365,254.20927,0.9126241,787.2958,255.0225,0.85024256,772.20715,290.94113,0.866277,790.5779,292.00537,0.76893073,775.11487,324.905,0.80558836,791.4775,325.79288,0.71885496
0.0,0.0,0.37883517,0.0,0.0,0.26292682,0.0,0.0,0.25467175,0.0,0.0,0.4798318,0.0,0.0,0.47531596,789.2276,214.98868,0.89808995,803.18884,215.49925,0.87529176,0.0,0.0,0.46185562,0.0,0.0,0.37840742,0.0,0.0,0.27462962,0.0,0.0,0.22464877,791.4855,263.88318,0.8845686,801.1372,264.2226,0.871929,791.9604,300.5514,0.81302375,802.21844,300.85376,0.78801227,792.66754,333.5286,0.7662634,802.023,333.78793,0.7452901
