98.57614,149.27557,0.9366716,104.191605,144.40877,0.9515327,94.66344,144.14554,0.74298567,115.17415,146.23026,0.89293134,0.0,0.0,0.17752174,128.40228,172.94072,0.98984104,85.64096,176.52623,0.949118,138.94583,201.35924,0.97737175,82.79256,216.80183,0.63599193,113.69955,177.79462,0.9599598,91.12616,214.47336,0.64769584,118.278145,258.52438,0.99410254,91.236664,259.08218,0.98450696,113.23891,325.5074,0.99182886,97.70115,325.35367,0.9735034,112.4946,386.65048,0.9681557,108.74222,384.80316,0.9260675
822.8619,168.61925,0.9728305,827.68225,164.2003,0.8622979,817.5791,163.45473,0.97167385,0.0,0.0,0.39278948,804.18005,164.1419,0.91224736,835.6428,194.30098,0.96110696,788.3805,192.1239,0.995637,852.29663,217.46161,0.77144724,771.28687,229.22964,0.9831771,847.2362,209.06883,0.73289764,760.2517,260.06915,0.96083474,823.85516,271.47217,0.98741186,792.00726,269.64066,0.99555826,827.8267,328.59576,0.98380095,792.2559,324.95132,0.9945661,830.1277,383.2696,0.967191,797.1019,385.4314,0.98403555
243.5842,185.17961,0.9557185,247.7449,181.64105,0.85891104,240.02225,181.13759,0.9146016,252.15565,183.47278,0.59620994,232.63872,181.94293,0.7755732,259.43097,205.60507,0.98558146,218.63216,204.51059,0.99267536,268.177,232.59138,0.94299275,209.0558,233.69147,0.9747659,255.16335,223.73114,0.9153664,233.32083,230.02478,0.9547095,253.77504,268.79507,0.9932387,226.44032,269.38934,0.9949121,257.4936,319.15305,0.9854477,234.06778,321.63104,0.98966026,255.51936,365.22168,0.95531416,238.68025,370.10925,0.96450305
0.0,0.0,0.30454054,0.0,0.0,0.052903354,0.0,0.0,0.44871086,0.0,0.0,0.08363068,36.999268,146.72668,0.89617693,1.7367837,182.92464,0.63343483,42.68351,188.4958,0.93694603,0.0,0.0,0.19699457,66.970345,244.14293,0.8345748,0.0,0.0,0.16593082,72.37466,275.58865,0.67106897,4.748529,288.75027,0.7296999,33.995537,290.98837,0.8828532,14.156235,372.62064,0.61806434,44.89169,374.57462,0.8228669,0.0,0.0,0.39207515,22.519833,441.93896,0.54734784
0.0,0.0,0.11600178,0.0,0.0,0.0703141,0.0,0.0,0.05845669,0.0,0.0,0.46846762,0.0,0.0,0.42145753,415.24905,213.46918,0.9618835,444.56293,212.289,0.9506223,408.1265,238.76326,0.82743293,450.18234,234.77933,0.73153365,406.79852,261.08197,0.605014,0.0,0.0,0.49358892,420.652,259.98267,0.987386,439.63855,259.62466,0.98553133,423.60037,296.43805,0.9738212,438.93112,296.36478,0.9678967,426.57974,331.65115,0.95022434,437.41403,331.86615,0.94252104
0.0,0.0,0.11606852,0.0,0.0,0.049034134,0.0,0.0,0.09004903,0.0,0.0,0.29817876,512.1218,216.57301,0.60291094,492.70044,231.66858,0.94637334,518.19464,231.73425,0.9713198,485.61578,250.56131,0.77300525,527.0403,252.6381,0.90825903,486.2459,265.64496,0.5953447,531.1324,269.40515,0.7671843,499.34006,270.65472,0.9887761,515.7062,270.5752,0.9924136,499.59567,299.6626,0.9818125,512.0834,299.2538,0.98717725,502.19598,326.48276,0.9696499,511.26648,326.48947,0.97654986
0.0,0.0,0.2968995,0.0,0.0,0.36907324,0.0,0.0,0.08348952,663.4074,203.29752,0.90789366,0.0,0.0,0.33122882,659.80585,222.55107,0.9893554,684.59247,220.86592,0.96219087,654.40375,247.98491,0.9457251,688.10754,245.3159,0.60123754,652.8242,268.02127,0.8012571,0.0,0.0,0.38915148,664.50385,265.9022,0.99192774,681.2596,265.2876,0.9837969,665.8883,301.85986,0.9873389,681.5283,302.01318,0.9700917,667.40454,338.36105,0.97525364,683.35754,337.11026,0.9532376
0.0,0.0,0.046251435,0.0,0.0,0.02816883,0.0,0.0,0.029359698,0.0,0.0,0.3048894,0.0,0.0,0.3470689,542.57495,229.1591,0.878849,565.1771,226.47328,0.913813,538.62744,251.36935,0.6735071,573.5906,245.26794,0.78406876,0.0,0.0,0.46962485,573.934,258.93347,0.5770203,552.05835,266.86365,0.979051,566.6231,265.99103,0.9827759,553.9098,297.48993,0.97509706,565.3271,296.65366,0.9779298,556.53845,327.8703,0.96466464,564.1608,325.9864,0.96732837
0.0,0.0,0.2729591,0.0,0.0,0.12586787,0.0,0.0,0.23347393,0.0,0.0,0.45363307,745.44867,213.4118,0.76786447,725.54614,228.24355,0.965115,749.8001,228.19508,0.97855264,718.6281,249.3662,0.7930825,754.58923,248.80139,0.89415526,718.84576,267.5196,0.5797787,752.76715,266.31747,0.7071384,727.533,268.4639,0.9603789,743.2299,268.39636,0.9689956,731.8673,298.2498,0.8379368,742.5252,298.1224,0.8654921,734.9339,319.5696,0.64723796,741.8553,320.28964,0.6825977
0.0,0.0,0.14073306,0.0,0.0,0.10113627,0.0,0.0,0.113513306,0.0,0.0,0.36969128,0.0,0.0,0.37929124,694.82196,228.44255,0.87490267,711.0817,228.92717,0.88249487,690.2246,242.17107,0.5256581,713.7491,242.37437,0.572008,0.0,0.0,0.32755864,0.0,0.0,0.35578936,696.9719,253.41974,0.9006238,707.3999,253.53122,0.90582204,698.5157,273.75006,0.82435495,706.51794,273.7835,0.8334253,700.40265,292.16748,0.78724676,705.8866,292.28464,0.7953914
