83.46231,141.01978,0.53327256,0.0,0.0,0.14354903,82.04467,134.86697,0.5192129,0.0,0.0,0.31173256,77.85316,138.01952,0.9233574,25.927132,172.2505,0.9530097,83.81021,176.78769,0.9917538,13.213344,231.16699,0.73740625,92.93207,228.94861,0.96329576,7.0071845,272.76385,0.6093994,80.978386,249.91252,0.89770406,31.17388,270.87643,0.9823391,71.940674,273.83945,0.9917361,27.891613,343.58536,0.97468626,78.932076,350.3089,0.9880014,14.770307,413.7699,0.9217467,70.103134,421.61514,0.9499591
0.0,0.0,0.14532785,0.0,0.0,0.025933785,0.0,0.0,0.17982969,0.0,0.0,0.13304603,380.7368,182.20195,0.8304613,344.57147,211.40216,0.81122786,389.42786,208.96098,0.98066676,0.0,0.0,0.4339328,415.91495,223.33925,0.95598865,0.0,0.0,0.3102303,402.1991,199.12149,0.8534424,351.17337,281.6571,0.97568685,383.68384,281.55322,0.9925438,354.31046,331.15726,0.9710388,391.27896,329.1311,0.9917854,351.6819,375.08395,0.9463362,406.04956,376.03778,0.97633696
0.0,0.0,0.11685043,0.0,0.0,0.084238246,0.0,0.0,0.05245256,153.73933,205.68456,0.58901185,0.0,0.0,0.38982514,147.72476,220.95079,0.9574313,173.18127,221.30939,0.9475122,140.03316,241.7796,0.7929707,174.32977,242.55365,0.6896521,143.7029,251.76178,0.5499699,0.0,0.0,0.4395917,151.91216,264.1754,0.9827686,169.34511,264.50986,0.97974634,146.80418,299.0333,0.96913636,167.46603,299.7045,0.9588104,144.38237,333.12344,0.9432063,165.53395,333.13455,0.92980844
0.0,0.0,0.09582396,0.0,0.0,0.04516473,0.0,0.0,0.06150625,0.0,0.0,0.38219568,608.83746,197.24458,0.57375574,583.86224,217.27618,0.96149254,615.73346,216.49013,0.9739584,574.9353,245.66289,0.7986406,622.67096,243.86888,0.87442863,577.8627,267.25916,0.5663027,623.02563,263.3822,0.6614184,589.42926,270.85135,0.99060297,609.7125,270.6539,0.9926036,592.89484,311.0241,0.9791778,607.0051,310.99957,0.98255104,594.714,349.90695,0.95755094,602.3028,350.25366,0.9627807
0.0,0.0,0.0915401,0.0,0.0,0.050755586,0.0,0.0,0.060489364,0.0,0.0,0.41760597,699.4118,203.13516,0.53595304,680.61957,218.50044,0.96384275,705.15515,217.48476,0.9755332,674.0559,236.59467,0.83921385,711.40015,236.14471,0.89528227,674.9186,249.84714,0.6424851,711.65314,250.73303,0.7203241,687.0109,253.4586,0.99184847,702.945,253.27591,0.99350476,690.48254,279.9276,0.9845383,702.7449,279.8575,0.9864768,692.48315,306.69293,0.9725768,701.7028,306.51328,0.9749127
477.71442,195.84651,0.89234024,480.67862,192.76874,0.9010029,475.26718,193.13342,0.69012374,487.0224,193.92151,0.85067135,0.0,0.0,0.28728256,496.39578,210.8046,0.98932016,472.11505,211.90471,0.9669521,504.1083,230.93817,0.9616097,470.58167,229.41022,0.7161381,494.1511,238.30786,0.93015796,477.66574,227.49286,0.68687505,493.8977,255.26743,0.990325,478.34283,255.62192,0.9816491,495.53757,290.3424,0.9847423,481.76913,290.54254,0.9664147,495.84317,324.2803,0.96732897,484.64868,323.57724,0.9417612
546.28186,204.60007,0.86811006,548.7788,202.2837,0.7620992,544.93396,202.18925,0.8031831,553.65826,203.77856,0.52727985,543.64087,203.4313,0.63673097,558.936,219.05144,0.9709036,539.1884,218.49915,0.9853991,563.44666,237.0553,0.8132523,530.4234,235.4968,0.9181468,562.34424,251.27657,0.7484256,525.67883,250.69682,0.85518324,554.5229,257.86774,0.9801338,542.8014,257.5709,0.98635954,553.1492,287.83356,0.9636328,544.7739,287.3513,0.9727748,554.4881,317.75174,0.93463707,547.68005,316.72287,0.9465786
0.0,0.0,0.09174838,0.0,0.0,0.057089273,0.0,0.0,0.05519445,0.0,0.0,0.2817901,0.0,0.0,0.30085242,635.5657,223.89595,0.85896444,652.1619,223.40385,0.86462134,632.13934,240.41238,0.61854327,655.8136,240.83354,0.64550096,0.0,0.0,0.44350225,0.0,0.0,0.47263938,638.5895,257.86984,0.9626701,649.5797,257.4505,0.96496016,635.88995,286.9147,0.9622019,643.43634,286.55276,0.9629141,638.72815,316.02936,0.95057464,643.4254,315.49496,0.95109487
0.0,0.0,0.06990396,0.0,0.0,0.034217723,0.0,0.0,0.048851587,0.0,0.0,0.18400024,0.0,0.0,0.28400683,417.38223,222.3887,0.78013206,432.21368,225.05269,0.77328414,408.90543,230.89279,0.5421298,434.70065,240.45023,0.53716236,0.0,0.0,0.40623274,0.0,0.0,0.39788848,416.11978,272.9629,0.95515436,426.8523,274.02194,0.9543941,412.6307,311.36725,0.9610921,429.47525,312.2127,0.9575937,412.75018,349.38525,0.9452171,431.89868,350.86014,0.94114447
0.0,0.0,0.17605667,0.0,0.0,0.20015843,0.0,0.0,0.0483041,209.2339,215.64899,0.7416229,0.0,0.0,0.18718275,209.8206,229.63683,0.95864326,230.1843,227.51945,0.8734594,205.1764,249.45715,0.8732197,0.0,0.0,0.43671334,202.73595,255.14877,0.68131924,0.0,0.0,0.29751307,223.38725,265.79776,0.9535162,237.80617,265.03995,0.91683286,224.18138,290.07962,0.89564544,241.66364,289.54337,0.8059544,226.36343,317.48016,0.80381227,245.2921,315.05402,0.7080035
457.40732,199.78175,0.78393984,458.811,197.02142,0.63715243,455.2668,197.31805,0.7001411,0.0,0.0,0.46755248,451.02194,199.16176,0.58923936,459.53534,215.63591,0.94013536,447.43237,216.36285,0.95306325,456.13126,235.2234,0.6520692,443.4239,235.66605,0.71971893,448.3834,245.05461,0.56193125,443.827,244.5217,0.61096305,457.58768,255.8876,0.94230634,449.91818,256.5247,0.9497718,458.51007,287.1903,0.9236657,453.13773,287.80676,0.9297707,460.0415,317.0977,0.8985487,454.83594,317.83826,0.90389806
0.0,0.0,0.09209173,0.0,0.0,0.05740442,0.0,0.0,0.04845728,0.0,0.0,0.37552837,0.0,0.0,0.32515582,315.8833,230.12102,0.90527564,341.78082,229.38448,0.8172311,306.3677,255.77509,0.67857456,0.0,0.0,0.3888277,0.0,0.0,0.42112154,0.0,0.0,0.22469364,323.28177,279.17648,0.95125955,340.25443,279.19693,0.9261865,327.00833,318.55893,0.9190894,341.07632,318.73727,0.87568253,331.75128,355.55515,0.8529011,342.12985,356.00204,0.80303144
782.8801,226.2338,0.6138799,0.0,0.0,0.36173677,781.8065,224.50673,0.57142967,0.0,0.0,0.25053215,779.92737,225.08247,0.62517786,783.0193,233.63588,0.9318881,776.92487,233.26591,0.9697852,787.26215,244.48315,0.6872974,773.6229,244.28639,0.89988166,790.75226,252.6481,0.6224499,776.6121,252.85423,0.8265436,783.39966,256.42725,0.9712261,780.00946,256.51575,0.9818256,784.782,274.95087,0.95666707,780.38086,274.8118,0.97229147,785.3437,292.4773,0.943379,779.8082,292.4054,0.95921296
