0.0,0.0,0.36579657,0.0,0.0,0.1919645,0.0,0.0,0.13224548,262.8369,162.98193,0.6716649,0.0,0.0,0.49603754,251.4152,192.67511,0.9875893,301.255,190.44444,0.9768414,233.91539,238.29999,0.96944124,318.69577,230.31993,0.9265818,228.53343,271.92206,0.9276903,321.95544,264.1647,0.8677052,261.60605,269.51752,0.99632347,294.12683,268.90512,0.99496377,260.5895,324.8829,0.99282646,293.255,324.18585,0.9906459,266.09732,376.33847,0.97450113,291.14377,374.62387,0.9705414
532.3078,134.09973,0.9733681,535.7631,129.08339,0.8262422,525.52234,128.76172,0.9678821,0.0,0.0,0.38365674,509.59744,133.7564,0.9356126,535.5412,175.32227,0.98192275,495.68588,173.1074,0.9978625,540.9634,226.7583,0.8683555,479.7729,224.88661,0.9912184,555.2068,269.53415,0.81647253,482.86642,277.52603,0.975805,530.5074,267.13834,0.9942042,506.3953,267.90033,0.99787426,530.3364,341.61133,0.98402405,521.6348,343.7728,0.9945161,512.573,410.84872,0.9421203,515.14465,415.71796,0.97098887
632.65405,159.23032,0.9759496,636.7305,153.92767,0.9098552,626.3325,154.17944,0.9494057,640.1733,159.1588,0.5903043,615.7372,160.26657,0.7960047,647.72943,194.56448,0.98706335,600.9545,191.07097,0.9927226,651.04755,226.94252,0.9556137,587.837,222.96718,0.9770209,642.0627,194.21465,0.93154424,602.6042,210.71791,0.9589487,637.23145,279.34897,0.99308115,601.90265,277.99695,0.9946002,652.4568,341.1719,0.9846889,597.2664,336.44888,0.98832697,663.7634,397.20493,0.94949573,586.7214,390.48428,0.9576078
0.0,0.0,0.17463508,0.0,0.0,0.09630809,0.0,0.0,0.13252187,767.42725,206.19855,0.6583277,780.0459,207.28078,0.7709629,756.294,225.01932,0.9826362,788.29706,226.97995,0.99260896,742.18585,249.55281,0.86905634,800.4013,251.81003,0.9555524,740.3406,273.66507,0.66011655,809.36444,274.07367,0.81300837,759.77844,275.01306,0.99197185,778.63513,276.03592,0.99478793,757.6769,311.33176,0.97363687,770.0856,312.45407,0.9801122,765.87213,344.9121,0.9336052,768.4876,346.35532,0.94471943
359.6632,179.61702,0.9033621,361.33585,176.42848,0.7016444,355.48495,176.20459,0.90073675,0.0,0.0,0.32676536,344.95212,178.3257,0.8564271,363.4664,200.79858,0.97188157,335.3893,199.31244,0.99125755,369.12378,224.3197,0.7441595,336.84436,224.33473,0.9483362,367.4345,221.79764,0.69035524,360.3941,222.9532,0.8917052,359.4385,256.5222,0.98223466,340.95325,256.28433,0.9903578,355.91562,301.48166,0.9568369,341.83826,301.2099,0.97560817,347.619,343.1931,0.9036199,339.0314,343.29132,0.9368164
0.0,0.0,0.097322635,0.0,0.0,0.0473306,0.0,0.0,0.07511779,0.0,0.0,0.32601824,166.45152,209.41374,0.55997115,151.28407,222.96811,0.95252126,171.53331,222.1215,0.9737594,147.88472,240.46225,0.8066693,176.42838,239.61357,0.9111068,148.17856,253.26653,0.6241041,175.58232,253.37987,0.7643818,155.58278,256.0005,0.9903403,169.31535,255.7152,0.9930566,157.35768,281.29135,0.98241144,168.3789,280.9916,0.9863186,157.28806,306.02393,0.96913874,166.6065,305.826,0.97403437
0.0,0.0,0.12446102,0.0,0.0,0.07932154,0.0,0.0,0.09166787,70.263306,214.4124,0.5324099,80.96231,214.31766,0.5649969,65.86836,227.18199,0.98146546,86.60942,226.89247,0.98252976,60.251686,243.43332,0.84661853,93.17588,242.28352,0.8728923,60.16284,255.84367,0.63965136,92.75447,254.99223,0.6749895,69.09473,257.61688,0.9932197,83.158264,257.39294,0.9935463,68.77431,280.84247,0.9837045,84.16966,280.42575,0.9847238,68.4643,302.09897,0.96831304,84.209625,301.6727,0.9700275
0.0,0.0,0.17765288,0.0,0.0,0.10772716,0.0,0.0,0.13063326,125.56563,215.0408,0.55623996,135.23378,215.52838,0.6037496,119.194244,226.87207,0.9872376,139.34969,227.55948,0.9877395,111.16013,242.70312,0.877154,145.15103,243.62036,0.89504206,111.59207,257.33005,0.6965258,144.68361,258.00583,0.7198774,119.91356,256.93604,0.99498713,132.05168,257.21576,0.9950991,119.90992,280.60367,0.986384,130.69313,280.6501,0.9869732,118.498665,302.16644,0.97080964,128.54059,302.81155,0.9720622
0.0,0.0,0.120431334,0.0,0.0,0.05937475,0.0,0.0,0.08840045,0.0,0.0,0.2626195,0.0,0.0,0.46197507,805.4549,220.12923,0.8399778,824.2476,219.66406,0.8506931,0.0,0.0,0.47138193,827.5394,240.79384,0.5425789,0.0,0.0,0.29083,0.0,0.0,0.33738133,811.5583,261.2251,0.91347677,824.55566,261.40256,0.9186952,812.22577,294.4746,0.87595093,826.21655,294.5119,0.88333905,816.59204,324.3021,0.827184,830.9751,324.4392,0.8342771
430.8081,210.70721,0.904226,433.38614,208.19545,0.8638623,428.3512,208.31375,0.81101125,437.40576,210.6081,0.7214095,424.35126,210.77437,0.55814755,442.2075,225.73373,0.9865819,419.91245,226.80478,0.982947,448.0103,242.28743,0.9206403,418.8556,243.6413,0.8554105,442.2124,245.44763,0.8702861,426.39157,242.29953,0.7930047,439.6425,264.7936,0.98564494,424.84085,265.47797,0.9838806,438.35583,297.31866,0.96326184,422.95734,298.1908,0.9539347,437.8895,327.41208,0.92482525,423.10385,328.33215,0.9114231
382.7897,203.05782,0.8934029,384.7152,200.51312,0.7701669,380.23337,200.2322,0.8418527,387.35355,203.5904,0.50977385,374.4095,202.26341,0.7251368,388.14294,219.63126,0.98162234,368.62006,218.67323,0.986692,391.45685,238.46756,0.87666094,369.15012,238.25531,0.9097933,388.3159,233.29079,0.8251774,380.8221,230.80644,0.8518394,383.3835,261.53275,0.98399067,370.43716,261.4164,0.9864292,378.11835,297.85263,0.9615368,369.20212,298.26074,0.96528816,373.374,331.40405,0.91062444,366.76193,332.4244,0.91753274
0.0,0.0,0.051296104,0.0,0.0,0.040913507,0.0,0.0,0.03699267,0.0,0.0,0.104275174,0.0,0.0,0.08611373,0.0,0.0,0.271019,0.0,0.0,0.2755959,0.0,0.0,0.2579436,0.0,0.0,0.2594735,0.0,0.0,0.24677019,0.0,0.0,0.24165292,0.0,0.0,0.44997942,0.0,0.0,0.45951772,0.0,0.0,0.462368,0.0,0.0,0.46574244,0.0,0.0,0.4697435,0.0,0.0,0.4761799
