0.0,0.0,0.06422917,0.0,0.0,0.02933934,0.0,0.0,0.049197618,0.0,0.0,0.40028334,657.25085,199.76645,0.65993965,634.303,222.00923,0.97175723,664.3871,221.61879,0.9864312,622.3482,249.80481,0.8859461,673.513,249.69505,0.95442635,613.19366,272.34598,0.70995486,675.95386,271.46158,0.8324724,643.6767,272.64655,0.99437654,662.2961,272.6074,0.9962649,647.91125,308.86163,0.9840481,660.821,308.76843,0.9882245,651.01324,342.4671,0.9586644,657.8168,342.86313,0.9667888
0.0,0.0,0.34934106,0.0,0.0,0.25958398,0.0,0.0,0.18000631,495.43118,201.75055,0.74827933,509.73032,201.27664,0.6365341,488.60477,219.74738,0.9804258,521.16205,219.65544,0.975349,478.61374,241.84721,0.83750385,529.39044,244.97687,0.76199275,477.23862,251.4534,0.60804576,526.51086,256.32553,0.5272105,494.95932,266.34103,0.9874094,516.3103,266.04828,0.98610675,494.45908,303.55634,0.98240834,517.07776,303.42435,0.979116,493.18375,342.06668,0.9704049,515.1671,341.39975,0.9667318
0.0,0.0,0.07157091,0.0,0.0,0.041244656,0.0,0.0,0.04042797,277.1499,169.24011,0.51004666,299.60706,170.56827,0.51404035,265.34662,197.53702,0.96439517,305.71198,198.90933,0.96989477,253.87668,238.6056,0.8458627,312.13583,235.53554,0.85425526,251.86082,271.0355,0.60244846,305.03555,259.1601,0.5958676,267.0482,271.09827,0.9907783,291.77042,272.05576,0.9911589,275.27057,327.24048,0.9752374,286.22687,328.76318,0.9733974,278.33932,379.42868,0.92581105,275.3313,381.97314,0.92188764
0.0,0.0,0.15995246,0.0,0.0,0.12751293,0.0,0.0,0.0713572,416.4885,215.13635,0.73267174,430.50754,214.38486,0.52097934,410.2749,232.55818,0.97922975,441.4099,231.32693,0.9706673,401.6446,254.04384,0.8889406,452.1279,253.53804,0.8007261,399.97595,270.504,0.6827372,450.5879,270.8706,0.56573105,418.0401,275.2486,0.9895187,438.09854,274.7035,0.98759335,419.72537,303.75806,0.9798497,437.19534,303.42212,0.9738415,425.6415,333.70093,0.9639893,440.13947,332.56323,0.9562197
330.59943,186.69083,0.9042502,334.306,183.50676,0.8943299,328.93686,183.52681,0.74135876,342.9673,184.78058,0.7943236,0.0,0.0,0.32140946,352.28763,202.66992,0.98614305,324.77557,202.83276,0.97466135,353.82675,224.25357,0.9544938,319.4054,222.35521,0.85159194,341.44385,221.57452,0.9221096,322.73383,215.9808,0.81514895,346.2586,255.78806,0.9929605,326.99615,255.2373,0.99024045,347.27194,299.26102,0.9913858,319.01065,298.60516,0.98589337,351.4988,340.481,0.9824364,314.7414,338.6527,0.97433746
556.2963,194.91696,0.88965684,558.48065,191.775,0.8179239,553.1406,191.98904,0.8217226,562.0408,193.63295,0.57442856,547.7183,193.97572,0.5836248,567.609,212.75316,0.97231346,540.6407,213.1253,0.9772849,573.2542,234.27739,0.86668855,529.8287,234.96085,0.87444884,573.36084,250.0862,0.81661075,535.6406,249.69731,0.81601727,563.51654,260.03403,0.9845399,546.6402,260.42508,0.98574096,565.0577,297.7995,0.9781342,548.73083,298.11972,0.97742915,560.67737,334.22305,0.9618367,545.7943,334.44992,0.96102893
181.97365,203.32672,0.8655629,185.19243,199.89388,0.8713026,179.17421,200.19292,0.6386881,191.88544,201.81418,0.80570394,0.0,0.0,0.23962145,201.44533,220.92625,0.97869474,173.93318,223.36603,0.92900527,211.46193,241.95537,0.92921704,171.70369,246.15825,0.56891096,199.2219,245.81897,0.8779177,178.4237,248.53206,0.548363,197.17249,272.21713,0.9798242,180.03716,273.16364,0.9606813,193.9368,314.45425,0.9755619,184.08199,315.4105,0.9453847,193.64578,354.00885,0.94831485,189.73485,354.2513,0.9063269
0.0,0.0,0.09997921,0.0,0.0,0.05377946,0.0,0.0,0.067503124,0.0,0.0,0.33558372,0.0,0.0,0.4464068,144.40073,221.86208,0.8783112,167.90993,222.8792,0.8733265,136.60675,241.70996,0.5066742,0.0,0.0,0.4913405,0.0,0.0,0.28372878,0.0,0.0,0.2689927,146.12195,263.98557,0.9394974,162.56032,264.80173,0.93507296,143.3264,297.80365,0.916617,160.94142,298.80832,0.90527475,142.54343,330.17685,0.8824669,159.7157,331.50443,0.8706807
0.0,0.0,0.19760726,0.0,0.0,0.11326801,0.0,0.0,0.1369729,0.0,0.0,0.41328582,697.98334,208.07849,0.5259702,680.9686,221.29094,0.9345664,703.39667,220.91695,0.9489785,676.1353,239.07912,0.7002418,709.9689,238.57426,0.7752891,0.0,0.0,0.48707986,708.8878,254.0113,0.5574071,685.5203,254.29372,0.9640456,700.09375,254.22168,0.96926683,687.34827,280.54022,0.9162128,700.3415,280.4016,0.9242479,689.21796,303.878,0.86480385,698.1732,303.73062,0.87413
0.0,0.0,0.38097763,0.0,0.0,0.4702399,0.0,0.0,0.14145659,472.80057,198.95953,0.73446834,0.0,0.0,0.12773575,474.17783,215.10709,0.9206139,479.07504,213.62003,0.7881676,470.05975,234.67761,0.75977576,0.0,0.0,0.27321193,464.7212,241.84108,0.5967327,0.0,0.0,0.22713545,474.80875,255.75758,0.93954885,478.21094,254.60777,0.8969232,473.13727,291.72168,0.92979234,475.84018,291.0035,0.86382073,478.2694,329.35532,0.9216912,478.79346,327.32208,0.8714152
464.52658,201.75148,0.5817987,467.0942,199.00694,0.62198,0.0,0.0,0.27139646,474.7631,200.32716,0.68484175,0.0,0.0,0.10137411,478.66946,215.96529,0.9254124,473.70013,214.90904,0.8506798,477.3986,235.80194,0.7810159,0.0,0.0,0.36533406,466.79422,243.21823,0.69492763,0.0,0.0,0.3507487,475.42615,255.94781,0.94846225,472.0195,254.99802,0.9257341,471.23923,287.7726,0.91454697,468.63037,287.2926,0.8616431,471.62134,318.01,0.8415797,470.23203,316.5609,0.77687746
