0.0,0.0,0.23508042,0.0,0.0,0.061238524,0.0,0.0,0.1549362,0.0,0.0,0.38388878,97.27034,134.71942,0.7716442,46.65204,166.64368,0.97220594,103.94694,172.43265,0.9838161,32.46868,222.84999,0.89426786,114.29699,224.20695,0.9443024,28.925789,266.60043,0.7773737,101.09082,239.61995,0.86377865,49.552605,264.09467,0.9965431,85.88421,266.9577,0.9972198,61.65978,338.98672,0.99445057,82.03515,347.34244,0.9957041,59.32961,408.07272,0.9799692,67.535934,419.242,0.9826544
0.0,0.0,0.116764575,0.0,0.0,0.061007198,0.0,0.0,0.08432086,595.058,198.61389,0.51459515,611.16766,198.66492,0.66829103,587.2222,219.93054,0.96630204,619.221,219.60135,0.98488533,577.24536,249.86363,0.84938914,627.9912,246.09697,0.9475014,576.6413,276.27084,0.6576188,632.7572,268.87732,0.8143628,594.1124,270.0179,0.990625,613.81177,270.246,0.99378705,599.15967,310.3561,0.97626954,611.4697,310.53973,0.9824478,600.13086,347.85254,0.94151586,605.207,347.95947,0.9526644
0.0,0.0,0.17156477,0.0,0.0,0.0480026,0.0,0.0,0.13967691,0.0,0.0,0.28264114,406.07422,186.20216,0.67509884,371.20914,213.70976,0.90600735,416.36963,211.04056,0.97195035,374.54694,238.92068,0.6782175,436.00208,229.3871,0.9303999,395.6574,229.63852,0.5049596,430.8926,208.5171,0.80520225,375.78244,281.5236,0.9857852,408.5883,280.791,0.9925217,374.55603,329.63623,0.9797111,414.2518,330.4193,0.99026746,363.21112,367.71155,0.95463896,418.94522,374.46906,0.9715769
0.0,0.0,0.16446002,0.0,0.0,0.11643721,0.0,0.0,0.07608768,153.35909,204.97144,0.6487929,0.0,0.0,0.46273398,146.81554,221.20729,0.96712554,174.89935,221.42863,0.9600132,138.08794,243.81108,0.7922729,175.70854,243.73521,0.6918156,138.62141,252.5491,0.54036397,0.0,0.0,0.43160495,151.3879,263.7237,0.9842403,170.44666,263.83804,0.98153555,145.00322,298.34427,0.974021,166.69772,298.7069,0.96514344,144.79343,333.24606,0.95403713,165.56876,332.9874,0.9427258
547.8978,206.00468,0.92041206,550.5837,203.57872,0.8586683,546.0302,203.58559,0.8636648,555.1853,205.20961,0.65802056,543.657,205.10667,0.67784965,561.0883,221.07385,0.98693234,538.7682,220.73364,0.99205714,566.9735,239.76439,0.91031104,530.44653,237.35393,0.9452221,568.03094,257.713,0.8614387,525.8853,252.2138,0.8989313,556.7915,260.0055,0.9890458,543.6602,259.88422,0.9915802,555.1992,289.6798,0.97302103,547.4019,289.3932,0.97694767,554.6441,318.04333,0.939729,551.05457,317.34195,0.9459705
0.0,0.0,0.092113465,0.0,0.0,0.051444218,0.0,0.0,0.06031211,0.0,0.0,0.42212045,699.9869,203.2974,0.5325617,680.8479,218.94617,0.9608085,705.58514,217.70427,0.97142404,674.8817,237.52217,0.82086885,711.9902,235.8355,0.87073445,676.7625,249.60605,0.6108923,711.02594,248.05634,0.6736554,687.423,254.39392,0.9899671,703.8222,254.1931,0.99164504,690.1545,281.60947,0.9805566,704.41614,281.55484,0.98226583,692.1327,308.53732,0.9658996,704.5857,308.37268,0.96781623
0.0,0.0,0.13687707,0.0,0.0,0.12267731,0.0,0.0,0.045094475,329.56665,209.21844,0.78272146,0.0,0.0,0.43161303,324.92972,230.47038,0.97490555,360.41226,229.08493,0.9590681,313.2582,257.16577,0.8610033,367.33755,259.28415,0.71039367,309.5597,274.721,0.6000093,0.0,0.0,0.43797332,332.65942,285.9422,0.9834643,355.26608,284.95602,0.97929025,333.86603,325.42245,0.96288866,353.6074,324.93655,0.9495148,339.63434,360.76486,0.9161609,354.64954,358.8142,0.89654464
469.3296,194.00328,0.89615655,472.53116,191.19862,0.9007989,467.74667,191.27614,0.7010518,479.25812,193.00319,0.8506787,0.0,0.0,0.3024528,487.8142,209.37141,0.98974574,463.3639,210.36343,0.97099966,492.82886,228.00209,0.95578927,460.4835,227.85432,0.7289236,476.3558,221.14629,0.91704404,464.80362,217.95828,0.6844576,483.39886,255.30362,0.988974,466.60544,255.43694,0.9804834,487.107,292.181,0.97663295,465.84512,292.31174,0.9524209,492.2158,326.95932,0.9486907,469.05078,326.10327,0.9133921
0.0,0.0,0.15252373,0.0,0.0,0.062425464,0.0,0.0,0.1377105,0.0,0.0,0.17969647,647.42303,209.82137,0.5347852,636.391,223.54045,0.84098667,650.2448,223.05446,0.9185206,0.0,0.0,0.48978487,654.7155,240.47878,0.79247344,0.0,0.0,0.35760847,657.8665,254.5573,0.61552155,640.4478,258.5158,0.94438505,649.60254,258.29587,0.96389514,640.1027,286.71756,0.92218095,646.3946,286.2154,0.94943655,643.34625,312.9498,0.8941245,646.7984,312.663,0.92229784
0.0,0.0,0.15596138,0.0,0.0,0.16563515,0.0,0.0,0.047232673,209.82721,215.52362,0.72924185,0.0,0.0,0.23198932,209.60316,229.99724,0.9612758,230.85042,228.36287,0.899951,204.74883,250.30309,0.8712067,234.61429,251.09286,0.5136019,202.66603,256.8952,0.6683376,0.0,0.0,0.33655137,222.37561,266.9026,0.9586776,237.45184,266.29877,0.9327317,221.85973,291.1867,0.8989715,241.20609,290.74197,0.8267521,223.72517,318.1923,0.8062364,245.24321,316.03152,0.726056
0.0,0.0,0.32959282,0.0,0.0,0.15368678,0.0,0.0,0.28731492,0.0,0.0,0.25934735,787.69617,225.1486,0.5979395,779.57825,233.06252,0.9210877,787.2561,233.97157,0.9609208,776.98346,244.26042,0.65134037,789.64526,245.2049,0.86450726,778.33154,250.94719,0.5387501,790.6559,251.67949,0.7428951,781.35034,256.347,0.97099227,787.1929,257.02966,0.98037696,780.9134,275.37988,0.9581107,789.80914,275.759,0.97086394,780.48285,292.74667,0.9466056,791.5373,293.34695,0.9590312
