0.0,0.0,0.09006526,0.0,0.0,0.0365946,0.0,0.0,0.061998595,264.4102,173.58545,0.5668729,285.31723,173.7802,0.8037555,253.4151,198.68568,0.9889609,295.17468,198.85982,0.9954425,240.75038,233.36983,0.93400013,308.32043,233.77126,0.978449,239.06598,264.64377,0.7801755,310.75778,263.31244,0.88826853,260.66513,264.15256,0.9974642,287.7574,264.08035,0.9984798,258.365,312.928,0.9892748,283.63696,312.80835,0.99263084,257.06827,358.08463,0.96136683,279.6474,358.9347,0.9707199
746.1678,144.07297,0.97611916,752.7683,139.36586,0.89938366,739.79565,139.42097,0.9573806,759.75055,143.78166,0.64039916,728.8543,143.50557,0.8856088,770.63806,177.82686,0.98999083,712.92847,180.10262,0.997869,788.38025,219.61632,0.9283388,692.5678,217.0828,0.98978525,785.1428,236.08186,0.892172,708.29846,204.8608,0.9746923,761.03217,269.00616,0.99717367,727.8452,271.40805,0.99859947,743.94794,345.67343,0.9935569,743.57806,356.17868,0.997184,711.18896,409.63416,0.9717737,750.38544,426.80103,0.9839691
629.5515,114.63067,0.97895837,633.85474,108.006454,0.8714112,621.6678,107.5858,0.96144825,0.0,0.0,0.41247573,602.8694,115.26949,0.8836394,641.14197,165.65675,0.9849518,583.1041,165.4747,0.99701643,652.8713,227.56842,0.94290745,568.29517,234.41586,0.9910459,662.07874,275.57297,0.930987,568.7976,293.7395,0.9832723,639.2488,280.28098,0.99590415,596.6663,280.4923,0.9979686,649.09686,361.6351,0.99089545,583.5923,359.357,0.99552023,658.1915,446.5831,0.9577914,570.3988,442.98807,0.9734774
391.31268,171.60608,0.9335933,394.3714,167.89307,0.8397301,387.03336,167.73819,0.903753,0.0,0.0,0.4925726,378.55606,170.11108,0.7497139,401.67316,193.61981,0.9784797,371.84903,192.98244,0.988667,408.9099,218.2197,0.86368304,372.59793,217.39272,0.93733317,404.92642,218.02696,0.82972735,395.02005,212.70134,0.89734095,399.6384,255.56029,0.98706645,380.27545,256.0057,0.99103844,393.57645,306.14975,0.9765598,382.09924,306.5937,0.9824126,387.41638,353.81805,0.94030094,381.95816,354.41315,0.9516647
0.0,0.0,0.09524724,0.0,0.0,0.046634827,0.0,0.0,0.094342455,0.0,0.0,0.35120374,128.94528,216.44391,0.65423656,111.16415,227.09354,0.96675915,132.64491,227.89217,0.9781121,105.03134,242.3332,0.7388487,137.63103,243.1856,0.88308406,0.0,0.0,0.4855575,138.46638,255.19513,0.6650114,114.07696,256.31625,0.9849589,128.26009,256.68332,0.9881059,116.285706,279.82828,0.9577737,127.39382,279.9028,0.96794254,116.24372,301.08444,0.92448837,124.6515,301.5061,0.9388396
0.0,0.0,0.17597869,0.0,0.0,0.096324086,0.0,0.0,0.13197786,0.0,0.0,0.4479128,85.67996,215.4167,0.61259955,69.89877,227.79309,0.96375483,89.588066,227.57799,0.97558665,64.457954,243.37227,0.82533944,95.05054,241.52731,0.8928618,63.916683,255.36978,0.6503593,93.86533,251.46004,0.73581135,71.961624,257.7873,0.9874702,84.756615,257.82742,0.9897099,71.85177,280.23322,0.9760523,81.16228,280.42435,0.97846013,73.822525,301.06454,0.9600288,80.88509,301.5683,0.9624018
0.0,0.0,0.13912265,0.0,0.0,0.07835505,0.0,0.0,0.12898347,0.0,0.0,0.40180483,168.30536,212.54495,0.6048822,152.5203,224.16388,0.9686572,171.29312,225.18835,0.97563416,145.50407,240.54372,0.7712162,174.6841,241.79767,0.864638,145.68103,254.63315,0.5462471,173.6921,256.17365,0.6621643,153.63809,255.03998,0.9859719,165.82242,255.36879,0.9878483,154.72012,278.9866,0.9605435,164.9493,279.28497,0.9669115,154.14838,300.1789,0.9265253,162.24146,300.68613,0.93582374
443.60547,207.07182,0.89304936,446.7558,204.01456,0.83093345,441.0185,203.86734,0.8055128,451.98538,204.5204,0.6011703,0.0,0.0,0.49799645,457.96558,219.54173,0.9748463,429.72598,218.82108,0.97623914,465.80695,241.2765,0.8998762,420.66214,237.87541,0.8938177,463.13168,251.32602,0.85544896,426.6459,243.99377,0.8470731,449.79446,262.44867,0.9851341,431.08307,262.16138,0.9856888,452.93008,298.96036,0.97734594,428.91824,298.58484,0.975828,456.96402,334.66907,0.9586236,428.47626,333.83838,0.9558178
0.0,0.0,0.31851012,0.0,0.0,0.33521324,0.0,0.0,0.12506849,802.241,208.658,0.52151096,0.0,0.0,0.06707387,805.00385,220.81584,0.86111856,805.86127,220.21935,0.69329286,807.1796,237.70323,0.7121554,0.0,0.0,0.2653412,801.9514,246.24385,0.60373276,0.0,0.0,0.25681448,798.95087,255.26501,0.9206951,799.7693,254.36798,0.8748579,798.2741,281.9728,0.8981471,798.92914,281.5642,0.83351463,801.0947,308.9233,0.8515908,801.49963,308.3096,0.7863744
0.0,0.0,0.3026782,0.0,0.0,0.19078909,0.0,0.0,0.2892679,0.0,0.0,0.1622279,0.0,0.0,0.35882348,845.1922,225.2723,0.5845359,839.73236,225.53377,0.79779744,0.0,0.0,0.24919721,828.5796,239.05707,0.60824597,0.0,0.0,0.24323052,823.4526,244.5172,0.50287414,845.06366,261.3598,0.7321576,841.8874,261.69794,0.833671,843.7096,293.09613,0.6957812,841.576,293.22833,0.7977921,845.13293,323.7356,0.70676744,842.57874,324.0128,0.7845173
496.58496,220.72311,0.76800287,498.0964,218.76204,0.7525976,495.99036,218.87947,0.55333334,502.2126,218.9587,0.7085676,0.0,0.0,0.25723502,507.31952,229.03229,0.9789149,495.11374,229.54924,0.9623921,511.74982,243.08554,0.8898702,491.94455,243.11253,0.72558886,508.75195,252.71619,0.8296865,490.21744,252.18324,0.6677242,504.98114,257.26865,0.98256266,497.64603,257.25192,0.9768052,504.61313,279.08966,0.96037084,499.14075,278.87802,0.94596356,507.2432,300.95895,0.9267899,502.95795,300.56064,0.9074943
0.0,0.0,0.17464694,0.0,0.0,0.15541805,0.0,0.0,0.07604502,0.0,0.0,0.44619638,0.0,0.0,0.13182572,349.6411,225.26509,0.8697791,361.778,224.84691,0.82966167,344.41272,243.06003,0.6436231,0.0,0.0,0.4281334,0.0,0.0,0.48793796,0.0,0.0,0.31678447,351.29742,257.59225,0.94882333,359.14413,257.23895,0.939923,349.75946,282.9037,0.9361568,355.9052,282.632,0.9182612,349.7925,307.9651,0.91488093,353.9363,307.05417,0.89783335
