0.0,0.0,0.013844794,0.0,0.0,0.013832613,0.0,0.0,0.0009877486,588.1317,0.0,0.7474169,0.0,0.0,0.053151783,571.93427,59.21969,0.94104505,686.01025,40.919502,0.8499992,525.8002,188.63274,0.9011683,697.1787,151.08063,0.6292398,520.4532,243.0438,0.7076916,0.0,0.0,0.4376088,588.45465,261.0273,0.9801263,665.2068,254.63937,0.967907,565.1874,432.7077,0.7982377,665.09955,436.00696,0.72553927,0.0,0.0,0.1676498,0.0,0.0,0.13979824
0.0,0.0,0.11760549,0.0,0.0,0.065769345,0.0,0.0,0.06663734,242.95184,190.45653,0.54878753,259.59555,189.93372,0.60727364,236.1201,210.39223,0.9714432,270.15805,209.83559,0.97856003,228.1484,238.69319,0.8556605,281.25345,239.33893,0.89636415,227.36418,262.6531,0.64830595,281.965,263.8761,0.70977455,243.00768,264.0237,0.9919321,265.64102,263.58188,0.9932799,239.79002,302.5314,0.9854478,263.94092,302.15228,0.98674506,238.33641,340.16702,0.971572,262.49945,339.68866,0.97356874
464.26544,150.69945,0.9469266,468.41006,146.22015,0.8096784,459.20602,146.64897,0.9247538,0.0,0.0,0.4968555,451.19055,150.24472,0.833147,484.14377,178.68304,0.9693999,440.16107,181.69904,0.99321556,494.35944,214.83318,0.84037095,438.28738,221.8821,0.9760297,482.6468,218.68437,0.8020495,470.30325,220.49951,0.9499332,477.55115,255.15642,0.9879544,450.0444,256.56265,0.99410456,466.51837,321.35812,0.97724116,455.75793,325.269,0.9895187,449.99048,379.01105,0.93181723,457.1913,386.02948,0.9586465
0.0,0.0,0.21994716,0.0,0.0,0.116320625,0.0,0.0,0.18027559,0.0,0.0,0.46964157,87.31389,218.91681,0.69115835,73.02416,230.76529,0.96698475,91.219406,230.83743,0.9819509,67.80956,244.87907,0.791094,97.04226,244.33261,0.9046758,67.33289,258.2136,0.5946697,97.41705,256.80157,0.74098694,74.60926,257.4042,0.9852072,86.37607,257.62732,0.98913866,74.93159,278.18958,0.9696872,84.268196,278.50067,0.9758664,75.05951,297.5324,0.94910175,82.40702,298.08606,0.9561635
0.0,0.0,0.17886677,0.0,0.0,0.083911665,0.0,0.0,0.11876682,0.0,0.0,0.36370185,389.77884,202.75424,0.54972696,372.16907,217.47224,0.9546196,393.28012,217.51883,0.9641542,366.27765,237.96309,0.7841542,397.02893,238.089,0.8387795,366.5723,253.46059,0.5970172,398.91278,251.99667,0.6533025,375.1871,255.5278,0.98178035,389.69086,255.49272,0.9845872,374.1876,285.41693,0.9575643,390.72144,285.3104,0.9622732,372.81412,312.35345,0.91923887,390.33752,312.84518,0.9261372
0.0,0.0,0.2241674,0.0,0.0,0.25581464,0.0,0.0,0.06567334,784.24713,212.52194,0.7861037,0.0,0.0,0.19468543,783.5862,226.26286,0.9666023,800.9345,226.47523,0.90757513,774.98914,242.77972,0.8897814,807.75793,244.67313,0.530846,765.591,249.48499,0.7345209,0.0,0.0,0.38550538,785.00684,263.63498,0.9700346,796.70593,262.96173,0.9505201,780.2533,290.3019,0.93020004,797.3972,290.1522,0.874236,780.5435,313.2838,0.8698679,798.0841,312.07516,0.80618846
0.0,0.0,0.0641502,0.0,0.0,0.063916445,0.0,0.0,0.035876382,0.0,0.0,0.14612146,0.0,0.0,0.06403697,0.0,0.0,0.25009662,0.0,0.0,0.22446723,0.0,0.0,0.25852492,0.0,0.0,0.18209025,0.0,0.0,0.22795269,0.0,0.0,0.17092402,0.0,0.0,0.30434147,0.0,0.0,0.29371953,0.0,0.0,0.27370858,0.0,0.0,0.24918579,0.0,0.0,0.2216401,0.0,0.0,0.21011816
0.0,0.0,0.1566707,0.0,0.0,0.090167135,0.0,0.0,0.14562248,0.0,0.0,0.433224,125.09552,217.98325,0.6406316,110.60089,228.49753,0.9727073,128.26935,229.26233,0.9786391,103.57536,242.95041,0.77994734,132.205,244.02072,0.86921746,103.26742,255.70085,0.55381775,131.66078,257.09686,0.66678876,111.331894,255.72653,0.98505485,122.834206,255.92973,0.9870368,111.69991,277.0465,0.9605267,121.76635,277.22733,0.96689445,110.42166,296.44662,0.9335656,119.16403,296.86826,0.9421565
0.0,0.0,0.14020206,0.0,0.0,0.08371118,0.0,0.0,0.10952144,0.0,0.0,0.43695897,162.46233,214.9279,0.5194605,148.89198,225.5826,0.96642536,165.76552,226.06549,0.9706965,142.70024,240.11368,0.76320183,169.22018,240.45729,0.8212043,141.69493,250.36769,0.54102916,168.32544,251.05899,0.6037554,149.93309,253.60547,0.985552,160.57129,253.74437,0.98661256,150.23921,276.36328,0.96931434,158.88393,276.3468,0.9720967,149.48257,297.49612,0.94838065,156.31407,297.7215,0.9522232
0.0,0.0,0.08962193,0.0,0.0,0.051147863,0.0,0.0,0.07631871,0.0,0.0,0.38607368,306.3711,218.8329,0.5750152,288.8741,230.72194,0.948784,310.9086,230.90605,0.95993304,283.60068,246.13351,0.6561294,319.58368,246.58046,0.77191323,0.0,0.0,0.40080068,322.33807,261.23972,0.5014742,293.08463,260.11856,0.9742372,306.96823,260.3724,0.97781724,294.88876,283.39438,0.9394857,306.01733,283.20844,0.9489224,294.37927,304.31567,0.900088,303.7203,304.77487,0.9130973
518.8328,198.20532,0.86078775,522.58813,194.52008,0.72477657,515.43646,194.42548,0.85469717,0.0,0.0,0.34317768,508.4747,196.56456,0.70038325,530.45795,218.23994,0.8739927,498.83896,218.02687,0.9507348,0.0,0.0,0.4444517,491.64142,241.17612,0.7894966,0.0,0.0,0.41825718,498.13498,246.37709,0.6909442,523.59094,266.94006,0.8853037,503.55386,267.30426,0.9308218,515.578,309.44305,0.8584687,502.602,309.96713,0.9074635,511.43088,348.90585,0.8125888,505.1301,349.7723,0.86113596
0.0,0.0,0.13533589,0.0,0.0,0.1351087,0.0,0.0,0.04941295,339.07367,206.51791,0.6005452,0.0,0.0,0.18601431,337.48572,219.37799,0.9227397,354.00137,218.58757,0.8330635,330.8237,237.37772,0.7731628,0.0,0.0,0.40460572,325.2969,249.79787,0.56379837,0.0,0.0,0.27375472,341.25327,252.11845,0.95261264,352.15442,251.68495,0.9241649,336.55017,279.04657,0.9295388,349.01028,279.00247,0.8762857,337.9823,304.09842,0.8939142,349.0925,303.13818,0.8414515
