0.0,0.0,0.10502508,0.0,0.0,0.045689933,0.0,0.0,0.072096795,0.0,0.0,0.35786864,426.81265,213.3564,0.59047985,402.26053,231.51851,0.96340245,434.47617,229.99083,0.97247094,393.8805,254.65295,0.8432405,445.6226,254.44382,0.8904307,395.31357,272.0392,0.6463699,449.4112,274.3382,0.7093899,411.43292,277.25763,0.9867024,431.20712,276.4258,0.9889613,416.90067,312.154,0.95681584,428.09726,311.10626,0.96237653,421.18375,344.3064,0.8982132,424.50226,343.83234,0.90802175
0.0,0.0,0.09545391,0.0,0.0,0.03657235,0.0,0.0,0.07527529,0.0,0.0,0.40564778,290.03812,165.00214,0.7147872,251.98647,188.56161,0.96641845,292.2314,193.06165,0.97908944,236.65378,228.96669,0.8240541,296.3643,231.74876,0.9010015,235.70438,265.6908,0.5826678,293.9725,257.9318,0.67596024,252.57326,264.5748,0.9922327,277.6025,266.98993,0.9937734,258.90332,320.75275,0.98319143,272.7193,323.1989,0.984974,263.23004,373.64133,0.95017916,266.90405,378.30112,0.9535913
0.0,0.0,0.107094415,0.0,0.0,0.04078782,0.0,0.0,0.08396769,0.0,0.0,0.45652726,638.64575,194.00983,0.78185594,612.4334,218.74278,0.98373854,645.6761,216.34473,0.99269307,603.99585,250.96028,0.9081662,656.62555,245.24826,0.96588826,607.18524,278.0513,0.74540997,662.9291,269.47324,0.8558935,625.82227,273.18842,0.99606735,647.7385,272.8804,0.9974178,632.61304,312.38394,0.9867872,652.0676,311.81097,0.99024713,636.20166,348.62234,0.9630973,653.8056,348.32083,0.9701744
0.0,0.0,0.07476724,0.0,0.0,0.030493988,0.0,0.0,0.060704634,0.0,0.0,0.40285218,496.96957,201.58362,0.6996692,474.122,219.9309,0.95080537,504.90576,219.63918,0.9697035,466.2492,243.99806,0.6564248,515.0862,243.32149,0.8127868,0.0,0.0,0.36368263,518.74615,257.48373,0.5025006,484.30255,271.16577,0.98301274,505.29388,271.51456,0.9865703,480.33804,310.71387,0.9586252,508.10825,310.88666,0.96434003,481.7118,348.19345,0.9234613,510.97873,348.28418,0.93031895
542.4429,193.199,0.8828256,544.59393,190.68776,0.78870183,539.8232,190.36942,0.81438035,546.9916,193.82243,0.56140417,533.9528,192.7414,0.6281875,551.46405,211.90976,0.9777125,527.25995,212.034,0.98040223,557.8175,230.86856,0.87195843,521.6729,234.29436,0.87420136,555.7966,239.59647,0.8106242,527.01154,248.49327,0.8038897,551.639,257.16284,0.98011357,536.1832,257.79047,0.98114336,555.4657,292.81454,0.9554763,542.8935,293.29422,0.9547058,556.1562,326.53088,0.9060775,545.611,326.69928,0.90453446
346.31323,187.00139,0.9121186,350.25793,183.46999,0.9108189,344.35306,183.63202,0.7392083,359.65268,185.64812,0.8300403,0.0,0.0,0.30500543,368.68005,205.89507,0.9847438,343.68652,206.63135,0.96697426,372.2953,227.0348,0.9427226,337.3181,226.09511,0.7567492,359.7015,221.87584,0.9076396,341.86478,218.11508,0.7262147,364.9612,260.09622,0.9874604,348.87912,259.98553,0.9805698,365.1073,301.88297,0.9822298,352.43777,301.55368,0.9678324,364.37674,342.0237,0.9592409,353.5118,340.24756,0.93695325
193.29004,203.74532,0.8513481,196.06393,200.13095,0.81861323,190.13858,200.77406,0.6962463,201.80424,200.80673,0.64854765,0.0,0.0,0.34342152,211.22302,217.65071,0.96983254,182.48445,219.93982,0.9476016,223.80856,238.10443,0.9024375,178.42697,238.00223,0.74375844,221.92735,246.15105,0.8548088,184.57455,232.44774,0.7039897,208.24733,266.08148,0.98332316,190.40205,267.46286,0.97736424,207.49368,308.74594,0.980771,195.23648,310.24805,0.9710824,206.95442,350.82315,0.9607622,198.5274,352.22403,0.9468439
0.0,0.0,0.10005881,0.0,0.0,0.055417646,0.0,0.0,0.068795,0.0,0.0,0.37272504,0.0,0.0,0.49621558,680.03564,220.09113,0.93934834,703.15894,219.92726,0.95316964,676.47314,237.13184,0.7329529,708.86005,236.88408,0.8044377,676.7667,251.7024,0.5080698,706.3842,250.98589,0.582728,684.60046,252.43321,0.98214585,700.0316,252.48755,0.9847816,685.2832,277.8272,0.97033477,699.062,277.89886,0.9729795,688.0666,303.15277,0.95385987,700.2455,303.3323,0.95644575
0.0,0.0,0.08750494,0.0,0.0,0.05845476,0.0,0.0,0.047160678,0.0,0.0,0.4553471,0.0,0.0,0.3633016,146.34883,221.10919,0.9088665,170.96236,221.76512,0.8750657,138.37965,241.02112,0.62405723,0.0,0.0,0.46963578,0.0,0.0,0.36603805,0.0,0.0,0.25789413,150.02847,262.90268,0.9571147,166.83383,263.62863,0.9457006,145.34174,297.0132,0.9404423,163.98126,298.05392,0.9175652,144.85614,330.3815,0.90923357,162.37982,331.24554,0.88459057
0.0,0.0,0.37864056,0.0,0.0,0.26847407,0.0,0.0,0.29474777,0.0,0.0,0.3111893,0.0,0.0,0.3544506,653.38464,215.61592,0.873235,657.63025,215.34734,0.8459869,660.97485,235.8617,0.5217742,0.0,0.0,0.4779234,0.0,0.0,0.37204054,0.0,0.0,0.34726164,657.67487,253.99428,0.849766,660.2969,254.0728,0.8390128,659.7618,281.482,0.67930275,661.7935,281.37427,0.66838896,663.5218,304.54285,0.6059035,663.4484,304.83456,0.59645873
