0.0,0.0,0.16531111,0.0,0.0,0.057639237,0.0,0.0,0.06764112,354.572,123.46585,0.5416109,385.76132,123.70681,0.5539388,340.07788,165.39973,0.9736554,404.38037,163.8009,0.9768298,317.86017,230.03343,0.90571976,423.29684,223.36446,0.9263851,306.78128,276.4735,0.74611706,414.6792,270.63217,0.79114836,348.91666,273.8424,0.99499476,391.72726,272.63425,0.9956536,332.74493,355.13577,0.98780835,384.17606,358.324,0.9903167,329.06793,431.0738,0.94411904,384.87732,439.20056,0.95204115
0.0,0.0,0.085539676,0.0,0.0,0.07909174,0.0,0.0,0.03136975,553.91315,177.5257,0.7574353,0.0,0.0,0.3492513,549.998,198.7864,0.97473747,581.95953,200.30006,0.96641225,538.09656,227.77516,0.9127081,588.3299,230.77348,0.81612337,530.1982,254.34712,0.75062644,582.9285,261.0864,0.59629345,550.785,254.61018,0.994642,572.462,254.57202,0.9934801,547.0034,296.3873,0.99242365,570.95245,296.45413,0.9888045,544.5093,337.99454,0.9842316,568.5507,337.4561,0.97886616
0.0,0.0,0.29269236,0.0,0.0,0.122755155,0.0,0.0,0.27534178,0.0,0.0,0.4829338,86.6219,208.38582,0.84987104,68.051865,224.7865,0.97723675,91.82769,223.7799,0.9901114,63.789597,244.87398,0.7764164,99.505516,241.26454,0.930055,64.47689,259.2366,0.5528359,99.9522,253.32663,0.76500875,72.20804,261.15472,0.9885379,88.22676,260.88593,0.99255544,70.50658,289.38596,0.97405237,86.49369,289.11612,0.98171586,69.15174,315.57156,0.9524189,85.13274,315.9092,0.9624443
0.0,0.0,0.05417556,0.0,0.0,0.021421231,0.0,0.0,0.051346492,0.0,0.0,0.30234972,751.6327,188.47128,0.6763328,727.7359,206.38988,0.93552244,758.1406,205.3508,0.9750295,720.9163,233.43431,0.7026992,774.2083,224.41577,0.9260979,0.0,0.0,0.45781398,778.4116,229.22319,0.73780733,731.7563,257.24713,0.9867747,750.28564,257.21088,0.9921227,733.2907,295.5985,0.9695621,745.7396,295.87036,0.9807279,731.166,330.19745,0.9307395,735.37427,330.93228,0.9493853
0.0,0.0,0.18916607,0.0,0.0,0.15675518,0.0,0.0,0.07910617,168.76488,202.94041,0.6812609,0.0,0.0,0.36935058,167.4564,219.29797,0.9722935,189.89723,218.07018,0.96781844,162.29564,240.22049,0.8769327,196.28023,239.11159,0.8056552,159.41014,253.91528,0.70036197,195.091,256.4448,0.601783,174.23283,257.0318,0.9859103,188.36227,256.4153,0.9841999,174.98383,286.11298,0.9674228,186.20255,285.60254,0.9586317,179.58154,312.86343,0.93599206,185.4963,310.95578,0.9237094
456.72452,181.1024,0.89265686,460.3356,177.8726,0.8108543,453.19998,177.48709,0.82903737,464.98465,181.43098,0.5610939,446.00494,180.2626,0.6105557,469.49466,203.20879,0.9705155,437.4323,202.44434,0.9748923,475.26263,224.84508,0.8068056,433.37894,226.4063,0.8148546,457.99237,210.84308,0.74421406,450.48462,218.06746,0.73528695,459.46555,263.60144,0.978696,438.82797,263.09576,0.9797869,455.7833,314.67877,0.9603345,443.1068,314.07843,0.959049,451.30594,363.03305,0.9156368,448.32867,362.0723,0.91442496
0.0,0.0,0.17084788,0.0,0.0,0.066199034,0.0,0.0,0.16042925,0.0,0.0,0.35905552,128.31258,208.32213,0.76505405,111.104454,223.01778,0.9661824,133.26564,223.01324,0.98645836,106.100296,240.89629,0.76261735,138.56024,242.9575,0.932885,108.8765,250.14928,0.5484205,141.05673,256.23233,0.78092563,116.12514,259.98596,0.98984957,131.29509,260.03363,0.9937512,115.68877,287.47925,0.9784097,130.14313,287.22903,0.98558295,116.20508,312.96542,0.9612921,129.3883,312.99332,0.97069407
0.0,0.0,0.19639738,0.0,0.0,0.05145719,0.0,0.0,0.23386061,0.0,0.0,0.17286608,520.2108,191.61266,0.808807,500.36954,206.37476,0.89413565,522.60986,209.97935,0.96992457,0.0,0.0,0.4402122,530.1556,235.82764,0.89302546,0.0,0.0,0.30478784,534.97064,256.8863,0.7151038,498.99042,254.94461,0.9730663,514.0595,256.17108,0.98721737,495.2675,292.2093,0.9678349,513.02344,292.9039,0.9847157,487.61353,327.37723,0.9588312,505.44263,329.78226,0.976269
0.0,0.0,0.063690536,0.0,0.0,0.030151637,0.0,0.0,0.041640863,0.0,0.0,0.32466495,0.0,0.0,0.4623423,803.61066,213.0012,0.9071392,827.9766,214.99095,0.922892,795.42426,240.14717,0.6659413,828.2273,242.72736,0.72894466,0.0,0.0,0.44171712,0.0,0.0,0.4837064,804.2797,264.441,0.9792419,822.3613,265.58798,0.98103046,799.0781,300.2839,0.9710892,828.56274,301.4829,0.97112083,793.2383,333.70352,0.9534769,830.4806,335.49887,0.953544
0.0,0.0,0.06400795,0.0,0.0,0.068169236,0.0,0.0,0.019176649,683.14124,174.24919,0.7728558,0.0,0.0,0.26602623,677.4201,196.83545,0.9730977,716.07544,196.03339,0.94004107,669.79535,228.19742,0.8887791,723.0433,226.17697,0.5927076,663.0926,247.318,0.64643574,0.0,0.0,0.3272696,678.48035,255.0485,0.9919783,704.0181,254.0579,0.9867496,674.7944,301.3659,0.9879112,696.93805,301.06848,0.97588545,680.1506,348.1173,0.974377,696.73456,347.19922,0.9569312
0.0,0.0,0.3406403,0.0,0.0,0.09333824,0.0,0.0,0.4091947,0.0,0.0,0.07255656,644.95734,205.81485,0.70105124,637.8119,217.52127,0.749544,641.4579,217.97894,0.9334585,0.0,0.0,0.27190006,645.59326,232.64796,0.8544814,0.0,0.0,0.2643525,652.83685,232.25816,0.738313,636.26117,251.38307,0.9269718,639.5011,251.7274,0.96860194,633.0355,281.24094,0.93707657,639.4235,281.0201,0.9741976,633.9324,310.53113,0.9374196,642.04895,311.21274,0.9673921
