0.0,0.0,0.13093893,0.0,0.0,0.06724057,0.0,0.0,0.08538015,252.79231,181.5952,0.66656375,269.62997,181.46465,0.76739514,241.70969,203.44753,0.98892576,279.19452,203.91621,0.9943657,227.04688,231.88937,0.92469496,291.26517,235.36508,0.96331346,227.36823,255.12335,0.75214744,297.11536,263.23892,0.83220893,249.9262,262.16028,0.99595463,273.28778,262.62247,0.9970926,253.5212,305.8822,0.9830876,273.0304,306.3712,0.98577917,257.09744,347.35086,0.94816864,269.99365,347.89398,0.9540561
414.16144,161.49731,0.9701821,419.21045,157.95001,0.9010645,409.9263,157.4691,0.9476935,425.38483,161.45737,0.66714764,402.96863,160.06732,0.84308094,433.93066,187.76704,0.9869069,393.28278,188.29802,0.99508,444.1812,220.43997,0.9259075,393.834,222.6675,0.9793571,441.68143,229.98775,0.8855729,419.26163,222.42604,0.9552799,429.62552,258.2787,0.9939843,401.70508,258.64557,0.99616337,430.67093,316.7206,0.9864031,400.95892,316.58026,0.99193454,426.57043,367.08243,0.95710105,402.91708,368.23212,0.9699527
759.31635,88.822975,0.9645385,767.0785,80.840294,0.8077655,748.0258,82.2376,0.96561116,0.0,0.0,0.30026856,728.35175,93.36911,0.90797925,788.3709,142.97806,0.90591913,709.67126,151.06927,0.9942524,804.6165,204.76118,0.5661888,702.06085,226.41565,0.9790688,800.9713,250.44604,0.52458775,692.56146,296.49054,0.94075763,785.0771,278.759,0.9468298,734.6948,283.41388,0.9853667,790.52386,384.28934,0.797325,751.415,388.04645,0.9389921,0.0,0.0,0.4571824,772.269,462.92645,0.6755131
0.0,0.0,0.3156247,0.0,0.0,0.11716182,0.0,0.0,0.3007877,0.0,0.0,0.42504412,662.4595,204.0771,0.8417533,641.7954,216.69078,0.9789377,667.25116,218.76598,0.991959,624.16974,237.25598,0.80204856,673.9728,241.23894,0.9441633,621.7023,257.29892,0.60541666,676.9078,262.7744,0.8055543,641.54956,256.8323,0.9909978,657.4226,257.42407,0.9945251,642.10736,288.51727,0.9785075,656.8966,288.7313,0.98576134,642.2786,319.70132,0.9606577,653.7662,321.2389,0.9706497
0.0,0.0,0.17245315,0.0,0.0,0.11226434,0.0,0.0,0.10912503,114.86698,219.8065,0.5894115,124.02599,219.80643,0.5289542,109.86821,230.79005,0.9839027,128.17867,230.9504,0.98314524,104.00359,245.15413,0.8567402,133.95851,245.21083,0.85019964,103.80204,258.20886,0.6617543,134.39882,258.14346,0.64459753,111.90737,257.69363,0.9924489,123.453224,257.8142,0.99227625,112.109474,278.90897,0.98068124,121.78445,278.70334,0.9803413,111.85218,298.18097,0.96437156,120.45563,298.24762,0.9642251
0.0,0.0,0.19405785,0.0,0.0,0.13067077,0.0,0.0,0.12950028,73.04304,216.3923,0.56915826,82.09735,216.59856,0.53210205,68.61209,228.08928,0.9791444,86.422386,228.45908,0.9787184,64.00634,242.33186,0.8220635,92.39494,242.80531,0.8185466,64.976814,253.8031,0.6295341,93.100044,253.86815,0.6166251,71.1793,256.10416,0.990995,82.737785,256.34323,0.9910005,71.70978,277.9604,0.9823735,83.22147,277.861,0.98240745,72.161224,298.65234,0.9712342,83.488914,298.83606,0.9715325
0.0,0.0,0.24008779,0.0,0.0,0.15744348,0.0,0.0,0.20062754,155.31041,213.98317,0.5048206,164.45665,214.51929,0.59187955,150.15475,225.57086,0.97010493,168.0764,226.27112,0.9732089,143.88646,240.19743,0.7704718,172.27481,240.86127,0.8236277,144.70418,251.53099,0.5893414,171.2087,252.35078,0.64521205,151.93889,253.84296,0.9857326,162.95544,254.08537,0.98668206,153.60257,276.79758,0.97352874,162.1544,276.86987,0.97587514,154.24373,298.90024,0.9549608,160.18474,299.24,0.9581798
477.95,203.61736,0.9038822,481.07047,200.08517,0.82538784,474.23642,200.19362,0.85551274,485.15466,203.06917,0.5196583,467.16058,203.28133,0.6208739,486.45786,223.2033,0.959886,462.54688,224.26291,0.9691245,491.29474,244.97687,0.8096376,458.85547,246.14565,0.84753054,488.55008,247.24,0.7629978,464.8304,243.45735,0.7914909,482.1559,271.91113,0.96821827,466.6027,273.0272,0.9724813,480.90848,312.21072,0.9560471,469.6451,313.57254,0.95850176,480.8548,347.15378,0.92635053,468.77588,348.79205,0.92889845
0.0,0.0,0.021345278,0.0,0.0,0.015900735,0.0,0.0,0.0063505317,0.0,0.0,0.06007624,0.0,0.0,0.015970299,0.0,0.0,0.16298078,0.0,0.0,0.08939807,0.0,0.0,0.19933523,0.0,0.0,0.09548054,0.0,0.0,0.1928352,0.0,0.0,0.1195366,0.0,0.0,0.45424807,0.0,0.0,0.38806275,0.0,0.0,0.26819828,0.0,0.0,0.2279769,0.0,0.0,0.09815591,0.0,0.0,0.086687505
582.011,214.14258,0.8833157,584.49786,211.8535,0.8759013,580.6706,211.6135,0.7586764,589.4654,213.1982,0.7724206,0.0,0.0,0.37830597,593.51746,226.0551,0.9833635,577.00995,225.15944,0.9706553,594.55725,240.20172,0.9028306,572.6418,238.14714,0.7568249,585.7145,241.8012,0.8564524,575.66113,239.67235,0.7204058,589.23926,257.5973,0.97848743,578.2511,257.0157,0.9717972,587.516,283.6541,0.9390721,578.27094,283.1768,0.9171454,587.6141,306.81607,0.8429913,580.4902,306.15195,0.80556184
0.0,0.0,0.116987936,0.0,0.0,0.076413654,0.0,0.0,0.07406956,327.20782,215.06177,0.5013306,337.85126,215.39023,0.5081542,320.3458,228.84175,0.954959,343.06073,228.89362,0.9547507,312.57602,245.64261,0.8068121,348.70776,243.55325,0.79641104,310.56726,259.83322,0.59022903,346.12262,253.07704,0.5761514,323.42508,261.5133,0.98040134,337.9913,261.75214,0.9801681,324.8829,285.96988,0.9603608,336.35938,286.52704,0.9569216,326.2851,308.08002,0.93090814,335.44855,308.77545,0.9259354
