0.0,0.0,0.15778351,0.0,0.0,0.13740006,0.0,0.0,0.03445036,372.53485,89.27978,0.85554355,0.0,0.0,0.2984724,359.28986,136.14995,0.97979933,436.03287,128.94121,0.9162498,343.22995,202.02644,0.92012376,438.04758,201.0184,0.6296371,363.7028,202.28859,0.76862025,0.0,0.0,0.4512175,374.29233,254.2421,0.9901438,425.13043,249.45137,0.98115474,375.08713,368.54996,0.98045003,415.62317,357.20978,0.9658617,391.1015,465.8557,0.89342886,421.69272,451.41107,0.8605776
674.86945,102.37193,0.9530602,679.9886,96.63782,0.7284119,666.18207,96.135925,0.9547642,0.0,0.0,0.24961466,648.0602,100.67562,0.91816795,690.58923,147.93706,0.95801234,632.48987,150.85077,0.99542564,698.13477,206.58752,0.7237267,637.00385,217.9217,0.984897,684.5916,205.7957,0.65991515,687.99445,203.63127,0.9632648,690.8474,264.40314,0.9914737,656.59326,269.1924,0.9973308,681.96967,356.37692,0.9875794,685.06775,372.2875,0.9966042,631.7237,432.57578,0.9570442,680.40826,458.13168,0.980909
0.0,0.0,0.08943315,0.0,0.0,0.054701425,0.0,0.0,0.051617727,194.65295,197.39513,0.5938022,210.44624,197.53543,0.5531739,186.18529,214.84923,0.9808085,217.1396,215.0592,0.98679775,174.99306,238.56274,0.9301961,226.34093,237.15205,0.94435954,173.45697,260.59314,0.80612516,227.98875,257.8107,0.81980515,192.0124,259.85974,0.9961344,211.44171,260.26932,0.99667907,195.65805,294.09198,0.99080783,209.41655,294.52554,0.9905777,199.49045,325.95364,0.9780107,208.02908,326.47958,0.97732943
575.63544,173.99353,0.97072023,579.9007,169.92603,0.8985657,569.5536,170.31778,0.96599835,584.0473,173.6227,0.5731112,558.4443,175.08932,0.884099,588.98083,201.83418,0.9668812,551.29315,205.70357,0.99312097,595.6281,239.65092,0.76773953,543.9179,235.22427,0.96875596,595.6354,245.98474,0.68674874,551.80396,215.72194,0.9224927,585.72644,266.60577,0.98535556,560.39386,269.43982,0.9933426,583.41595,324.58405,0.9823142,561.2668,332.10275,0.9923366,568.98834,377.22748,0.9654656,551.96045,389.2522,0.9801974
0.0,0.0,0.07735007,0.0,0.0,0.045552265,0.0,0.0,0.043741662,0.0,0.0,0.37986144,0.0,0.0,0.4120802,731.278,216.75594,0.9295381,759.2982,216.55124,0.9367962,721.93115,240.8455,0.7796254,765.78485,241.6614,0.80702,721.0464,257.93436,0.5739203,764.8879,258.81638,0.6094201,734.2037,262.93546,0.98499066,752.4003,262.6203,0.98629874,734.4654,300.2507,0.979807,750.0801,300.136,0.98049235,731.6812,335.42923,0.9669599,744.96045,335.3922,0.9680521
0.0,0.0,0.08926501,0.0,0.0,0.06781407,0.0,0.0,0.058442347,0.0,0.0,0.47009835,0.0,0.0,0.3768306,787.537,219.38173,0.9599306,811.66797,217.87572,0.95488954,782.2218,238.55258,0.76508975,820.84247,235.49622,0.73395264,783.556,253.41005,0.53779894,819.0498,250.61607,0.5037851,793.01825,254.56639,0.98963225,808.2949,253.75258,0.98904043,792.8567,283.0954,0.97819453,807.44305,282.20172,0.9771548,794.05786,309.81967,0.96213084,806.4826,308.76678,0.96121436
0.0,0.0,0.21045795,0.0,0.0,0.1457507,0.0,0.0,0.13342133,82.870636,220.1131,0.60496086,90.980865,220.06877,0.5191966,78.694115,230.52315,0.98095936,95.09471,230.55258,0.979563,73.99451,243.64294,0.83565503,100.9031,243.53165,0.8188117,74.21571,255.40793,0.6475144,101.74064,255.0951,0.6172038,81.07816,254.95818,0.99007356,91.453094,255.0413,0.98976785,82.07093,274.07986,0.97912383,90.757065,273.81567,0.9784801,82.80581,292.35162,0.9670478,90.64224,292.36877,0.9665513
489.9732,214.29382,0.8295452,492.14084,211.90776,0.8206383,489.37186,212.08705,0.56136703,498.9225,212.93132,0.7923304,0.0,0.0,0.26817462,504.49454,225.61688,0.98431754,491.05298,225.49187,0.96027905,502.76627,238.56325,0.94688207,485.6796,236.98016,0.7166967,491.1192,234.98245,0.9096651,488.53418,231.54756,0.6838994,500.42386,260.40063,0.9847711,491.2035,259.7212,0.9736105,501.43637,286.78143,0.9737239,488.8534,286.1446,0.9479861,501.97815,310.51147,0.9463204,486.68686,308.84744,0.9126067
0.0,0.0,0.10757738,0.0,0.0,0.06568133,0.0,0.0,0.08185886,0.0,0.0,0.43176106,253.2709,216.80458,0.5067361,240.53989,228.90862,0.9647037,257.64505,228.74658,0.96927375,236.38066,244.02892,0.7593282,262.63162,243.3927,0.8189963,236.41801,256.53488,0.5141886,262.3461,256.41797,0.5802944,243.58835,256.6383,0.9843299,255.36392,256.50336,0.985808,244.32224,277.7586,0.96412927,255.46571,277.51334,0.96776,244.54512,296.526,0.9431003,254.67569,296.23297,0.9477442
0.0,0.0,0.15889414,0.0,0.0,0.10510581,0.0,0.0,0.13577563,0.0,0.0,0.14076518,0.0,0.0,0.22843151,0.0,0.0,0.47911647,846.7031,225.70592,0.661039,0.0,0.0,0.23265782,0.0,0.0,0.4719716,0.0,0.0,0.21409048,0.0,0.0,0.37382442,848.3196,262.8917,0.6755707,848.1775,263.1122,0.76409906,847.1401,295.38312,0.6372752,847.04,295.3301,0.7200379,847.34106,326.5064,0.6485043,846.65857,326.5206,0.7128684
0.0,0.0,0.12415635,0.0,0.0,0.108567,0.0,0.0,0.059023123,303.39185,209.13771,0.60603994,0.0,0.0,0.35187557,299.91605,221.5503,0.9582022,320.13828,220.84837,0.9351119,297.42783,237.41574,0.8433693,325.4819,236.08264,0.69596785,297.74506,249.8492,0.6422558,0.0,0.0,0.4887599,303.1117,251.90265,0.9843183,316.6009,251.70161,0.9797347,303.8994,276.48538,0.9770139,314.87546,276.67368,0.96734065,304.85983,300.77475,0.96496284,314.6434,300.31894,0.9540276
0.0,0.0,0.13451274,0.0,0.0,0.0873536,0.0,0.0,0.08701697,142.68437,219.70213,0.5088262,0.0,0.0,0.4553895,139.29549,229.3513,0.97214204,155.76082,229.4062,0.9715872,135.52403,242.10132,0.8023103,161.50299,241.9279,0.8052953,135.52748,252.49748,0.5869781,161.68773,252.21205,0.58305824,142.24332,253.43788,0.9870499,152.95354,253.40482,0.98706853,143.11906,273.21796,0.9732208,152.12717,272.94217,0.97350526,143.89505,291.7885,0.9583837,151.56865,291.62076,0.9589714
0.0,0.0,0.11074988,0.0,0.0,0.07595374,0.0,0.0,0.08654109,0.0,0.0,0.3755897,0.0,0.0,0.42431834,114.27722,232.97768,0.9192853,127.389534,232.59415,0.9284971,109.67622,244.62746,0.62887484,130.85143,244.13237,0.69043326,0.0,0.0,0.40932387,0.0,0.0,0.45708945,116.32662,255.14159,0.9572552,125.10992,255.00166,0.96072006,116.47253,273.32147,0.9353479,124.7814,273.13116,0.94043964,116.143456,290.2148,0.920008,123.81802,289.95114,0.9253631
0.0,0.0,0.10320622,0.0,0.0,0.08903934,0.0,0.0,0.052673485,0.0,0.0,0.379497,0.0,0.0,0.16628595,278.22662,225.51591,0.87102884,289.377,224.83743,0.84298027,274.19235,238.34639,0.654817,290.3602,237.37813,0.5027665,0.0,0.0,0.48827207,0.0,0.0,0.36477923,281.38333,252.36661,0.9622485,289.02673,252.15445,0.9580353,281.56137,274.76962,0.9577281,289.71112,274.63824,0.9498459,284.48367,296.81396,0.9418247,291.2006,296.15442,0.9338985
