0.0,0.0,0.476182,0.0,0.0,0.397479,0.0,0.0,0.19646455,780.2308,185.77763,0.71930283,0.0,0.0,0.33209422,774.16473,213.66025,0.96167296,810.5636,211.03755,0.9158047,766.39435,254.36096,0.8928648,821.7476,249.04788,0.71643585,769.3204,277.20798,0.7894104,813.01996,271.2755,0.6073804,779.79895,284.6762,0.9701297,806.4982,283.97162,0.956195,768.9158,338.01923,0.9586504,807.7791,339.8981,0.9427684,769.85913,385.01285,0.9079068,815.9348,389.49686,0.8905379
0.0,0.0,0.18230629,0.0,0.0,0.05427559,0.0,0.0,0.15544508,0.0,0.0,0.33484533,342.70926,198.98825,0.82386047,313.13666,218.50887,0.97746766,348.48157,219.7118,0.9925188,301.79276,248.26653,0.8400069,357.503,251.59825,0.9674805,301.7598,277.22318,0.66467935,358.74026,280.78488,0.875042,316.71378,270.66998,0.9954737,339.59955,270.91907,0.9976393,315.55823,314.70023,0.9904868,335.1738,314.5366,0.9947326,315.84445,356.5956,0.9772334,332.45425,357.99582,0.98538405
0.0,0.0,0.11657443,0.0,0.0,0.10201366,0.0,0.0,0.04492022,597.56476,215.93144,0.6853441,0.0,0.0,0.33488682,592.9866,236.50154,0.9573845,623.2403,235.86057,0.93852746,583.6022,262.63464,0.8544545,627.77655,260.61844,0.71965903,580.45135,283.13712,0.6574313,623.5278,282.12167,0.5004913,595.7621,283.87274,0.9841541,615.42993,283.31503,0.97985876,595.6399,317.67264,0.97594595,614.1197,317.43326,0.96552926,594.9689,354.33597,0.9572152,610.8935,353.18384,0.9445059
0.0,0.0,0.09865017,0.0,0.0,0.05313402,0.0,0.0,0.055833373,0.0,0.0,0.44312102,405.5015,191.39908,0.5302657,380.74072,215.59982,0.96029454,413.09674,215.59036,0.9702626,372.58514,247.1488,0.8349966,420.12994,248.7929,0.87907505,372.28763,272.72345,0.62969494,420.72083,273.67972,0.69062,386.58368,272.29178,0.98884726,407.35095,272.17694,0.9908977,387.96738,314.50797,0.9789063,402.5861,314.5691,0.9813519,392.64996,352.0998,0.9539857,403.2132,352.53018,0.9580027
0.0,0.0,0.12062752,0.0,0.0,0.08117845,0.0,0.0,0.06515188,540.1787,192.89214,0.63363653,556.04803,193.11038,0.58096683,530.9814,214.84706,0.97506124,563.1037,215.39746,0.97227603,525.09015,243.14417,0.8557642,568.0206,244.18013,0.8096457,526.3475,266.47818,0.60640806,563.5678,265.65466,0.53933,534.1709,267.26935,0.9890519,555.1227,267.69934,0.9882492,534.08484,307.74738,0.975752,550.2354,308.59946,0.9708802,538.3031,346.82886,0.94424146,550.47626,348.0038,0.93575037
0.0,0.0,0.10328891,0.0,0.0,0.052126862,0.0,0.0,0.06634323,0.0,0.0,0.3350505,0.0,0.0,0.47954687,462.01016,242.51382,0.951277,485.22693,241.82304,0.9696601,456.4145,263.7559,0.8067951,491.00485,264.0283,0.89540035,454.68427,282.15906,0.6174654,493.86377,283.4629,0.7341872,465.98752,280.41943,0.9885639,480.72034,280.0084,0.99158525,467.10428,308.91937,0.975687,477.50717,308.5673,0.9809703,467.60742,336.17136,0.9542139,473.58014,335.97665,0.96182406
0.0,0.0,0.08880403,0.0,0.0,0.05859568,0.0,0.0,0.0513211,0.0,0.0,0.4033551,0.0,0.0,0.3758828,431.23602,229.87857,0.927675,453.07562,229.05573,0.93172437,426.77496,247.55928,0.75041264,457.15308,247.23935,0.7581633,424.6098,261.64398,0.5324969,456.73688,262.08038,0.54156953,434.67136,264.3964,0.9749774,448.37598,264.00983,0.9759142,434.4302,292.47076,0.95275795,443.43643,292.33313,0.95137334,437.82947,319.34546,0.91825145,440.7918,318.91373,0.9163059
0.0,0.0,0.22630821,0.0,0.0,0.16067919,0.0,0.0,0.12718375,639.9764,231.75941,0.60023105,649.59436,231.3172,0.53642863,635.27124,244.74489,0.9715035,656.50714,243.583,0.9727226,631.73663,261.051,0.84711355,662.5661,258.09747,0.84081656,631.4056,271.89987,0.6613882,657.9597,266.662,0.6549483,640.00653,275.5159,0.98505044,653.7998,275.11932,0.9858058,642.37946,300.81726,0.9702851,651.9471,300.6546,0.96957177,645.4439,326.09366,0.9448354,652.53046,325.52405,0.9434873
0.0,0.0,0.07500338,0.0,0.0,0.046413563,0.0,0.0,0.06120361,0.0,0.0,0.07775,0.0,0.0,0.14147744,0.0,0.0,0.2378527,0.0,0.0,0.39991716,0.0,0.0,0.12268877,0.0,0.0,0.29919955,0.0,0.0,0.11881588,0.0,0.0,0.2312599,0.0,0.0,0.34303212,0.0,0.0,0.45248088,0.0,0.0,0.28369227,0.0,0.0,0.37549636,0.0,0.0,0.28414908,0.0,0.0,0.35597458
39.05982,237.58513,0.7309692,40.747215,235.33192,0.70992637,37.71537,235.26103,0.56819963,43.961845,236.56891,0.6133468,0.0,0.0,0.2837662,48.286297,249.78969,0.960256,35.34752,250.0514,0.92234844,54.366283,266.14563,0.82924914,36.349987,266.57306,0.6147467,52.91582,279.66177,0.74984,36.210793,279.13275,0.56442225,43.599003,282.67783,0.95586413,35.8551,282.5144,0.93957,42.58406,306.93555,0.905577,36.9849,306.78342,0.8736748,43.513157,329.27643,0.8372387,39.2397,329.2959,0.7995309
215.53265,243.48502,0.73034394,216.86879,241.82886,0.6696088,214.70506,241.82957,0.5819469,219.89293,242.0281,0.55728304,0.0,0.0,0.36107895,224.25473,250.41708,0.9763232,211.03,250.48337,0.97091293,229.04749,262.29428,0.8774503,205.86285,261.90692,0.8337712,227.84262,272.7831,0.827514,203.72272,272.43842,0.7806443,221.92825,273.45865,0.9862363,214.31041,273.39334,0.9848237,220.49965,292.98203,0.9736319,214.79645,292.72162,0.9707351,220.97162,311.15228,0.95461017,216.41351,310.78528,0.95102215
