0.0,0.0,0.22090362,0.0,0.0,0.088734694,0.0,0.0,0.07735762,280.99683,151.5702,0.61700755,308.39648,151.13155,0.57722193,264.24188,183.99841,0.9903431,319.68796,185.16682,0.9853795,248.50743,228.70847,0.97273165,332.8406,232.56497,0.9477035,242.04947,263.19867,0.9203626,326.30228,269.30505,0.8802155,271.06415,269.13156,0.99875236,307.62753,269.79117,0.99837863,269.06805,328.40552,0.9974668,299.53516,331.72647,0.9968784,267.4968,386.01855,0.9889419,294.01297,390.87363,0.9874973
574.3918,167.10793,0.9413727,579.4063,164.43924,0.8244054,570.3885,163.03716,0.9110894,583.59625,169.69905,0.5250403,561.66174,166.19876,0.7860026,585.98956,197.3631,0.9761085,547.3901,194.2457,0.9889031,594.4179,228.08795,0.86606604,535.2441,227.7673,0.94914746,583.60645,208.65482,0.7858965,550.0813,210.02934,0.89548814,570.7342,264.43707,0.99163634,548.7112,263.432,0.99413705,559.9665,327.54608,0.99052763,563.30994,329.05414,0.99381304,540.557,381.51556,0.97840905,571.6811,387.88892,0.98364455
483.36603,147.95535,0.9138885,484.56564,143.29239,0.539462,478.73938,143.107,0.9107778,0.0,0.0,0.22210318,463.27136,147.79427,0.8953754,482.3503,183.73595,0.96512425,444.4285,184.22095,0.99642295,488.01624,238.99387,0.8277441,431.95416,237.30847,0.99139905,495.2683,266.7988,0.7547134,433.95456,279.85986,0.97116244,481.29422,268.47275,0.99489486,454.28348,270.17514,0.9983736,487.49536,335.1421,0.9893356,448.22537,337.1845,0.9966175,489.98444,396.37592,0.96832085,438.0123,401.7946,0.9848141
0.0,0.0,0.24309084,0.0,0.0,0.22181419,0.0,0.0,0.091893114,652.2108,181.68286,0.75521135,0.0,0.0,0.38775638,648.2923,202.2167,0.97578627,676.74414,201.76585,0.9568847,640.80725,229.47655,0.8938646,686.1216,230.28899,0.7257389,636.2914,249.11949,0.72222614,681.47833,250.20409,0.5234953,651.8146,255.51675,0.9878857,670.2207,254.94551,0.9835265,649.72345,295.3833,0.98314095,666.17145,295.26163,0.9743965,653.21826,332.82,0.97060174,666.4262,331.9957,0.96019924
0.0,0.0,0.24187268,0.0,0.0,0.099530585,0.0,0.0,0.2269464,0.0,0.0,0.3956801,84.46642,210.94737,0.78698766,67.032,226.16077,0.9671234,88.40312,225.37021,0.9835792,61.88303,245.24742,0.76282054,95.1792,242.21837,0.91152817,61.355637,259.20316,0.55632985,95.600815,254.213,0.7445804,69.29558,260.1472,0.9851244,83.2795,259.82733,0.98959154,69.49447,285.86142,0.9680664,80.483894,285.5779,0.97621626,69.968124,309.28403,0.9441459,78.87647,309.7701,0.95406944
0.0,0.0,0.15761223,0.0,0.0,0.08065465,0.0,0.0,0.123261124,0.0,0.0,0.4683604,130.8939,212.95757,0.6671133,115.04385,226.35744,0.9699573,135.99341,226.436,0.98185915,109.27214,242.37878,0.818796,141.13857,243.77528,0.9021409,109.183586,254.80646,0.61330146,142.72768,258.30896,0.7248182,118.27524,259.47214,0.9902305,132.2883,259.58466,0.9923643,117.878296,284.9835,0.98065007,130.82794,285.05783,0.9832427,118.23442,309.5354,0.9660158,129.91785,309.76035,0.9688492
0.0,0.0,0.1163586,0.0,0.0,0.06731259,0.0,0.0,0.07298052,0.0,0.0,0.39804333,0.0,0.0,0.43411773,159.95064,223.80113,0.9457694,179.16415,223.75267,0.95792264,153.49435,242.62271,0.7893148,184.69905,242.27391,0.83497995,151.03346,257.83783,0.59962595,186.05182,257.57214,0.64550096,163.26277,257.3025,0.98496455,175.69443,257.4167,0.9867858,163.93655,282.72748,0.97266,175.32657,282.8896,0.97380775,164.02142,306.30515,0.95440257,172.53026,306.34915,0.95555687
0.0,0.0,0.09804685,0.0,0.0,0.059565328,0.0,0.0,0.052366074,794.68866,202.6793,0.52075887,0.0,0.0,0.49364406,785.9584,222.54369,0.9267563,817.7818,223.1325,0.9054174,774.54315,246.15775,0.643337,828.93243,247.76312,0.5552165,0.0,0.0,0.3640721,0.0,0.0,0.3021401,790.971,275.38135,0.9487776,812.22894,275.4784,0.9435393,784.7457,310.7045,0.9067997,810.6193,310.9185,0.89366543,792.1539,343.27686,0.8433163,818.41974,343.6713,0.82884777
370.9574,204.78572,0.8301249,373.01492,202.2311,0.68787575,368.54706,202.14268,0.77172244,0.0,0.0,0.40652716,363.46973,204.60835,0.59688956,380.3261,221.13368,0.95139253,357.8722,221.6508,0.966984,385.95462,239.28644,0.792691,357.1872,241.84001,0.87319756,380.36758,240.571,0.7439505,368.81097,244.43433,0.8156106,376.79236,261.23703,0.9730257,362.19293,261.72766,0.9781034,375.47284,295.82614,0.9635863,362.86523,296.25714,0.9689728,372.70645,327.81177,0.944297,362.52124,328.33228,0.95042676
347.3527,185.45978,0.8752767,349.0312,182.7308,0.7606081,343.95743,182.65092,0.82465357,350.8497,186.61168,0.5040538,336.3592,185.86336,0.6775263,355.7428,206.63498,0.9699873,330.32217,206.59811,0.97377,362.66855,229.00179,0.76320124,333.5682,231.28055,0.78808254,359.85547,237.30899,0.6550587,348.9351,239.10394,0.67023337,354.90283,256.74533,0.9663217,338.19922,257.08966,0.96909887,352.50693,299.44003,0.9048824,337.45062,299.9199,0.9085887,349.96957,339.32632,0.83530676,338.9372,340.1143,0.84014404
0.0,0.0,0.124243826,0.0,0.0,0.05339693,0.0,0.0,0.09077072,0.0,0.0,0.33712846,517.02783,185.56235,0.60813236,493.77423,201.83669,0.92345357,523.49286,200.87901,0.9325783,487.66272,225.41052,0.58249724,527.9983,222.00882,0.6712501,0.0,0.0,0.33691466,0.0,0.0,0.4005685,499.7386,248.44891,0.9560895,519.6906,248.1003,0.9603712,500.50613,289.01608,0.89447427,521.4353,288.69196,0.90464956,500.4427,325.10162,0.8067825,519.3582,325.2326,0.820517
0.0,0.0,0.4464223,0.0,0.0,0.2800895,0.0,0.0,0.3399808,0.0,0.0,0.3643062,0.0,0.0,0.49895126,721.439,221.3639,0.9059,725.2749,221.85132,0.9199311,722.6956,239.35835,0.59115136,728.9279,240.18256,0.66140324,0.0,0.0,0.4506074,728.207,247.68216,0.50185543,721.86115,256.4153,0.9171121,724.37,256.72946,0.9231485,719.12897,286.99866,0.86648244,720.81116,287.28134,0.87220865,722.0721,315.6127,0.7960204,721.3258,315.9548,0.80169356
0.0,0.0,0.33440632,0.0,0.0,0.28684825,0.0,0.0,0.21202877,0.0,0.0,0.48060238,0.0,0.0,0.2746774,607.78076,207.42357,0.89397,609.84827,207.14693,0.8634377,608.02655,220.74857,0.6598683,612.3493,220.14256,0.52875984,605.4601,227.86346,0.5212445,0.0,0.0,0.41418967,607.6818,234.25893,0.9125992,609.2475,234.03125,0.90098286,606.6753,257.23932,0.8610214,608.57794,256.85217,0.8402409,607.6075,277.54608,0.7704806,609.1138,277.20117,0.74734074
