0.0,0.0,0.24221963,0.0,0.0,0.051179342,0.0,0.0,0.19586365,0.0,0.0,0.329774,79.448746,153.51819,0.82335854,34.51865,188.6367,0.9629291,85.33945,188.8407,0.98810637,21.59474,242.77414,0.83329266,99.93975,236.71207,0.963343,32.230087,279.3576,0.69661266,112.752205,269.14252,0.8909447,45.835377,283.51373,0.99404645,79.474815,283.0268,0.99663025,59.479904,342.03226,0.9908262,87.16875,334.69962,0.9950081,56.120777,399.92377,0.9755765,74.67582,387.65753,0.9836251
0.0,0.0,0.08823682,0.0,0.0,0.04725768,0.0,0.0,0.05448981,243.67743,201.68687,0.7081603,262.85312,201.7895,0.7733639,230.92787,223.45451,0.98992014,273.71695,223.61095,0.9935042,215.95847,253.27519,0.9261534,288.14612,253.04521,0.949058,214.46275,273.94305,0.7284565,288.23807,271.81384,0.76812255,239.76808,283.448,0.9961267,267.3285,283.91647,0.99687344,242.28981,326.4137,0.98351306,270.6247,327.0922,0.9844562,243.83444,368.61392,0.94958144,268.63626,369.51865,0.9514431
0.0,0.0,0.12217025,0.0,0.0,0.08467706,0.0,0.0,0.061877355,525.2094,192.3891,0.7612701,543.7291,192.59984,0.6656907,513.9082,216.15276,0.98695207,553.2402,215.62766,0.98663217,504.12952,247.68492,0.8981409,563.33765,242.05122,0.8636978,507.47244,268.57,0.66618586,558.09674,254.5734,0.5897689,519.26605,271.5599,0.99477154,545.53815,271.89188,0.99452543,518.60864,314.4329,0.9878641,545.5724,315.41647,0.9850671,516.05756,355.96588,0.9710202,541.9036,357.0805,0.965915
0.0,0.0,0.083051555,0.0,0.0,0.04888298,0.0,0.0,0.051825255,0.0,0.0,0.40735605,0.0,0.0,0.4197893,147.64581,221.14133,0.9082351,170.91142,222.85724,0.8978917,139.04622,241.47502,0.589531,170.23767,243.67108,0.5307067,0.0,0.0,0.3405149,0.0,0.0,0.2917942,149.47537,264.09946,0.96657056,165.61064,265.30893,0.9622423,144.2023,297.2228,0.95929646,164.15424,298.69058,0.9492174,142.5053,330.67093,0.9445866,162.85759,332.33542,0.934038
0.0,0.0,0.037874196,0.0,0.0,0.018724734,0.0,0.0,0.027363835,0.0,0.0,0.37076944,337.5547,189.53969,0.5844419,309.83893,212.60355,0.9467256,347.3782,211.21075,0.9640311,296.47583,240.27206,0.78257173,360.9171,239.65724,0.8712196,300.4778,244.12387,0.50075233,360.20377,245.60182,0.61836267,321.24872,272.9167,0.9902947,344.39883,272.6114,0.9921749,330.86075,319.48492,0.9828409,342.9957,319.2329,0.98523444,333.13373,367.99994,0.9575843,334.32953,367.3887,0.96166915
0.0,0.0,0.09489119,0.0,0.0,0.05473509,0.0,0.0,0.055668212,0.0,0.0,0.422208,0.0,0.0,0.47896048,668.19366,214.0761,0.94276583,694.93665,212.59128,0.9533394,664.3878,235.80646,0.748691,701.67035,233.87416,0.8032858,667.7485,254.23834,0.501352,701.61707,252.26648,0.562001,675.44617,254.9004,0.97700673,693.46625,254.31712,0.98055446,675.9393,289.4121,0.94223964,693.6617,288.88074,0.948279,679.43036,321.42435,0.89054394,696.61383,320.63394,0.8988523
0.0,0.0,0.11806291,0.0,0.0,0.09379505,0.0,0.0,0.05917965,646.1086,211.04105,0.61714303,0.0,0.0,0.45150387,639.6795,228.00993,0.9604982,665.0604,228.26018,0.9538186,633.1351,248.04645,0.80001605,670.16565,250.07642,0.7318071,632.10693,263.18655,0.5534935,0.0,0.0,0.48315495,642.2083,267.7595,0.9842487,658.47766,267.9995,0.9830715,643.194,298.82404,0.97726864,655.9175,299.56073,0.97311825,645.863,330.61185,0.96329767,655.16235,330.98795,0.95809495
413.27274,208.52937,0.698744,415.262,206.09825,0.62202847,412.24356,206.12347,0.5426654,419.6607,207.9706,0.5027908,0.0,0.0,0.35387754,425.10687,222.57664,0.935819,406.917,222.74458,0.92410076,429.6778,239.99635,0.7793104,399.6071,240.77551,0.7052985,427.17416,255.05904,0.7013066,399.90793,257.36154,0.63454044,421.42734,257.9442,0.9602958,410.25632,257.93878,0.95611674,420.28503,284.60043,0.9516967,409.22876,284.57382,0.9424016,421.14853,310.05984,0.9401913,411.6016,309.55597,0.9314554
202.9176,200.85857,0.5921988,0.0,0.0,0.4637045,0.0,0.0,0.4453246,0.0,0.0,0.38696975,0.0,0.0,0.3472055,211.32915,217.04704,0.9296098,187.35168,216.90611,0.9091272,213.61871,239.45258,0.72773397,182.36491,240.21689,0.6090579,208.97072,250.91278,0.6203081,196.22333,251.11957,0.5077624,202.85316,260.7196,0.960452,187.35387,260.7687,0.95283425,202.08356,295.48798,0.93619514,189.08049,295.6622,0.92176527,195.31299,327.44522,0.8977022,188.53711,327.6007,0.883045
0.0,0.0,0.31783724,0.0,0.0,0.2472782,0.0,0.0,0.1717031,446.95288,215.30925,0.6002912,0.0,0.0,0.42494568,445.6427,230.4677,0.9454326,461.49832,230.11285,0.92752206,442.56494,248.78052,0.7494535,471.7827,249.17297,0.6441113,442.699,259.50043,0.562432,0.0,0.0,0.47155288,451.2982,268.22665,0.96591705,461.88763,268.06122,0.96059936,448.7588,295.6031,0.95711285,461.72568,295.49658,0.9475921,448.93588,322.95337,0.94666857,461.11832,321.91495,0.9381911
0.0,0.0,0.22606324,0.0,0.0,0.15271832,0.0,0.0,0.1275308,502.4705,185.17729,0.53950274,0.0,0.0,0.45891377,494.324,204.88167,0.9351275,516.9952,206.3304,0.91640836,487.15887,234.16675,0.6588349,518.18286,234.07028,0.54575896,0.0,0.0,0.40908313,0.0,0.0,0.3126656,495.17645,259.28488,0.9420204,510.16937,260.1935,0.9320834,495.39484,301.64484,0.8765637,510.746,302.85446,0.85069764,495.04074,339.67236,0.78347045,508.2364,341.3207,0.756311
0.0,0.0,0.09016353,0.0,0.0,0.08375711,0.0,0.0,0.04902856,0.0,0.0,0.14436798,0.0,0.0,0.06384678,0.0,0.0,0.23143317,0.0,0.0,0.1738529,0.0,0.0,0.20776367,0.0,0.0,0.11564777,0.0,0.0,0.20108858,0.0,0.0,0.12506925,0.0,0.0,0.27585366,0.0,0.0,0.24981575,0.0,0.0,0.3027729,0.0,0.0,0.26732004,0.0,0.0,0.28110436,0.0,0.0,0.25905105
