604.2035,185.95764,0.9471267,607.6074,182.99222,0.9170429,601.4062,182.76443,0.8889407,612.4178,185.631,0.7712391,596.78467,185.18542,0.64382565,619.17645,205.05536,0.99344784,589.67474,206.19418,0.99375474,626.9093,227.08623,0.9577949,584.7918,232.46825,0.94160664,619.9718,241.53893,0.9246128,583.8079,254.98167,0.8963164,612.7423,253.63985,0.9936207,593.841,253.93384,0.99367803,611.4009,290.53836,0.98010296,593.2962,290.58936,0.9771616,610.15717,326.09723,0.94939506,596.256,325.99234,0.9438424
0.0,0.0,0.15776956,0.0,0.0,0.110550694,0.0,0.0,0.056794126,231.96017,178.28589,0.5188431,0.0,0.0,0.23857304,223.55832,201.43861,0.9429883,258.11044,201.08382,0.8816925,211.34335,236.20334,0.8822698,260.704,233.45308,0.7046979,207.95726,261.6225,0.75686353,252.17752,252.10832,0.5811341,225.05034,259.1259,0.98833036,249.91881,259.5461,0.98234487,223.8701,313.98834,0.9868614,257.29407,318.24106,0.9815911,217.72662,358.4717,0.97134835,259.45673,365.7164,0.9650574
363.1994,203.76656,0.76707804,0.0,0.0,0.46616912,360.28314,201.27715,0.74385786,0.0,0.0,0.25711396,354.3905,202.56422,0.7607932,360.16702,216.26402,0.9507404,351.6859,217.2629,0.9801752,362.79156,233.69063,0.7251089,351.38724,236.08789,0.92637885,366.51868,232.00824,0.6590508,356.52097,234.16692,0.8611535,359.56415,259.13675,0.98224145,354.4505,259.99316,0.9895006,361.2486,298.4432,0.9782487,356.49234,299.31815,0.98691165,361.5125,335.4219,0.96671057,354.80185,337.2396,0.97700614
472.29004,207.16832,0.89846075,474.74316,204.66182,0.82407516,470.17264,204.81914,0.8260816,478.5448,206.43657,0.6378869,466.89856,206.69359,0.6346862,484.5287,221.29424,0.9856381,460.77264,222.03227,0.9890454,490.1787,237.922,0.90740806,454.0661,238.54636,0.9256293,485.3908,242.09142,0.85680985,460.2711,241.67888,0.873385,481.16678,258.75714,0.9889136,465.59198,259.22607,0.9905398,482.2412,287.4313,0.976768,464.2581,287.7228,0.9782211,481.62155,314.58224,0.951382,464.33292,314.6029,0.9531387
315.86124,214.05127,0.7577431,317.49274,211.89058,0.66083854,314.2057,211.7435,0.7149393,0.0,0.0,0.41925737,311.0433,212.36942,0.5436981,323.44073,223.2519,0.9785363,305.3247,222.7811,0.9797626,328.90228,232.78412,0.8699835,299.6443,232.3103,0.90104973,325.52448,228.01013,0.8319289,305.05518,227.9808,0.8625138,317.35605,253.73962,0.9924561,306.23254,253.594,0.99280256,315.88812,279.02298,0.98459667,306.49063,278.7247,0.9857072,312.3875,303.0274,0.9684917,305.51166,303.2351,0.9705101
0.0,0.0,0.18295652,0.0,0.0,0.10157951,0.0,0.0,0.15416811,0.0,0.0,0.49327564,198.32573,214.81038,0.66473114,183.21819,226.03824,0.97841585,202.80243,226.63023,0.98281753,177.38518,241.46837,0.7714378,209.78008,241.81631,0.85957104,179.31082,254.65033,0.53433794,211.27223,254.82997,0.6388676,186.05022,254.43433,0.9868671,198.15375,254.70769,0.9884039,187.29968,276.81906,0.9660767,197.0729,276.58087,0.9713093,186.67989,298.15692,0.9437928,195.4124,298.54565,0.9509412
0.0,0.0,0.23229825,0.0,0.0,0.13819131,0.0,0.0,0.27601996,0.0,0.0,0.070364006,0.0,0.0,0.2763204,0.0,0.0,0.15555197,0.0,0.0,0.44041467,0.0,0.0,0.067219704,0.0,0.0,0.41784015,0.0,0.0,0.098354615,0.0,0.0,0.37578136,0.0,0.0,0.1975091,0.0,0.0,0.36684802,0.0,0.0,0.26985422,0.0,0.0,0.46106198,0.0,0.0,0.3909737,844.8395,331.1492,0.5492619
282.59662,218.38953,0.83186483,284.05972,216.45586,0.73890734,280.90466,216.3836,0.8030386,0.0,0.0,0.47914687,277.93585,217.1889,0.66873395,289.27417,227.952,0.98089236,273.03635,227.80156,0.98404986,295.32376,239.51521,0.8422328,266.52393,239.57709,0.9036236,297.71027,251.51726,0.78009695,265.6277,252.00276,0.845549,285.7218,253.23692,0.98209953,276.35568,253.23784,0.9837249,284.06628,272.53714,0.95180297,276.7887,272.35223,0.95833707,281.93063,290.0092,0.9119087,276.41058,290.08118,0.92173934
140.64603,218.64381,0.6041033,0.0,0.0,0.43576622,139.23369,216.95499,0.5797397,0.0,0.0,0.3383643,136.83339,217.87961,0.6191594,139.79941,227.5294,0.961204,135.08144,227.52608,0.9691423,142.59932,238.55965,0.79140544,136.6161,239.20522,0.88177735,145.04132,244.43883,0.7121145,142.09027,244.67732,0.80695236,138.37367,251.99036,0.96902263,135.98404,252.17365,0.9732169,139.85349,268.9099,0.913204,138.27588,268.85056,0.928061,137.81403,282.4012,0.837248,135.98212,282.88742,0.858498
413.40167,226.96059,0.8342125,415.18463,225.04736,0.8147262,412.06232,225.08315,0.7294664,418.85513,225.78268,0.67392695,0.0,0.0,0.43064633,423.18222,235.19574,0.97873485,409.20206,235.45035,0.9698287,427.1951,245.87076,0.8892788,406.03027,245.94171,0.8119405,424.15085,253.08044,0.84542,406.449,252.69566,0.7718803,420.86957,258.38882,0.9792534,412.3135,258.38745,0.975737,419.61978,276.3555,0.95417994,412.45947,276.21698,0.94522464,420.1258,293.11783,0.9170663,414.16223,292.89835,0.9052775
