0.0,0.0,0.12245431,0.0,0.0,0.09893806,0.0,0.0,0.05164611,593.4233,217.0672,0.6906338,0.0,0.0,0.41689393,588.8216,237.20856,0.966822,618.4392,236.27745,0.9581059,580.9363,263.03952,0.86782515,626.15765,260.8213,0.7862116,578.3067,285.23013,0.6719842,624.3099,283.77036,0.5631261,592.6888,284.24487,0.9888159,611.9966,283.713,0.9868574,592.4087,318.56567,0.98179203,612.0562,318.31677,0.9758649,591.5356,354.59464,0.96696603,609.37885,353.4096,0.95935416
0.0,0.0,0.0890507,0.0,0.0,0.04661343,0.0,0.0,0.051817484,0.0,0.0,0.43409914,403.32803,190.29144,0.5457003,379.01898,214.55469,0.96293044,411.74948,214.28418,0.97365564,371.6289,246.01318,0.8528649,420.00443,248.49088,0.90054834,369.07962,271.09366,0.65505135,421.1578,274.76767,0.7274131,384.69757,270.82263,0.9902166,405.54593,270.44437,0.9922654,386.4565,314.20135,0.98008245,400.75513,313.97418,0.98295,392.9978,352.6749,0.9536645,402.7109,352.84586,0.9586176
0.0,0.0,0.08900203,0.0,0.0,0.08932142,0.0,0.0,0.022795316,769.1378,184.61884,0.8924365,790.7865,182.1952,0.5146181,761.49536,212.67166,0.9901384,805.257,209.13034,0.9806573,752.7229,251.44907,0.9192181,814.74664,246.71309,0.73472106,758.3064,274.62112,0.64124537,0.0,0.0,0.37899333,772.95447,283.54745,0.9948242,803.28894,282.32767,0.9926198,766.5402,336.4011,0.9857227,806.2156,336.07983,0.97566867,767.0892,389.37305,0.95959383,811.65607,387.1226,0.9407198
0.0,0.0,0.11194466,0.0,0.0,0.06307203,0.0,0.0,0.06766293,316.891,203.85753,0.65440345,333.55225,202.94434,0.73248583,307.86044,224.50432,0.9878709,344.16882,222.75253,0.9923219,299.6283,254.2362,0.917022,354.82016,251.85147,0.9465004,299.1691,280.81393,0.727564,353.20212,278.17035,0.78568363,315.5443,272.45178,0.9965855,339.29068,271.67603,0.9973768,313.8015,315.24554,0.99084306,335.55646,314.6677,0.9919081,310.34576,358.8576,0.9762308,330.29935,358.4484,0.9782364
0.0,0.0,0.12877934,0.0,0.0,0.11475014,0.0,0.0,0.051170122,536.9146,193.94418,0.7885228,553.14307,193.6575,0.5154144,528.97424,216.19048,0.9840614,562.2976,216.34166,0.9762732,522.43066,243.86388,0.9007102,567.5375,245.32796,0.7853131,522.50806,263.2466,0.6701078,560.7643,264.2659,0.5033463,530.7255,268.7388,0.9924119,552.8841,268.7865,0.99063206,529.1926,310.54562,0.9836341,550.02936,311.33206,0.97671163,530.50214,352.28604,0.962629,549.87695,352.77917,0.9513925
0.0,0.0,0.069008745,0.0,0.0,0.0376916,0.0,0.0,0.05116896,0.0,0.0,0.40929502,476.7353,230.01878,0.5534868,457.20508,245.11977,0.9532551,483.181,245.57628,0.9707422,450.5699,264.37015,0.7941194,490.36905,266.99182,0.8846905,450.54367,281.28473,0.55703914,491.85455,287.28287,0.6745905,461.2445,281.69705,0.98719656,477.73184,282.07928,0.98985577,463.86578,310.58524,0.9723352,476.8098,311.04916,0.97606736,463.59885,337.16745,0.9479841,472.3649,337.67725,0.9526222
0.0,0.0,0.07256273,0.0,0.0,0.047465373,0.0,0.0,0.04181509,0.0,0.0,0.37469354,0.0,0.0,0.35432178,429.4991,230.70226,0.9268361,450.89145,230.01434,0.93056965,426.3065,247.98842,0.7888092,454.51062,248.48424,0.796091,425.09778,263.14948,0.5934683,456.11322,265.0731,0.6037772,432.7179,265.11017,0.9801292,446.404,264.78812,0.9809567,434.59436,293.15277,0.96389425,444.08798,293.0453,0.96325034,435.44586,319.45947,0.9352651,440.7649,319.125,0.93440795
0.0,0.0,0.07104452,0.0,0.0,0.051966794,0.0,0.0,0.051341604,0.0,0.0,0.0924786,0.0,0.0,0.10758663,0.0,0.0,0.20750038,0.0,0.0,0.27613238,0.0,0.0,0.13360304,0.0,0.0,0.18764772,0.0,0.0,0.12532955,0.0,0.0,0.15776505,0.0,0.0,0.32028952,0.0,0.0,0.37413585,0.0,0.0,0.32581943,0.0,0.0,0.36127102,0.0,0.0,0.30992973,0.0,0.0,0.3397471
0.0,0.0,0.19463849,0.0,0.0,0.1354592,0.0,0.0,0.11029903,638.89966,230.03555,0.55679643,648.45905,229.57744,0.50563115,634.43823,243.1694,0.96683335,654.59595,242.06244,0.96776116,630.50336,259.65094,0.8428042,659.2698,257.28964,0.8345115,629.8875,272.13214,0.6594102,656.8745,267.74304,0.6510216,639.2332,273.72327,0.9843465,652.3346,273.34235,0.9850332,641.3384,299.04068,0.96948427,650.0895,298.86542,0.9686478,644.0979,323.71072,0.9436742,650.57794,323.2198,0.94224113
215.19304,243.3237,0.749137,216.53851,241.70215,0.69135314,214.43431,241.62779,0.60332984,219.60397,242.00743,0.57682675,0.0,0.0,0.37413836,224.04329,250.65923,0.9800135,210.88953,250.48589,0.97484356,229.43654,262.65787,0.88922083,205.83325,261.90326,0.8456881,229.25687,274.08194,0.841367,203.42964,273.27582,0.79403377,221.55911,273.60342,0.9883958,213.9771,273.41675,0.9870744,220.07817,292.8344,0.9775171,214.35716,292.49652,0.97483975,220.31802,310.9081,0.9616941,215.8317,310.48096,0.9584433
39.438484,237.09435,0.666576,40.81517,234.97742,0.6227777,38.292294,234.88155,0.5113055,43.19496,235.91545,0.53197426,0.0,0.0,0.28158763,47.27002,248.4987,0.9433877,35.28841,248.6593,0.90374565,53.565372,264.95392,0.77972615,35.90725,265.309,0.5959945,52.59076,277.90677,0.6968414,36.31718,277.43738,0.5412672,42.384464,281.07608,0.94372773,35.367416,280.9137,0.9275925,40.69899,306.27893,0.8905903,35.545406,306.04968,0.8625239,40.516396,329.17883,0.81865615,36.26216,329.26138,0.7869678
