641.6814,160.14359,0.96456414,645.4434,156.44585,0.92875665,637.8183,155.98224,0.93331134,650.0702,160.98906,0.69940764,629.9017,159.50734,0.72094977,656.3411,189.28328,0.99398106,617.82385,188.06194,0.99615854,664.375,222.44348,0.9717844,604.06024,220.98747,0.9789219,669.4303,253.07185,0.95472574,598.72943,254.14316,0.9604519,646.9036,254.55325,0.99631256,623.59406,254.27943,0.99706763,639.5208,304.55014,0.9872952,626.20087,304.4769,0.9878826,633.48267,350.64514,0.95174176,628.1162,350.7915,0.95281076
0.0,0.0,0.12769298,0.0,0.0,0.08881215,0.0,0.0,0.03401296,459.33417,113.72794,0.81612825,0.0,0.0,0.43511003,443.8355,171.0505,0.96108305,531.2625,165.19635,0.93331033,411.79593,238.94432,0.84079486,545.52045,246.57086,0.71632093,423.66455,238.30406,0.6066893,0.0,0.0,0.46912143,454.7134,323.8488,0.9616807,508.8412,320.35986,0.9542705,463.33002,441.00296,0.7370892,490.51505,433.59305,0.7153602,0.0,0.0,0.25407943,0.0,0.0,0.24636523
0.0,0.0,0.25260243,0.0,0.0,0.08946103,0.0,0.0,0.25590965,0.0,0.0,0.38118425,174.05475,192.83635,0.8529246,152.25452,210.7958,0.9684522,179.73799,210.78621,0.9887988,142.89172,233.1844,0.67306465,189.00035,231.17952,0.9171568,0.0,0.0,0.4384258,186.29053,242.5157,0.72542644,157.24019,257.43124,0.98954964,174.88815,257.62167,0.9939126,159.56946,294.65543,0.98266095,172.96907,294.7228,0.98917586,162.2412,333.10995,0.9711764,170.85489,333.96796,0.9791982
362.00854,203.9309,0.88450235,364.46844,201.37581,0.80175126,359.61,201.52092,0.7955152,368.22504,203.75676,0.6214686,356.10632,203.9713,0.6032145,373.9608,218.93922,0.98277766,351.37228,220.4539,0.9836859,380.83893,235.63535,0.8914041,348.50412,239.71664,0.8857631,377.72836,239.3017,0.8344981,358.61703,244.0057,0.82280755,372.27332,256.9542,0.9852246,358.17883,257.8404,0.9859013,369.48505,288.81552,0.97090954,360.85202,289.56927,0.9702287,365.76245,319.19852,0.93791145,363.24985,319.74368,0.9366661
338.89987,204.30617,0.88656414,340.55338,202.34143,0.7781217,337.0322,202.4045,0.8415439,342.39487,203.99355,0.5312671,333.0312,203.88954,0.70748824,344.6644,216.97627,0.9741397,326.84946,217.07639,0.98774636,343.84546,230.06895,0.8319774,319.63998,230.30257,0.92973363,339.2946,229.34854,0.7810327,325.90378,229.55098,0.87672967,342.52945,252.03748,0.9776619,331.3122,252.29727,0.98511904,341.0478,281.36816,0.95475495,331.9759,281.44034,0.9666885,339.04028,309.4559,0.9155253,331.30334,309.4231,0.93222415
0.0,0.0,0.14332213,0.0,0.0,0.08968283,0.0,0.0,0.12285074,0.0,0.0,0.45276284,206.02094,220.71977,0.5725021,190.88396,230.42578,0.9575757,210.45395,230.7525,0.9650976,185.90543,243.84787,0.7170975,215.4351,243.5907,0.8058717,187.15178,255.78639,0.5050797,215.06827,255.72934,0.59412277,194.01059,254.6216,0.97868425,207.15297,254.66014,0.98123264,195.04286,273.83893,0.9591064,207.31757,273.62454,0.96470356,194.8875,291.79907,0.9413028,206.33865,291.63437,0.947706
298.65347,213.70421,0.85332674,299.9027,211.71701,0.7357914,296.51187,211.51363,0.874106,0.0,0.0,0.36892378,291.7004,212.27032,0.80094475,302.1806,225.1243,0.983526,283.55118,224.32655,0.989284,307.44553,238.75562,0.8458215,274.9588,238.28918,0.94300836,310.8147,250.43057,0.78926146,275.8677,251.20668,0.89845955,296.39377,254.59712,0.98791236,285.5491,254.5681,0.99036926,295.0241,276.99506,0.96562,285.66327,276.8811,0.9742187,290.12003,297.17957,0.9365342,282.95752,297.71448,0.9495164
0.0,0.0,0.1394311,0.0,0.0,0.08361566,0.0,0.0,0.15132439,0.0,0.0,0.06714243,0.0,0.0,0.20580988,0.0,0.0,0.16414203,0.0,0.0,0.39262855,0.0,0.0,0.08239447,0.0,0.0,0.36888427,0.0,0.0,0.11049195,0.0,0.0,0.33231816,0.0,0.0,0.26299852,0.0,0.0,0.4208985,0.0,0.0,0.34159693,846.20593,295.68005,0.50928074,0.0,0.0,0.43825457,845.8822,328.08475,0.57038945
731.9564,206.96829,0.5855291,733.6696,204.19879,0.57065487,0.0,0.0,0.3152843,737.941,206.52528,0.84538597,0.0,0.0,0.46880117,735.3867,223.42194,0.982402,748.7842,220.82803,0.97128975,733.1428,242.16946,0.8935015,762.108,232.34094,0.734735,731.84906,249.69263,0.77032954,764.6035,231.71303,0.5736334,738.6585,258.81485,0.9679454,747.01544,257.81738,0.95858765,734.1407,282.5058,0.9138584,745.5779,282.09415,0.8762439,735.9619,304.70972,0.8411168,745.4999,303.20145,0.7957136
0.0,0.0,0.11967595,0.0,0.0,0.084457465,0.0,0.0,0.10835227,0.0,0.0,0.079472676,0.0,0.0,0.11713506,0.0,0.0,0.21838172,0.0,0.0,0.25981683,0.0,0.0,0.13709712,0.0,0.0,0.20749205,0.0,0.0,0.14064543,0.0,0.0,0.1930146,0.0,0.0,0.36004135,0.0,0.0,0.38515,0.0,0.0,0.41810143,0.0,0.0,0.44863698,0.0,0.0,0.42912,0.0,0.0,0.4531889
