0.0,0.0,0.32351157,0.0,0.0,0.08106979,0.0,0.0,0.24985322,0.0,0.0,0.3192465,187.9066,152.7347,0.80702734,144.29482,179.31012,0.9653234,190.72021,185.17998,0.9880222,132.38489,228.8793,0.85782176,199.63493,232.85292,0.95900923,129.08727,266.8355,0.74108726,196.32074,252.00285,0.88872373,147.08705,269.64462,0.99553066,178.75624,272.5904,0.9971528,147.20818,334.4515,0.9947242,183.64865,340.3362,0.99668235,138.79085,397.70236,0.98528856,180.16554,404.32092,0.9889755
0.0,0.0,0.11250642,0.0,0.0,0.048365798,0.0,0.0,0.09600307,0.0,0.0,0.49127448,384.0741,212.1964,0.77871424,356.6581,232.73624,0.9790729,392.49304,232.4044,0.98841757,350.31656,258.4076,0.84112394,407.81958,257.22318,0.927563,354.46365,274.45837,0.5978258,408.82108,272.48215,0.7317697,364.68295,281.57764,0.9930114,386.7488,281.6697,0.99479395,370.24435,317.80252,0.98277044,381.10846,317.82385,0.985908,375.3581,352.69714,0.96179855,376.24823,353.27386,0.96619105
0.0,0.0,0.1609845,0.0,0.0,0.04738707,0.0,0.0,0.15911885,0.0,0.0,0.4121548,635.5208,200.93321,0.8758728,607.7906,220.50447,0.9794399,639.81256,221.27724,0.99423695,598.80005,247.8538,0.80715287,648.64233,246.37349,0.96737516,602.8653,270.74142,0.58762944,650.9529,266.87967,0.8494177,614.8585,270.6767,0.99567705,636.98773,271.5581,0.9977574,610.941,310.23898,0.99017453,639.4049,310.76175,0.9941964,608.1492,347.76517,0.978634,641.31476,349.26175,0.9852777
557.2118,200.36642,0.9431291,560.20746,197.52806,0.902122,554.8946,197.65982,0.89494467,565.6573,199.68178,0.7045511,551.72076,199.99553,0.6930237,573.1158,217.67032,0.991058,544.4368,218.84308,0.9936212,581.258,238.57323,0.9353524,539.6968,240.1445,0.94444174,582.84393,257.16467,0.88691175,538.40717,252.49838,0.892242,568.4819,260.40067,0.99041104,550.12585,261.06885,0.99184656,570.26855,292.91605,0.96629804,549.3873,293.48233,0.96817845,571.7906,322.2947,0.9202424,550.97943,322.86612,0.9244975
0.0,0.0,0.18106467,0.0,0.0,0.030514745,0.0,0.0,0.23064809,0.0,0.0,0.19441628,503.69293,192.35495,0.9324475,474.15326,213.82666,0.96077883,508.61057,215.23463,0.9925333,470.41006,232.88524,0.5874058,518.8545,234.63344,0.96309936,0.0,0.0,0.36699677,516.5518,222.1789,0.82815754,480.74738,278.68195,0.99117154,506.79495,279.47842,0.99653924,474.75766,322.93356,0.98035824,513.5074,322.8144,0.9920007,471.1451,363.27643,0.95514774,520.7262,364.35034,0.97634196
263.43362,210.98929,0.8842399,266.53574,207.93872,0.88701975,261.94333,207.98064,0.6981791,274.633,208.71863,0.8162267,0.0,0.0,0.30341145,283.5332,224.8394,0.9827355,260.16605,226.70537,0.96427464,290.10602,241.78227,0.9248795,252.68051,249.35107,0.7055192,277.10355,243.7512,0.87659943,251.61899,264.9269,0.6529188,278.97324,271.6787,0.98324955,263.71234,271.59772,0.9744485,279.28558,307.91492,0.9725716,261.14185,307.48102,0.9508957,279.84344,344.5135,0.95229244,261.36145,343.0609,0.92682993
0.0,0.0,0.2319602,0.0,0.0,0.13883287,0.0,0.0,0.122871265,429.3432,200.75711,0.6528381,443.8185,198.52077,0.67346835,422.92078,222.32095,0.97329223,454.10706,218.24594,0.9750294,415.55804,246.4953,0.75579894,463.0652,238.3,0.77262115,0.0,0.0,0.4806958,462.43713,239.69403,0.5019231,436.52002,270.5025,0.98596466,458.2331,269.09552,0.9872887,434.66577,306.65268,0.9783157,462.4364,305.48666,0.9789773,433.4405,344.1866,0.96306133,465.40982,341.98804,0.96398586
0.0,0.0,0.08660431,0.0,0.0,0.054142185,0.0,0.0,0.05502403,691.5985,206.48079,0.5234826,703.3143,206.05077,0.5587395,685.14075,219.93692,0.96983945,709.9537,219.74934,0.9781311,676.1981,235.80067,0.8651666,717.1474,237.15623,0.901859,674.70105,247.17223,0.67111397,718.1853,250.15288,0.7251692,690.4487,253.27171,0.9914014,706.38477,253.37929,0.9927846,692.127,277.85114,0.9821523,706.0488,278.13943,0.9832756,693.27435,302.54462,0.96601605,705.0304,302.54642,0.96719867
0.0,0.0,0.22126333,0.0,0.0,0.20652486,0.0,0.0,0.091680534,216.00041,213.32962,0.59368235,0.0,0.0,0.24885768,213.8822,227.12457,0.91246676,230.53424,226.45079,0.8339959,209.01143,246.67262,0.6981317,0.0,0.0,0.40802592,0.0,0.0,0.47184926,0.0,0.0,0.27051952,217.51624,263.75195,0.8902696,228.17978,263.24823,0.84946847,215.67984,287.16653,0.7990904,223.48004,286.9368,0.72363216,222.60347,314.8968,0.6975401,225.86456,313.7392,0.629374
0.0,0.0,0.45018265,0.0,0.0,0.31104365,0.0,0.0,0.41159138,0.0,0.0,0.33364484,814.1223,226.38072,0.5168257,811.88965,234.70973,0.9304852,812.7486,234.89134,0.94353455,812.21014,245.13745,0.69937086,812.1212,245.26782,0.7998203,811.9376,248.40808,0.6155722,814.57196,248.88654,0.7074979,810.06134,257.21045,0.96229595,811.1708,257.3439,0.9666217,809.90857,275.63367,0.9447476,811.2877,275.46793,0.95196736,808.52277,292.71616,0.9215514,809.52057,293.0467,0.92960596
