0.0,0.0,0.17191544,0.0,0.0,0.10177421,0.0,0.0,0.02760473,453.92554,95.97918,0.7949001,0.0,0.0,0.36001423,445.0295,146.80603,0.98783046,524.0214,140.77411,0.98027223,429.04425,225.75987,0.96354806,555.57355,219.79964,0.91441816,422.49835,289.8947,0.880513,549.89374,284.43262,0.79885113,459.1874,286.52847,0.9935713,515.4124,284.4194,0.99138063,442.0264,393.88016,0.95821095,521.2591,389.26108,0.9476499,453.73944,475.43808,0.6742166,548.7868,466.48938,0.6527324
0.0,0.0,0.13035028,0.0,0.0,0.06626507,0.0,0.0,0.0740222,0.0,0.0,0.38074875,0.0,0.0,0.46616134,170.92543,218.44891,0.9598584,195.0094,218.81093,0.9663706,160.52689,237.12741,0.84235775,201.81544,241.12798,0.86994576,161.42223,252.67358,0.6747833,207.09596,259.4213,0.7100173,173.75337,259.0793,0.9882201,188.53868,259.02017,0.9898981,176.9806,288.7406,0.97256154,186.3916,288.77112,0.97522914,178.90681,316.25,0.9456867,183.3446,316.6507,0.94995165
337.773,172.08398,0.95138437,341.0432,168.73987,0.8116421,333.49115,168.76225,0.92141426,343.75192,172.4394,0.50543815,324.9356,172.54076,0.83255965,349.1087,198.40837,0.97826254,315.87793,200.02448,0.99494815,359.14902,229.20503,0.9019233,304.9106,234.23524,0.9833967,363.1956,261.03687,0.87461835,304.87866,266.36917,0.96638083,344.65228,260.52454,0.9912238,324.56638,261.28027,0.99557436,337.54297,311.90186,0.9821279,328.00406,313.83295,0.99128705,327.20322,357.086,0.9506035,326.85944,361.71707,0.9691955
0.0,0.0,0.1103058,0.0,0.0,0.0884911,0.0,0.0,0.0394859,587.41547,175.37573,0.7270331,0.0,0.0,0.4255808,580.66766,198.95355,0.97777987,615.7532,198.82263,0.95916194,573.3176,229.30794,0.8979312,624.8897,231.95294,0.7231694,568.4691,258.94156,0.69692034,0.0,0.0,0.47747633,584.662,257.90967,0.99297994,608.6504,257.55835,0.99023706,577.4946,297.457,0.99020326,608.5491,297.53043,0.9843237,583.4883,335.30038,0.9836268,618.3943,335.08063,0.97675544
0.0,0.0,0.23196028,0.0,0.0,0.18930383,0.0,0.0,0.09322536,738.3232,171.37453,0.6340485,0.0,0.0,0.26215512,731.3826,193.82599,0.91756433,779.3461,191.56004,0.8530267,720.4802,230.98642,0.75838536,799.4391,228.37761,0.5992375,724.43726,255.82146,0.5684975,0.0,0.0,0.4431033,746.57874,253.34558,0.95748603,781.2301,252.307,0.9473532,735.6393,314.1515,0.9561517,787.9274,314.0818,0.9508651,734.9258,361.29132,0.92173046,804.182,365.22763,0.9195933
0.0,0.0,0.2681025,0.0,0.0,0.10204861,0.0,0.0,0.25752273,0.0,0.0,0.43697712,85.93637,200.16153,0.8492194,65.731926,218.61668,0.9761596,90.86679,217.33981,0.9892385,60.44111,241.46722,0.758912,98.298454,237.68504,0.91877997,60.68638,260.2068,0.52128255,99.75883,254.0741,0.73073614,71.159,258.33603,0.9879189,87.7364,257.98386,0.99192977,72.31277,288.35168,0.9723965,86.04503,287.9311,0.98019505,73.44183,316.85898,0.94836575,84.81553,317.1998,0.95860845
0.0,0.0,0.096425794,0.0,0.0,0.048405074,0.0,0.0,0.070026755,0.0,0.0,0.42192098,134.23703,203.70676,0.5919329,114.822815,218.82365,0.9627747,140.46121,219.32167,0.97679126,107.48746,237.70305,0.8105716,145.54616,240.95804,0.8928143,109.13011,248.81924,0.59422594,146.47191,256.76813,0.70103633,118.28427,259.07864,0.9911823,135.18416,259.19342,0.99300545,116.95176,288.84564,0.9838161,131.20053,288.90207,0.98569334,117.24112,317.52933,0.970265,127.96511,317.6604,0.97241706
401.0146,186.1808,0.9037705,405.06693,181.92174,0.75905347,396.7903,182.2317,0.9168386,0.0,0.0,0.30579954,389.87747,186.77437,0.81920576,416.52243,214.25676,0.917246,379.34976,214.5852,0.9844135,0.0,0.0,0.4476213,366.38733,242.58934,0.92240727,0.0,0.0,0.40938836,362.7771,265.58124,0.8360522,410.39078,271.54712,0.9504504,386.0141,271.83588,0.9801339,408.8198,314.53668,0.9201303,379.516,314.57715,0.9650711,405.14325,355.38934,0.8955144,375.30347,355.7501,0.9431255
0.0,0.0,0.1149356,0.0,0.0,0.10173599,0.0,0.0,0.08025077,0.0,0.0,0.18762158,0.0,0.0,0.13353004,0.0,0.0,0.35492173,0.0,0.0,0.3436833,0.0,0.0,0.21557847,0.0,0.0,0.19016923,0.0,0.0,0.18950705,0.0,0.0,0.16983508,0.0,0.0,0.43961865,0.0,0.0,0.43852758,843.95856,297.23004,0.54112,845.59064,297.58722,0.52596694,846.0638,331.03787,0.6244793,845.82935,331.42953,0.61598
0.0,0.0,0.14772627,0.0,0.0,0.17319962,0.0,0.0,0.04497049,724.81244,178.07002,0.8616739,0.0,0.0,0.35848287,716.88074,198.91185,0.96857476,754.9556,198.72614,0.91732913,702.69165,225.8478,0.7941911,0.0,0.0,0.37294716,0.0,0.0,0.4458234,0.0,0.0,0.16440241,723.742,257.97958,0.96113735,748.43744,257.9958,0.9317453,727.8892,306.65506,0.90519935,749.2238,307.33984,0.8223945,733.5742,355.4018,0.80539656,748.4788,354.53662,0.70795715
298.7351,200.16925,0.7368492,0.0,0.0,0.48788574,296.56046,197.4578,0.73402643,0.0,0.0,0.24024831,290.3544,199.36768,0.69210345,298.35098,217.15009,0.8876066,282.44202,216.07933,0.95058894,0.0,0.0,0.48413014,277.38727,233.94498,0.80049276,0.0,0.0,0.44310674,282.0036,241.91518,0.6989887,291.94412,253.64214,0.9324428,282.24088,253.6533,0.95734686,290.6149,284.96613,0.93272805,285.4742,285.24292,0.95667887,286.85153,316.36108,0.92463136,283.75552,317.1833,0.9452055
664.3738,206.17206,0.9159094,667.58527,203.16402,0.86882555,661.3793,203.38684,0.86467505,672.8698,205.34015,0.65308535,657.3374,205.92451,0.63399273,677.3647,222.9915,0.96421945,653.6259,224.44962,0.9714336,682.2277,243.2926,0.7562409,649.79596,247.04584,0.79552174,678.3922,259.13284,0.65144056,651.585,265.84033,0.68116075,672.2305,265.6934,0.89956844,657.05396,266.18964,0.91248345,671.1827,296.88895,0.69702417,656.9566,297.1657,0.7151668,669.4384,324.04587,0.531837,658.60425,324.20602,0.5485845
