0.0,0.0,0.14176947,0.0,0.0,0.06926873,0.0,0.0,0.09840188,252.71065,182.00565,0.6433803,269.44418,181.95126,0.78534377,241.45064,204.16566,0.98863935,278.4357,204.89088,0.99456376,227.11896,232.2005,0.9210835,290.7221,236.5899,0.96561575,227.46295,254.35048,0.74711746,296.56583,264.17368,0.8408064,249.49028,263.12146,0.9956552,272.2701,263.6613,0.996976,253.0936,306.92984,0.98126733,270.477,307.45862,0.9848029,257.57367,348.11588,0.9422455,267.09845,348.86874,0.95001054
418.61398,161.95465,0.9549794,423.40292,157.73483,0.8598626,414.06482,157.76065,0.92736477,429.32947,161.07468,0.5561472,406.67932,161.07742,0.7809571,438.88864,188.88623,0.97006017,393.57837,188.83498,0.99066365,445.05194,222.87956,0.87870085,390.57587,223.55786,0.9703991,439.3392,227.09384,0.844865,421.58435,229.74422,0.9428835,432.21527,259.53702,0.9874879,400.42065,260.0806,0.9927313,436.59076,317.2505,0.9796612,399.20206,316.72403,0.988679,438.59378,367.20926,0.9544024,400.96548,367.22397,0.9692245
0.0,0.0,0.26933178,0.0,0.0,0.08384173,0.0,0.0,0.2730658,0.0,0.0,0.33333388,664.41925,204.54622,0.8476953,642.16724,216.22006,0.97299576,667.2615,218.29973,0.99110025,626.0815,236.66325,0.7616141,672.1589,240.85846,0.9469034,625.5674,256.25577,0.5574158,675.004,262.06894,0.80919266,642.4364,256.55856,0.98972833,658.8465,257.3284,0.99425185,643.31604,288.8179,0.9740363,661.2381,289.12585,0.98441917,644.3684,319.49985,0.95171887,661.7957,321.20883,0.9664995
0.0,0.0,0.16856597,0.0,0.0,0.11026547,0.0,0.0,0.108162336,115.073425,219.52666,0.5768651,124.36556,219.49043,0.5256511,110.001755,230.32904,0.9822432,128.3939,230.45073,0.98159754,104.01046,244.42093,0.8491502,134.07588,244.47183,0.8436094,103.79231,257.26056,0.6519694,134.44598,257.21872,0.6364061,111.94176,256.81757,0.991629,123.49735,256.93213,0.9914829,112.14508,277.6256,0.9787219,121.77498,277.43744,0.97841793,111.78517,296.3316,0.9610995,120.342804,296.41974,0.9610431
0.0,0.0,0.15620807,0.0,0.0,0.084691145,0.0,0.0,0.1273552,0.0,0.0,0.44047952,82.48241,217.29921,0.6032358,67.40244,228.20491,0.97306955,85.5793,229.17262,0.9788244,63.146038,242.82675,0.7669892,90.423004,243.67181,0.8527258,64.75716,253.07971,0.54126424,92.48381,253.73097,0.6384659,69.852684,256.93906,0.9861503,82.02487,257.4764,0.9878334,70.83176,278.74127,0.96396303,82.6696,278.73404,0.9694044,70.48472,298.54913,0.94053036,81.86908,298.9811,0.94780684
479.78625,202.71121,0.922862,483.42032,199.41013,0.8583391,476.27713,199.28308,0.88015836,488.37567,203.24059,0.59195656,470.2308,202.73114,0.6712791,490.43622,224.36499,0.9766356,466.03238,223.98264,0.9837788,497.4045,245.50375,0.86444324,461.05743,244.3483,0.9040676,498.8192,248.00446,0.81835014,467.24396,242.58923,0.85140973,485.96332,273.14575,0.9829534,469.87796,273.31052,0.9861081,484.3834,311.7942,0.97275543,469.6753,311.9855,0.97547865,485.8437,347.09555,0.9472658,467.77158,347.14697,0.9508775
0.0,0.0,0.0039358763,0.0,0.0,0.0046543656,0.0,0.0,0.0005127405,0.0,0.0,0.0904414,0.0,0.0,0.0029286444,0.0,0.0,0.37583777,0.0,0.0,0.03989236,767.2414,141.58716,0.72139555,0.0,0.0,0.051518843,0.0,0.0,0.4931818,0.0,0.0,0.05898514,804.4106,292.4667,0.7392708,0.0,0.0,0.41278344,0.0,0.0,0.15516478,0.0,0.0,0.042881846,0.0,0.0,0.018712321,0.0,0.0,0.007061855
0.0,0.0,0.24386844,0.0,0.0,0.14628506,0.0,0.0,0.228786,0.0,0.0,0.45017192,164.65355,215.21315,0.6551202,149.59758,226.04689,0.9703407,167.77461,226.79729,0.97677577,142.86723,240.50713,0.76037765,172.00362,241.17242,0.85727036,144.57791,251.96185,0.58429265,171.71341,252.84538,0.6940113,152.0002,253.748,0.98698306,162.96573,254.09837,0.9886607,154.39879,276.05408,0.9761623,162.37772,276.14413,0.9800583,154.55824,297.7713,0.96092004,159.90697,298.28418,0.96602404
0.0,0.0,0.04719177,0.0,0.0,0.022622924,0.0,0.0,0.022362432,0.0,0.0,0.09468668,0.0,0.0,0.102065146,732.62646,145.0526,0.59717375,746.26843,145.86278,0.59899086,0.0,0.0,0.49779296,0.0,0.0,0.46911865,0.0,0.0,0.2690425,0.0,0.0,0.23428039,735.1241,272.60672,0.6099733,744.92285,273.57907,0.59639543,0.0,0.0,0.06732263,0.0,0.0,0.05944903,0.0,0.0,0.010274657,0.0,0.0,0.009745496
0.0,0.0,0.07630088,0.0,0.0,0.06313968,0.0,0.0,0.03380292,322.94067,216.50212,0.6181054,0.0,0.0,0.2913574,319.13678,228.85701,0.9710334,339.84677,228.41743,0.9584243,312.91196,244.78915,0.8264322,346.60306,244.78754,0.6672577,310.66327,257.56546,0.5627812,0.0,0.0,0.39004165,323.06033,260.1699,0.98565173,336.8579,259.95187,0.9828122,321.06476,284.48843,0.95621616,335.79922,284.40775,0.9448847,322.4562,306.23102,0.9206822,336.30997,305.64944,0.90651655
579.32056,216.73187,0.8143438,581.43964,214.27321,0.7848997,577.95557,214.28683,0.6628768,586.2249,214.91771,0.65879065,0.0,0.0,0.34335187,590.6164,226.36621,0.97701854,574.7899,226.46172,0.9665608,592.7455,239.692,0.89154553,572.0399,239.23563,0.8007623,583.5053,239.88327,0.8503356,576.3726,239.28453,0.7667844,586.8862,257.88776,0.98600477,576.61,257.69955,0.9832481,584.8201,283.82495,0.9747449,575.8917,283.487,0.9685136,583.8837,307.53104,0.9351684,577.2599,307.09448,0.9235519
