0.0,0.0,0.07750219,0.0,0.0,0.024869049,0.0,0.0,0.06356573,0.0,0.0,0.40126854,282.9049,178.2414,0.80983233,252.62587,202.25223,0.98349935,291.849,202.40141,0.99452114,242.11171,236.27098,0.9112622,304.5066,236.66579,0.9807736,239.2345,265.41153,0.7489461,307.71768,264.4998,0.90297276,259.94174,266.65677,0.9969098,285.58206,266.49307,0.9983632,259.1172,314.50082,0.9870586,283.26993,314.0908,0.9923872,257.69293,357.6912,0.9547377,279.4393,358.54022,0.9693433
766.47296,142.20468,0.9771155,772.24585,136.735,0.89370525,759.7326,136.15553,0.96117187,779.787,139.90971,0.55602694,748.8849,138.2342,0.87886167,791.51154,174.20073,0.9886708,729.7049,173.62608,0.9966499,809.05597,205.97887,0.933679,702.4101,213.91711,0.98753464,803.70886,182.70816,0.90098554,725.7863,197.86005,0.9746373,782.06854,269.79013,0.99634165,743.6427,271.25543,0.9980507,785.4422,347.36496,0.9927892,757.5293,353.4004,0.9965089,761.2416,417.1863,0.9691812,751.1634,428.14096,0.98082376
650.1316,112.70229,0.98475504,654.2083,106.490746,0.8781386,641.8938,105.773285,0.9818091,0.0,0.0,0.36462814,624.1442,112.76451,0.94537145,663.3444,162.26329,0.9784348,606.32996,162.41362,0.9984132,666.25757,215.16624,0.8717118,591.8991,231.78966,0.99485636,675.61255,243.34567,0.843057,593.10126,294.98602,0.9855216,661.8363,278.6332,0.99465525,620.59784,277.61267,0.9984493,669.56085,366.73062,0.98532027,606.26044,357.28116,0.9957145,667.11884,447.7573,0.9365043,585.24274,435.87857,0.97116214
0.0,0.0,0.15696143,0.0,0.0,0.078784846,0.0,0.0,0.15981704,0.0,0.0,0.4153426,84.897156,216.63889,0.7243653,69.07696,227.9043,0.9814135,89.12215,228.42702,0.9876115,62.47344,242.98509,0.80965775,94.379,243.06313,0.9212113,63.190613,252.79845,0.5886227,94.60141,253.40198,0.75698423,71.583305,256.83896,0.9907285,84.52906,256.9891,0.99262017,72.892204,279.4515,0.97293586,84.17392,279.3219,0.97962314,72.05615,300.05615,0.9508739,81.77466,300.37457,0.9605762
0.0,0.0,0.11515691,0.0,0.0,0.055700194,0.0,0.0,0.1212634,0.0,0.0,0.33058077,128.28374,216.31134,0.6735859,111.94514,227.04439,0.9658483,131.42255,227.7795,0.9784328,105.71619,242.43073,0.7334763,135.90297,243.00648,0.8915835,0.0,0.0,0.49348944,136.83644,255.64502,0.69226027,114.46932,255.92639,0.9848247,127.123566,256.25427,0.9882542,116.99335,279.18015,0.9594867,126.35115,279.20035,0.97012603,116.5596,300.02737,0.92871654,123.44977,300.49884,0.9435479
0.0,0.0,0.13321574,0.0,0.0,0.07751365,0.0,0.0,0.11857512,0.0,0.0,0.40295556,167.86061,213.04086,0.5751674,152.1499,224.9415,0.964526,171.04759,225.78513,0.9717675,145.5447,241.56702,0.7532508,174.5379,242.658,0.84268016,145.63586,255.36076,0.5229092,173.44739,256.8225,0.62630963,153.68082,256.2287,0.98401767,166.03435,256.48425,0.98600984,154.99493,280.9351,0.95646495,165.01787,281.1985,0.9627428,155.10616,302.8633,0.9210724,162.57433,303.22543,0.9299725
450.62405,205.46767,0.918573,453.53192,202.75032,0.8519146,448.0865,202.6577,0.86634266,458.02707,204.39807,0.62618476,443.40955,203.95894,0.6776233,463.1803,220.35265,0.9860248,435.26614,220.22252,0.99068356,466.6069,240.54791,0.90178907,426.668,240.17458,0.92951286,462.4169,250.82487,0.8478126,433.04105,248.75056,0.8731444,458.6345,264.32544,0.98962945,440.25848,264.41278,0.9914396,460.50778,300.26105,0.97508246,439.02438,300.1813,0.97714645,459.19397,336.79105,0.9452103,438.021,336.45404,0.94877315
393.05142,175.33516,0.93593955,396.9189,171.6643,0.8443907,389.3268,171.42075,0.91500074,0.0,0.0,0.4840813,383.30313,173.73425,0.776272,406.7701,196.69841,0.97165257,377.07593,196.25876,0.9901078,412.63443,218.69658,0.8162922,376.26965,219.5683,0.9543867,409.38922,217.32326,0.7883919,398.35632,217.82616,0.91813076,402.58813,258.1596,0.9793332,383.7817,258.21918,0.98872733,395.92032,308.15833,0.9544938,386.4527,307.7219,0.9733565,389.34955,354.5566,0.88344836,387.87198,353.77087,0.9207773
0.0,0.0,0.2150189,0.0,0.0,0.2427991,0.0,0.0,0.069077566,347.37747,212.97824,0.77116925,0.0,0.0,0.22768763,345.63843,226.44713,0.9680712,364.61288,225.48268,0.89968103,340.83585,243.17961,0.8815443,0.0,0.0,0.46196306,338.64166,252.53645,0.6975492,0.0,0.0,0.31280407,352.01486,260.63504,0.97178346,364.12637,260.2215,0.94690377,351.97983,286.6416,0.95164025,361.6349,286.72058,0.9007118,356.82483,313.44037,0.91265976,362.82007,312.2366,0.8540414
496.34985,219.82825,0.75901777,498.1511,217.87761,0.7136503,495.45407,217.85486,0.5608186,502.6676,218.58318,0.62105525,0.0,0.0,0.31753102,508.86615,228.77335,0.9583823,493.3526,229.34875,0.92810786,514.11725,242.04192,0.8697027,491.02228,243.81825,0.6951419,508.84003,249.62846,0.8075682,494.56528,252.65787,0.6469261,506.7593,257.34195,0.96099204,497.12106,257.41214,0.94647735,505.92023,279.333,0.9375197,497.63657,279.19745,0.9089336,507.74524,300.96304,0.9051803,501.07294,300.08652,0.8755704
