0.0,0.0,0.197076,0.0,0.0,0.12681663,0.0,0.0,0.082230516,310.5617,131.77045,0.67000085,0.0,0.0,0.45684066,294.65118,167.28532,0.97672576,348.65997,165.90752,0.93582606,284.29572,213.93724,0.90773696,350.99014,213.78935,0.71180344,293.51895,216.60658,0.751548,335.8218,220.09087,0.5341259,302.16165,254.36249,0.9962973,338.48477,253.64838,0.993694,307.8459,332.16663,0.99610233,336.67664,330.0709,0.9938684,313.8369,409.24753,0.9894164,335.22482,407.07074,0.98614025
807.91,165.91148,0.9598997,814.86365,161.54314,0.8869259,800.90405,160.76114,0.9421257,825.1507,166.94817,0.56730103,791.0293,165.29895,0.787727,835.16815,204.61768,0.9586886,780.6676,203.81111,0.98518664,853.28284,243.86711,0.7335488,762.20496,242.28004,0.9280223,842.0255,243.49826,0.6447242,770.16327,237.85257,0.86107117,822.2705,291.6392,0.9671475,795.5151,291.81747,0.98101085,801.19617,359.76196,0.9556571,820.75793,365.91022,0.9763464,760.62555,425.89954,0.8913385,828.826,439.36465,0.9271304
0.0,0.0,0.39278305,0.0,0.0,0.17529199,0.0,0.0,0.31789505,0.0,0.0,0.47406262,191.56113,206.4695,0.797343,172.21957,221.5521,0.98208356,196.38695,221.49927,0.98875076,162.20518,239.51834,0.8633496,204.81499,242.70123,0.92853653,164.5851,254.17981,0.713066,208.48349,261.83994,0.8060027,175.0829,258.5276,0.99066705,190.17871,258.168,0.9929102,177.78008,287.56778,0.97961766,186.5798,286.8529,0.9838133,181.50758,315.66174,0.9590373,186.05212,315.82486,0.9652637
745.5108,155.40887,0.95919496,750.0808,150.25273,0.7492656,738.9569,149.95709,0.94565225,0.0,0.0,0.3036922,721.97864,154.5762,0.9046425,742.2453,194.71457,0.9706063,702.00476,192.9281,0.99746835,748.4066,239.81395,0.8570528,667.8574,243.78233,0.9912177,756.86676,245.53586,0.83668745,648.6268,268.50244,0.97990227,729.04584,283.6226,0.99115515,707.9772,284.68118,0.99697757,711.0598,353.50098,0.98688626,729.608,360.34302,0.99568474,694.1057,415.1088,0.954754,741.46173,430.3044,0.97799975
453.14288,212.21149,0.9028266,455.69098,210.01178,0.87017924,451.8136,209.94733,0.78430283,460.4384,211.34416,0.7701783,449.90445,211.27655,0.5049346,466.6962,224.44907,0.9892014,445.65543,224.86937,0.98577833,470.83655,238.99553,0.9435158,440.9489,239.74655,0.88527805,460.4691,240.82632,0.9041431,444.26035,243.17116,0.8326011,462.84436,259.03308,0.988993,448.86417,259.05118,0.98714775,464.708,284.92545,0.97703564,447.34213,284.70306,0.9695985,468.55362,309.11066,0.9510322,450.80667,308.19324,0.93923825
631.7607,200.36122,0.8889727,634.7671,197.63036,0.8031207,629.5291,197.54005,0.8431321,638.31445,199.28079,0.55079204,625.5923,199.10732,0.6632164,641.56287,215.4083,0.96554995,619.5778,215.83775,0.9816797,643.2712,234.38844,0.78590465,615.49414,234.5995,0.89692765,638.14246,250.772,0.73114103,613.87354,251.0758,0.8340576,635.28845,252.54843,0.9710174,621.6241,252.7786,0.97965014,632.24286,280.83044,0.95452577,621.5695,280.83478,0.9649747,631.04236,307.1552,0.9342598,623.37994,307.00458,0.94524413
243.26553,218.8921,0.8497974,244.97673,216.65207,0.7708902,241.05325,216.67827,0.7382477,247.26833,218.3421,0.61504334,236.6198,218.15012,0.5408783,250.96658,229.42352,0.97948474,232.77309,230.68997,0.9726068,259.55914,237.38115,0.89634836,232.26282,241.91489,0.8133767,254.58186,230.47447,0.8469464,241.47337,234.77547,0.7567665,249.7488,258.6365,0.982116,237.98691,259.5706,0.978922,249.68452,282.36078,0.9732309,240.27249,283.43137,0.96585655,248.7987,306.91492,0.9525524,241.59163,308.15955,0.9431173
0.0,0.0,0.2118844,0.0,0.0,0.12832434,0.0,0.0,0.16154613,0.0,0.0,0.47365338,100.07154,224.24904,0.5436822,90.16648,232.40985,0.97393054,102.67591,232.74379,0.97663134,86.526535,243.27086,0.8035059,106.2546,243.12498,0.8496728,86.46036,251.85541,0.6213544,107.09569,251.72018,0.67252594,91.06218,252.89017,0.9857949,99.24738,252.98819,0.98661,90.992546,269.00137,0.9710571,99.57516,268.74905,0.9735598,90.14606,284.173,0.95713973,99.48149,284.3479,0.9602393
0.0,0.0,0.1055908,0.0,0.0,0.07492415,0.0,0.0,0.06964726,0.0,0.0,0.44009534,0.0,0.0,0.3648021,116.17993,230.77002,0.9503273,130.5203,230.78719,0.9478665,112.10992,241.7792,0.7720362,135.40533,241.6656,0.75527257,111.0316,250.78163,0.5725151,136.23534,250.53139,0.5497714,118.62808,251.61502,0.9813354,127.87028,251.6353,0.9811133,118.40592,269.08572,0.96512914,127.27995,268.89603,0.9643436,118.57394,284.68628,0.94895667,126.85361,284.54852,0.9483452
668.95636,206.34074,0.9057839,672.1965,203.52812,0.85977393,665.9198,203.56198,0.87966144,677.83496,205.47643,0.5665883,661.4325,205.61629,0.66868085,681.05865,220.6064,0.96426654,656.79126,220.16388,0.97257394,677.22906,241.21906,0.75686455,649.18463,239.7906,0.8499893,663.46185,254.9781,0.6954251,651.31537,255.69078,0.7892979,674.13324,257.68414,0.926353,658.06146,257.00952,0.9353978,665.8562,282.93365,0.7714604,650.47437,282.2022,0.79233783,663.3172,307.19153,0.5523113,649.97064,306.57123,0.5758283
0.0,0.0,0.1280556,0.0,0.0,0.06948151,0.0,0.0,0.12425475,0.0,0.0,0.2962863,377.05368,222.1583,0.5531845,364.70126,231.15616,0.9395874,378.67868,232.00615,0.95632094,359.14096,242.32846,0.66703105,381.3196,243.61685,0.8101504,0.0,0.0,0.46255872,381.943,251.87589,0.60410845,366.4197,255.01152,0.9761471,375.3674,255.47119,0.97986573,367.455,274.56952,0.95869815,375.70953,274.86014,0.96651846,366.9076,292.96112,0.94060975,374.18668,293.63647,0.9496815
0.0,0.0,0.09418799,0.0,0.0,0.06325073,0.0,0.0,0.07480028,0.0,0.0,0.31324348,0.0,0.0,0.36569148,143.30463,228.68823,0.88983965,157.07536,228.73691,0.9028875,140.3659,241.16583,0.5806498,159.63931,240.95229,0.6513724,0.0,0.0,0.3707939,0.0,0.0,0.42281726,146.1893,251.87732,0.9472958,155.78983,251.86864,0.9523489,147.89514,269.83554,0.92756903,155.6318,269.77817,0.9337012,149.88324,286.5002,0.92144036,156.12631,286.34164,0.9266406
