0.0,0.0,0.3414479,0.0,0.0,0.34470102,0.0,0.0,0.10056037,299.48538,205.35645,0.8867498,0.0,0.0,0.4066724,294.7696,223.32904,0.99220806,326.75626,221.02295,0.9806311,285.40567,249.45235,0.9583676,338.44617,246.5236,0.7820071,284.92825,268.80795,0.8511928,331.63638,265.5807,0.582204,301.33276,270.0028,0.9940653,322.04965,268.4377,0.99070334,297.64767,312.78305,0.98552704,316.8614,311.6815,0.97354853,295.58185,354.66302,0.9599685,313.01062,352.68497,0.93896866
398.35754,197.17992,0.77420896,0.0,0.0,0.35004735,395.02063,193.69695,0.85780543,0.0,0.0,0.10630021,384.88913,195.07642,0.9093814,386.56586,215.62251,0.86572987,378.29227,215.86656,0.9815548,0.0,0.0,0.28473443,373.66397,239.0847,0.9310445,0.0,0.0,0.2747183,377.23477,253.60088,0.838078,389.0545,267.15393,0.9467074,384.11417,267.84442,0.98239267,388.0609,307.3754,0.941587,382.67227,307.7481,0.980696,383.92474,346.98386,0.9299381,375.37445,348.67807,0.969074
0.0,0.0,0.152292,0.0,0.0,0.0666189,0.0,0.0,0.1764673,0.0,0.0,0.21563122,463.30923,233.6122,0.64001435,444.37234,247.28172,0.92463577,465.48965,248.23438,0.95207185,440.49167,264.95288,0.5624737,471.99097,265.88965,0.808624,0.0,0.0,0.40077975,474.07468,277.30377,0.6220075,447.63022,283.1613,0.97732246,460.65512,283.80954,0.98222107,450.59464,310.84326,0.9626692,461.39322,310.9229,0.97317266,449.68988,336.51984,0.9451369,457.31992,337.63156,0.9575825
0.0,0.0,0.21928869,0.0,0.0,0.109001026,0.0,0.0,0.17684701,0.0,0.0,0.32510948,221.75458,238.43512,0.59474003,211.1951,248.2468,0.9306289,224.7887,248.47507,0.9611437,207.10188,261.16037,0.6531913,228.67175,261.60764,0.84924185,0.0,0.0,0.4785443,230.20929,271.65854,0.6821797,213.08821,272.6539,0.9711801,221.99004,272.74536,0.97991425,212.18806,292.37332,0.9520996,219.39197,292.44446,0.9660026,211.99611,310.70175,0.9311051,217.76361,310.83716,0.9460614
0.0,0.0,0.11136544,0.0,0.0,0.05935177,0.0,0.0,0.1149713,0.0,0.0,0.2698706,429.58868,217.87376,0.5342099,412.99323,229.8897,0.8814222,433.01047,230.41513,0.91692245,0.0,0.0,0.47732952,438.03458,247.59958,0.68780756,0.0,0.0,0.30333582,0.0,0.0,0.45594385,416.85077,264.34512,0.9481133,430.10416,264.55328,0.95763195,416.80692,293.70288,0.9050391,430.6456,293.40402,0.9248947,416.6029,321.8208,0.85740596,429.55267,322.1543,0.8802128
570.8976,217.40894,0.5223722,0.0,0.0,0.46423563,0.0,0.0,0.33020806,575.43024,216.49207,0.60421175,0.0,0.0,0.37875184,573.5418,236.06477,0.91948974,578.46747,236.2464,0.89919835,569.8576,259.50464,0.6971354,577.3229,259.7754,0.55791247,567.01746,280.113,0.557856,0.0,0.0,0.4365317,571.62274,280.38803,0.9248574,575.2858,280.54034,0.9140022,571.9249,312.66165,0.9090241,575.7231,313.00406,0.88665354,575.4914,344.22354,0.88495284,577.1875,344.14227,0.8652192
0.0,0.0,0.3628538,0.0,0.0,0.1343912,0.0,0.0,0.39176348,0.0,0.0,0.08091602,719.91156,191.28864,0.57049567,718.7265,213.56221,0.66000044,715.0526,215.0509,0.9011087,0.0,0.0,0.27224922,711.1569,250.69415,0.82394636,0.0,0.0,0.26728168,721.8375,282.29013,0.70090234,720.9249,276.5611,0.8757017,719.2769,277.9527,0.9444012,722.9005,326.20786,0.8506762,720.87274,327.15445,0.9327697,720.2096,373.98157,0.80027264,716.36066,375.63953,0.88816184
0.0,0.0,0.189816,0.0,0.0,0.09172839,0.0,0.0,0.11359719,0.0,0.0,0.46090543,637.535,144.75179,0.60475373,615.60455,169.5558,0.95174867,645.11615,171.43768,0.95883954,605.817,203.01604,0.7284394,651.43854,210.99681,0.78720915,0.0,0.0,0.4619827,655.14264,249.27998,0.5233533,621.3264,236.31187,0.95655537,640.6025,236.62976,0.9623528,619.28345,283.3239,0.83368003,637.64526,283.34573,0.8517665,617.3122,321.40375,0.633048,632.1613,321.94345,0.66272235
570.714,217.83974,0.78077924,573.49756,215.27135,0.76554143,570.72424,215.14275,0.57478887,577.8221,217.47433,0.78343636,0.0,0.0,0.3516509,578.6396,235.19191,0.97317094,574.2736,234.75867,0.9565303,578.06006,256.16174,0.8100876,570.3294,255.313,0.5985631,577.52405,273.10455,0.65491253,0.0,0.0,0.44914022,573.1178,273.1745,0.9190588,571.1186,272.6819,0.8983395,570.937,296.14618,0.68550193,570.3071,295.98514,0.61400497,0.0,0.0,0.45206496,0.0,0.0,0.39209658
0.0,0.0,0.1671331,0.0,0.0,0.145261,0.0,0.0,0.085921906,0.0,0.0,0.47143295,0.0,0.0,0.21181728,611.2336,242.72891,0.8989235,624.52325,242.19626,0.8584112,610.1667,257.75217,0.6667112,0.0,0.0,0.48055157,0.0,0.0,0.491134,0.0,0.0,0.34463796,613.114,272.54807,0.95127517,621.37054,272.24472,0.9425986,613.2328,296.2375,0.94123775,618.9115,295.88995,0.92772835,615.06134,319.27258,0.91269845,617.8548,318.80698,0.898613
721.1931,191.0249,0.5145508,0.0,0.0,0.3246143,0.0,0.0,0.42793125,0.0,0.0,0.26577204,0.0,0.0,0.46503323,723.37714,212.19073,0.86818963,715.9097,211.8285,0.91661394,723.05536,248.73694,0.61304575,712.85876,249.07431,0.77161896,726.3599,281.18903,0.52330446,722.54114,282.3195,0.6501957,726.05615,278.5816,0.93880504,721.0431,279.02252,0.953282,730.94025,327.94885,0.9308388,721.2095,328.18823,0.94492215,733.9008,376.28644,0.8983541,720.0039,376.52933,0.9141126
0.0,0.0,0.17072867,0.0,0.0,0.14223005,0.0,0.0,0.109839745,232.81786,239.29596,0.517832,0.0,0.0,0.38111785,231.95915,248.71523,0.94085723,246.7206,247.49783,0.9311445,230.25453,262.04224,0.7012926,253.67943,260.06815,0.630996,0.0,0.0,0.48136923,0.0,0.0,0.41634172,236.2381,272.82587,0.9542783,245.78552,272.17426,0.952071,236.35674,294.50052,0.89418274,244.41354,293.7877,0.88667727,237.94707,312.9509,0.84390396,244.49358,311.93152,0.83720446
