0.0,0.0,0.30423182,0.0,0.0,0.068097405,47.50119,135.94017,0.51136905,0.0,0.0,0.15243998,43.19896,137.93874,0.91085833,0.0,170.5777,0.58869666,49.222645,175.7924,0.94825286,0.0,0.0,0.11612311,58.775234,229.87483,0.80265826,0.0,0.0,0.080864735,51.948288,251.75404,0.53608316,4.6941094,275.92337,0.71581006,43.12036,277.61014,0.89317286,3.2235503,355.22766,0.7816134,52.780308,350.3707,0.92067915,8.040698,427.10968,0.736603,70.50722,419.99463,0.85302734
0.0,0.0,0.3101946,0.0,0.0,0.09284087,0.0,0.0,0.23156106,0.0,0.0,0.2939986,364.0247,180.18646,0.6991424,324.761,204.75647,0.9263348,372.4309,204.16512,0.9700477,315.37506,241.29376,0.7877942,391.4377,214.27005,0.9311456,317.6731,264.29465,0.67651033,382.21915,194.99219,0.8459207,329.53674,274.55923,0.98072124,360.44055,275.6889,0.9879336,331.3248,320.73065,0.97265786,357.70734,326.05774,0.98352563,334.03232,361.45126,0.9435437,354.63382,367.99377,0.9590716
0.0,0.0,0.11712895,0.0,0.0,0.09046652,0.0,0.0,0.04982808,154.40572,205.67897,0.6371195,0.0,0.0,0.38203585,147.75214,220.97188,0.9608532,173.95868,221.49315,0.9436436,139.08054,240.35417,0.80449826,174.90071,242.28279,0.6419799,143.99086,249.86156,0.5546315,0.0,0.0,0.39114374,152.65518,264.1895,0.9826569,170.59723,264.6194,0.97768706,146.39236,299.36084,0.9698743,167.9883,300.13077,0.9554267,143.94165,333.91592,0.9458067,166.5861,333.97678,0.9277524
0.0,0.0,0.097395256,0.0,0.0,0.05619809,0.0,0.0,0.06285198,0.0,0.0,0.43366003,699.21643,203.9914,0.522167,680.1174,219.36395,0.96250165,705.20044,218.83345,0.9728559,673.33453,237.50702,0.8364289,710.945,238.78557,0.8828113,674.714,251.34154,0.6327316,711.05176,255.2866,0.6960448,686.3236,255.96652,0.9897261,702.4163,255.89326,0.99150664,689.7006,282.85876,0.9784001,700.5652,282.8579,0.9804167,692.79376,308.8922,0.9602577,699.32416,308.8024,0.9627005
0.0,0.0,0.076493874,0.0,0.0,0.04005383,0.0,0.0,0.05197018,589.49896,195.5494,0.51452696,606.4548,196.23639,0.65405625,580.1417,215.26361,0.96453774,614.6604,216.94348,0.9804304,568.64246,241.43434,0.805004,622.4999,244.99573,0.90838075,568.74854,261.24222,0.5483298,622.173,265.71753,0.69553053,584.8572,270.02786,0.9911969,607.1302,270.8486,0.99357104,582.6059,309.64008,0.98173493,602.91766,310.54727,0.98497874,583.5492,348.1522,0.95866793,599.85956,349.17227,0.9638209
485.67923,199.86443,0.90105283,488.36688,197.16226,0.8660112,483.42484,197.4343,0.77738655,493.53897,199.42342,0.73771673,0.0,0.0,0.45779988,500.10953,215.90085,0.9847343,478.82928,217.7772,0.98021907,502.07156,231.04741,0.93762016,474.43723,234.92645,0.8698896,489.29996,221.18713,0.9078403,481.47906,227.68039,0.83300334,498.10614,258.06107,0.99107134,484.64526,258.69397,0.9893295,497.3594,292.8466,0.9887861,487.73953,293.03796,0.98436004,496.23386,326.55133,0.9780603,490.6242,325.97293,0.97188276
0.0,0.0,0.018415103,0.0,0.0,0.01294046,0.0,0.0,0.0093852235,0.0,0.0,0.41529477,0.0,0.0,0.29464635,387.03616,212.29263,0.8945964,417.67053,213.82278,0.89864516,381.54562,226.23706,0.68045413,432.6782,237.48228,0.6906951,0.0,0.0,0.4015577,0.0,0.0,0.4140756,392.77936,266.6429,0.9856382,414.12622,266.68066,0.9861848,387.53214,309.41782,0.9821592,416.64206,309.1619,0.9808483,392.38058,352.0751,0.9699593,424.22415,350.31284,0.9677578
545.2744,204.5824,0.9124811,548.0223,202.24016,0.8119575,543.5547,202.05061,0.8835227,552.53577,203.61568,0.5346145,541.0137,203.039,0.76361,557.2228,218.62183,0.9770652,534.9998,218.55643,0.99191487,559.84375,236.89436,0.8168564,529.3109,237.59937,0.95332825,555.77856,249.57967,0.7551091,529.1082,253.71448,0.9033558,553.3858,257.6427,0.9784772,539.03546,257.6719,0.9878862,554.1566,287.371,0.94682264,538.30554,287.0739,0.9674636,555.8016,315.33282,0.89601785,538.77277,314.62097,0.92627156
460.34506,199.20134,0.870947,461.9747,196.6869,0.7681722,457.73187,196.74016,0.80037427,464.06116,198.88347,0.5532809,452.2574,198.78514,0.62405235,468.56097,215.10672,0.9746714,446.57864,215.61533,0.9794098,471.1708,233.91159,0.8497015,442.41336,237.21909,0.8724061,464.46106,244.17282,0.78626305,444.13486,254.20294,0.80205643,465.02774,253.51442,0.98077947,451.08603,253.71878,0.9825911,465.70828,283.51263,0.969321,452.26993,283.49048,0.96986526,466.57846,312.36038,0.94796836,455.58438,312.20175,0.94814473
0.0,0.0,0.12153167,0.0,0.0,0.09096911,0.0,0.0,0.061698593,0.0,0.0,0.43996397,0.0,0.0,0.3016746,635.8674,229.486,0.9169034,655.19073,228.4774,0.9201647,631.4873,248.194,0.738083,660.9811,247.42197,0.72972876,627.39856,262.7854,0.5461892,660.6725,262.61594,0.5395962,640.74786,264.76666,0.96883833,653.3843,264.06888,0.971338,638.499,292.69547,0.9446476,650.4753,292.13715,0.9447896,641.96094,319.3805,0.9158612,650.93335,318.2766,0.91638434
0.0,0.0,0.1945331,0.0,0.0,0.22017556,0.0,0.0,0.05309885,209.21983,215.46239,0.74853647,0.0,0.0,0.18957525,209.6966,229.50513,0.9595525,230.0488,227.32607,0.8735362,205.11264,249.44174,0.8712724,0.0,0.0,0.42346698,203.1912,255.28554,0.67861396,0.0,0.0,0.28952044,223.24103,265.824,0.95118254,237.76622,265.04422,0.9118971,223.4989,288.91245,0.8922394,241.29231,288.36478,0.7983895,225.54076,316.69562,0.8006627,245.0738,314.25677,0.70220554
