0.0,0.0,0.30574617,0.0,0.0,0.35236716,0.0,0.0,0.0729102,772.8818,161.88954,0.76562315,0.0,0.0,0.13354339,772.3811,188.12051,0.96682906,809.412,187.83598,0.7831507,767.6509,227.94833,0.92842513,0.0,0.0,0.4297735,759.05536,255.24292,0.82297873,0.0,0.0,0.36853847,778.35175,258.01334,0.979091,806.7875,258.07855,0.94415355,759.3344,313.01868,0.97604805,809.92633,319.25714,0.9411258,753.4636,366.5164,0.9442068,814.5062,374.98666,0.9039871
0.0,0.0,0.3224665,0.0,0.0,0.33876956,0.0,0.0,0.031240778,514.39154,82.58008,0.9481422,0.0,0.0,0.23510171,510.1032,138.23247,0.9957384,589.6581,137.45604,0.9646644,506.39706,222.55629,0.98559004,620.9437,229.06776,0.76265925,506.39865,296.73038,0.93534815,604.4138,299.5574,0.6069141,530.954,292.6041,0.99033386,592.3232,292.53625,0.97306347,490.5466,403.84583,0.9218048,593.6024,411.89468,0.8184899,0.0,0.0,0.38040593,0.0,0.0,0.2549952
327.37534,175.3712,0.9719782,331.57062,171.70824,0.9347725,323.6329,171.19965,0.95505714,336.7907,175.58472,0.6929258,316.9886,174.02377,0.8224245,341.77084,203.0054,0.9942749,306.2861,201.33331,0.99783903,346.62354,235.73988,0.95648086,295.30994,233.30373,0.9860082,349.879,266.2394,0.9339865,294.8659,266.43152,0.96904063,333.05667,264.7247,0.9965578,311.0207,264.1796,0.99796695,326.99182,309.52832,0.9895243,310.7447,308.86423,0.99271166,319.84436,352.17352,0.96742636,308.73685,351.3964,0.9748479
0.0,0.0,0.0832053,0.0,0.0,0.05332644,0.0,0.0,0.045795858,721.89435,175.19444,0.63014686,740.31384,174.85535,0.59333366,712.1384,196.38046,0.9676394,750.40564,196.69772,0.9663797,702.9112,223.14561,0.78368264,759.9122,226.32108,0.7510206,0.0,0.0,0.46446523,0.0,0.0,0.425165,721.3004,254.45412,0.98579884,745.76904,254.96466,0.984855,725.3506,301.51462,0.96680784,744.93146,302.248,0.9606074,728.5416,347.41843,0.9261457,741.1312,347.66397,0.9159254
0.0,0.0,0.12338171,0.0,0.0,0.0804638,0.0,0.0,0.068392724,174.54277,196.74834,0.595648,187.40749,195.89407,0.57394326,169.09155,213.8635,0.9784838,195.01186,213.07332,0.9855919,161.7913,235.33405,0.8901706,202.58562,235.86469,0.92617196,162.23946,252.51064,0.7125384,205.77852,255.10289,0.77328527,175.8407,255.61401,0.99387,192.27936,255.48874,0.99517435,179.45438,287.3131,0.98603547,191.81439,287.38754,0.98769313,181.89854,319.4327,0.9701173,190.78586,318.8474,0.97256833
0.0,0.0,0.37394592,0.0,0.0,0.13905644,0.0,0.0,0.37757725,0.0,0.0,0.32651314,88.2523,202.50972,0.84244657,70.741745,220.34785,0.9629796,92.32325,220.35083,0.98729753,63.419888,241.7385,0.697401,100.92581,240.66331,0.934222,62.30044,257.02747,0.52773947,104.26296,253.79854,0.81084937,75.513466,259.95325,0.98672163,89.516785,259.90182,0.99280304,75.31223,290.39355,0.9798703,85.98959,289.99136,0.9887179,74.86398,319.23117,0.9715043,82.71542,319.8921,0.9813121
0.0,0.0,0.115707874,0.0,0.0,0.058155946,0.0,0.0,0.085764535,0.0,0.0,0.4336106,133.4363,203.05011,0.6187407,114.99314,218.46432,0.962466,140.29382,218.38042,0.97682333,108.3997,237.92665,0.78997284,144.98785,239.49823,0.88341194,108.59333,250.99275,0.56317556,144.8942,256.2711,0.6813788,119.5268,257.88083,0.9897939,136.20749,257.79636,0.9919348,119.6501,287.48743,0.9814294,132.92928,287.3215,0.9838082,121.164246,315.79462,0.96682113,130.41985,315.59412,0.969506
387.7171,189.56348,0.92335135,391.34036,186.70029,0.8682434,384.96112,186.4034,0.864026,396.59702,189.8758,0.65232533,380.2822,189.0023,0.62712705,401.1114,210.27382,0.9849747,372.26782,209.57314,0.98815405,408.1558,230.91585,0.89791244,359.30484,230.08536,0.9111013,406.08118,232.3021,0.84714615,362.1163,233.39835,0.85553056,391.59506,264.5669,0.99027455,373.8724,264.2715,0.9913986,386.17966,308.91724,0.97888595,376.97714,308.77377,0.97894853,379.75772,353.1217,0.9519195,375.9276,352.5962,0.9515401
0.0,0.0,0.0669587,0.0,0.0,0.049552944,0.0,0.0,0.035327572,0.0,0.0,0.3323899,0.0,0.0,0.24339503,639.44434,198.912,0.7890969,661.47327,196.70638,0.7500689,0.0,0.0,0.42845643,0.0,0.0,0.35413864,0.0,0.0,0.22803414,0.0,0.0,0.19298242,646.3315,249.64658,0.898368,661.41064,248.9592,0.8887069,649.50397,291.9342,0.8583693,662.9844,291.49045,0.84220725,653.7884,331.63016,0.81449413,663.4024,330.28363,0.79918784
0.0,0.0,0.06772733,0.0,0.0,0.03538691,0.0,0.0,0.041046776,0.0,0.0,0.288104,0.0,0.0,0.4184229,603.1251,196.1673,0.8205474,636.93256,193.49678,0.8730963,0.0,0.0,0.3806601,646.3082,230.23695,0.569986,0.0,0.0,0.17177075,0.0,0.0,0.27429998,611.1866,263.99112,0.87449026,633.45844,262.92746,0.9022202,614.44836,313.22888,0.67579424,633.554,312.38068,0.73808277,616.36304,354.55685,0.52394116,628.6181,353.4041,0.5843266
412.84293,223.59181,0.6758812,414.68692,221.32079,0.64050746,411.51468,221.27428,0.5205549,418.11517,221.96472,0.5307665,0.0,0.0,0.27347773,422.73895,233.83743,0.9566651,407.88156,233.93643,0.9336383,428.05484,248.16187,0.831465,405.78104,248.00159,0.7020818,425.11972,255.6598,0.77584815,407.05637,255.00214,0.660178,418.20963,265.4872,0.9784726,409.33078,265.3297,0.97359926,417.41302,291.18442,0.9676858,410.38882,290.93353,0.9600419,417.71594,315.4663,0.9400843,412.0974,315.34174,0.9297997
