0.0,0.0,0.13270704,0.0,0.0,0.0671057,0.0,0.0,0.084775314,280.10403,168.98334,0.5216662,302.397,170.1881,0.6287753,268.113,196.13461,0.9633199,308.237,197.80852,0.97435623,259.38055,236.44252,0.8199884,315.88266,234.46117,0.87506175,260.92822,269.2443,0.58528197,312.45947,261.29614,0.6407905,274.81393,269.0019,0.98535746,299.36127,270.38245,0.9873949,286.87314,324.28006,0.9571845,296.87543,325.5169,0.95946497,293.45624,373.8594,0.87214917,290.30807,375.8905,0.8768864
0.0,0.0,0.0919314,0.0,0.0,0.046441156,0.0,0.0,0.059802085,0.0,0.0,0.45826226,666.3645,198.10095,0.6214743,640.5659,221.32742,0.9642904,675.4243,220.08011,0.97123533,632.55505,250.16545,0.8326202,683.3266,249.06209,0.8748525,631.3339,272.3973,0.59816676,681.1816,271.11734,0.660044,647.0407,274.28433,0.9879289,669.81116,273.53458,0.98948574,648.06885,309.1448,0.97326726,665.34155,308.557,0.9751076,650.2589,340.59457,0.94581026,662.9532,340.41708,0.9484791
0.0,0.0,0.41344553,0.0,0.0,0.3419579,0.0,0.0,0.1829914,497.4199,201.57764,0.77825844,512.3793,201.04866,0.54365784,489.95703,220.25485,0.98329586,520.786,219.66917,0.97367847,477.87094,240.71397,0.87179506,523.75305,242.02466,0.7297219,481.13495,247.4938,0.67567587,519.28723,249.02744,0.51602054,497.1154,266.42184,0.98887444,516.91626,266.15045,0.9863533,499.64334,304.6952,0.98452157,514.77783,304.73233,0.97928363,500.5863,343.83124,0.9704804,512.14813,343.21234,0.9639686
560.3061,190.31566,0.9223886,562.9347,187.1438,0.83979297,557.0106,187.40582,0.8799088,567.1817,189.5868,0.5672503,551.9805,190.06287,0.7202049,571.90106,208.99179,0.9825879,546.05383,209.77641,0.9911299,576.5373,231.17209,0.8737207,538.26215,233.44296,0.93971115,577.27515,246.03415,0.8254549,547.44904,248.48596,0.8906208,568.95337,255.94676,0.9879049,552.75775,256.454,0.9914792,569.0831,293.55295,0.9733363,556.0876,293.8296,0.97934365,562.8107,329.58636,0.94536173,553.6454,329.74573,0.95527697
0.0,0.0,0.12336809,0.0,0.0,0.08321139,0.0,0.0,0.07425228,420.6104,213.76498,0.6575767,435.00482,213.94739,0.6181719,412.68427,231.18642,0.9700899,444.72406,231.99559,0.97668505,401.7755,252.72217,0.83790076,454.72183,254.23825,0.8710341,400.2394,268.94305,0.60443914,455.43448,271.2885,0.64579755,419.18378,275.00357,0.9877331,439.5466,275.63242,0.9889948,422.70294,308.13318,0.97427034,440.96933,308.7907,0.97418934,426.44772,339.37518,0.95071554,440.72464,339.4871,0.95009995
323.67096,187.72891,0.8574152,327.6505,184.27112,0.8914025,321.7048,184.28284,0.5924448,336.237,185.62352,0.85192245,0.0,0.0,0.17768875,345.25766,204.91518,0.981059,317.7021,205.40833,0.9151596,351.79498,229.7421,0.93904203,0.0,0.0,0.44682997,341.642,242.22646,0.889697,0.0,0.0,0.44654003,341.39877,254.74435,0.98353046,322.58984,254.90508,0.96123594,345.36282,294.14905,0.9821504,321.46832,294.27625,0.9508207,350.96808,336.0213,0.97068083,323.85654,334.97815,0.9375562
177.07193,200.14505,0.8338493,181.00047,196.72015,0.86881423,174.66801,196.59998,0.5423105,189.45747,199.288,0.8335352,0.0,0.0,0.15741141,199.44339,218.96335,0.9743465,170.85841,219.49638,0.89655596,207.85056,241.0946,0.9222683,0.0,0.0,0.4418804,197.18481,241.03717,0.86660147,0.0,0.0,0.44489864,196.20285,269.08005,0.97539675,178.5063,269.0241,0.9468764,193.35306,313.66364,0.9718979,183.99838,313.51572,0.92888486,193.00531,357.9036,0.94685477,190.36617,356.22095,0.8941505
0.0,0.0,0.19498482,0.0,0.0,0.08409975,0.0,0.0,0.1639206,0.0,0.0,0.22984967,167.45665,202.92802,0.5362697,147.31358,217.97899,0.84326434,165.13231,220.04349,0.89801204,0.0,0.0,0.47201025,160.82521,241.52512,0.66903603,0.0,0.0,0.337295,0.0,0.0,0.47253224,146.38707,263.15817,0.9384147,158.62744,264.38126,0.9507476,142.7249,298.38297,0.93299514,156.18413,299.52817,0.94336337,140.28835,331.2147,0.91083884,153.72273,333.35678,0.9213156
0.0,0.0,0.054356996,0.0,0.0,0.02781564,0.0,0.0,0.04386933,0.0,0.0,0.20956762,0.0,0.0,0.3992011,683.11475,221.54675,0.8437989,703.6579,220.6634,0.88853824,680.0638,237.80646,0.5984992,707.4386,236.5239,0.756021,0.0,0.0,0.4070736,707.12854,253.20715,0.55044496,688.4284,251.29008,0.9596821,701.82574,250.96967,0.9671855,691.44214,277.1667,0.93740094,700.21075,276.73087,0.94790345,692.716,299.29108,0.9088465,697.3433,298.75836,0.9196965
0.0,0.0,0.49763787,0.0,0.0,0.48195925,0.0,0.0,0.2593755,464.63538,201.01584,0.58574873,0.0,0.0,0.15894915,469.05435,215.43729,0.9238753,465.2759,215.32587,0.85950404,474.00354,234.68605,0.7440832,0.0,0.0,0.43454346,469.634,242.65758,0.63785607,0.0,0.0,0.38083643,467.8215,254.15514,0.9392664,466.46228,253.84972,0.917494,467.74136,285.70087,0.89503545,466.66693,285.4107,0.8531343,472.26138,315.42764,0.81878495,469.6691,314.85086,0.7696568
