298.7071,187.69998,0.9409184,301.75214,184.33452,0.86432767,295.0673,184.29326,0.9181107,305.2828,187.80295,0.539903,288.20868,187.54308,0.7606543,311.03302,210.36656,0.9838113,279.9372,210.80994,0.99264777,318.26364,236.40315,0.89655846,272.2535,237.29558,0.96375716,318.51932,261.05493,0.85865617,269.9022,262.72794,0.932436,304.3044,260.49286,0.9916447,284.84015,260.8851,0.99458766,302.10654,299.56906,0.98473257,285.47903,299.95105,0.9889959,298.7791,336.26138,0.9705287,284.42474,336.906,0.97650176
0.0,0.0,0.24211265,0.0,0.0,0.24368821,0.0,0.0,0.08015529,588.7851,195.31094,0.8271264,0.0,0.0,0.37507856,583.06915,213.87553,0.990256,611.2737,214.25215,0.9806151,568.47205,237.86679,0.9644956,618.45056,240.9724,0.84965646,554.75275,255.90176,0.8789273,613.6823,259.4074,0.6852919,586.577,259.6125,0.99460816,603.07367,259.2092,0.9923839,587.08435,297.8279,0.98574686,594.4933,297.90442,0.97640413,596.5845,335.3859,0.9608081,595.32556,335.3682,0.9440455
0.0,0.0,0.15272567,0.0,0.0,0.10074893,0.0,0.0,0.086279035,126.99271,196.04623,0.6707286,142.23657,196.39876,0.5982785,119.96666,215.95189,0.98171896,151.37526,216.46088,0.987166,110.558784,241.13326,0.90082717,156.798,241.68092,0.922378,111.55048,259.8398,0.7352077,157.47318,261.98172,0.760435,123.48116,263.74106,0.994672,143.7223,263.8249,0.9954406,124.4703,299.48267,0.98931855,138.36691,299.61505,0.9892408,127.17999,334.73337,0.9765578,135.37325,334.66418,0.97607124
0.0,0.0,0.29200783,0.0,0.0,0.10103824,0.0,0.0,0.2805836,0.0,0.0,0.36847353,92.811424,195.95422,0.8437002,68.70728,213.39055,0.9673081,97.585884,215.16011,0.9860189,59.657265,237.2083,0.69959337,105.82062,239.89923,0.9095007,0.0,0.0,0.48841706,109.58335,257.52332,0.7327988,73.132355,261.65158,0.9893925,92.17126,262.38434,0.99343175,71.14731,297.9979,0.9848859,88.55263,298.2849,0.99021155,70.09651,333.41736,0.9761193,85.21372,335.0321,0.9825798
0.0,0.0,0.11735159,0.0,0.0,0.08591008,0.0,0.0,0.05112268,184.90808,187.52068,0.7046989,201.95456,186.58586,0.51108056,178.69356,206.75565,0.98046553,212.30101,205.37381,0.9814668,171.56586,233.58449,0.87872726,220.52786,231.21265,0.8571654,171.86185,256.83942,0.6408608,220.42041,254.76892,0.5996565,187.36131,256.9346,0.99145764,208.76126,256.57434,0.9915103,187.44817,295.8892,0.9734118,206.24919,295.87592,0.9696032,192.06833,333.55182,0.9404208,205.57812,332.56607,0.93409514
0.0,0.0,0.28270915,0.0,0.0,0.121836856,0.0,0.0,0.18613608,0.0,0.0,0.40696463,444.9758,173.44559,0.568196,414.32156,197.30556,0.92373466,455.33865,196.7499,0.9499793,402.56027,230.19473,0.7739658,472.86633,224.37837,0.8657417,404.6868,252.85477,0.6337304,472.5899,238.13626,0.7393199,423.68774,266.1434,0.9793992,451.0406,265.64172,0.9838103,422.28088,320.35278,0.97734135,452.04932,317.21677,0.98304117,420.7777,371.28122,0.95938873,455.032,367.25455,0.9669357
0.0,0.0,0.2481365,0.0,0.0,0.19213583,0.0,0.0,0.06680712,713.3045,165.63103,0.70180005,0.0,0.0,0.2530704,703.7888,190.83017,0.9805386,743.53424,189.1454,0.9218575,687.00806,229.3368,0.95735985,761.11255,225.17235,0.749937,688.3442,260.3962,0.8848405,772.62836,254.83098,0.6318747,707.972,262.25656,0.9940136,733.3728,262.13745,0.9870402,707.1076,313.56805,0.9897709,732.6153,314.11368,0.97927094,714.3258,362.41574,0.96768963,737.6665,361.4,0.9509741
354.40256,199.50462,0.9087597,357.84198,196.87183,0.8375844,352.15118,196.51448,0.85455847,362.82947,199.51364,0.6023905,347.9271,198.7078,0.6409246,366.44534,216.3867,0.9791753,340.83075,217.17389,0.9862418,370.04648,231.17911,0.88128656,327.86542,236.8781,0.9210801,362.4969,227.29501,0.8351366,328.24823,246.1248,0.8708263,359.82578,262.72815,0.98872536,344.02698,262.96844,0.9906686,355.9872,298.18365,0.9829717,345.58954,298.16528,0.98395336,352.68066,332.89496,0.96638495,347.08362,332.411,0.96736777
0.0,0.0,0.49360514,769.9129,142.06165,0.536818,0.0,0.0,0.10584232,779.4908,145.7427,0.8821863,0.0,0.0,0.16905081,777.54626,177.2557,0.99206686,808.60815,171.8625,0.9103315,758.236,224.29454,0.98230076,820.68896,217.41429,0.6400669,746.90936,260.4764,0.94022727,824.60864,254.34518,0.55681306,782.3004,259.32593,0.99524117,800.1975,256.7779,0.9834909,778.3263,320.5205,0.9894343,787.7382,318.2133,0.96656823,798.8054,373.83508,0.95714855,796.52496,369.16748,0.91583467
255.69257,204.99568,0.8778626,257.43835,202.60992,0.7532921,252.9824,202.34297,0.8424114,0.0,0.0,0.4662524,246.2804,203.557,0.7058852,262.1768,219.00664,0.9684051,238.40237,218.02953,0.98111594,265.70776,235.8319,0.8153297,232.52795,234.97075,0.90344095,262.0715,246.07396,0.75757414,238.00122,245.86238,0.84333104,256.4518,253.47115,0.97825307,241.30193,253.25371,0.9831943,257.1571,281.86404,0.9634358,243.47574,281.68668,0.96980214,252.4814,308.46457,0.9441288,241.55615,308.37897,0.9512443
0.0,0.0,0.1385145,0.0,0.0,0.030925859,0.0,0.0,0.21886528,0.0,0.0,0.061245814,491.52222,201.49442,0.7292932,476.69266,211.64795,0.6581803,491.5671,212.81183,0.9231304,0.0,0.0,0.16514939,500.37744,224.59113,0.83964807,0.0,0.0,0.1371057,502.70776,222.70497,0.64239115,477.21335,250.56023,0.898738,487.59467,251.18182,0.9602463,475.03778,283.722,0.89256674,483.4905,283.6862,0.9587571,475.89133,316.54163,0.88487333,481.8811,317.49567,0.9415871
664.7903,207.64087,0.8757519,667.5696,204.79382,0.8008604,662.3185,204.87344,0.82074964,672.1733,206.71828,0.5720611,658.97253,206.81148,0.6270972,677.0011,223.72282,0.94700944,656.10144,224.04779,0.96619475,679.3048,243.56587,0.6596473,654.5383,244.08783,0.7826396,674.0584,258.62943,0.56145227,659.13,259.6233,0.665593,676.76074,262.16882,0.8973949,663.47437,262.44824,0.92169166,678.9653,288.87585,0.78221136,665.96747,288.68536,0.8206598,680.48175,316.02133,0.7052542,670.8669,315.2805,0.74088186
