0.0,0.0,0.35283914,0.0,0.0,0.45438358,0.0,0.0,0.052354403,470.99976,50.15881,0.9521313,0.0,0.0,0.20820136,453.0951,110.88216,0.9815338,534.9166,106.6662,0.85984075,418.23093,186.76378,0.9177396,0.0,0.0,0.34429768,442.35394,209.67577,0.7619551,0.0,0.0,0.24149942,461.2389,266.19296,0.96500057,514.4342,264.42603,0.9045157,460.5983,410.5395,0.85901845,499.9729,413.4006,0.6876531,0.0,0.0,0.36649552,0.0,0.0,0.23796624
0.0,0.0,0.13066371,0.0,0.0,0.13129647,0.0,0.0,0.04480217,767.22253,186.19467,0.8314599,0.0,0.0,0.40448898,761.04816,208.93352,0.98917586,795.5731,208.5046,0.98488545,749.9608,238.81593,0.9570858,805.83905,236.83975,0.8880296,741.3551,261.88446,0.84266186,805.5395,258.02536,0.6949631,765.0001,262.19446,0.9956317,785.7614,262.027,0.994555,771.98474,304.57233,0.9869543,783.98285,305.07535,0.9805438,778.00464,345.3952,0.96285415,779.9203,345.28452,0.9502973
663.2039,206.62975,0.91430026,666.2633,203.85469,0.891349,661.0396,203.814,0.79329437,672.14087,205.84818,0.7888765,0.0,0.0,0.46565154,676.94556,221.83704,0.98893064,653.577,219.76262,0.9848225,675.73914,240.80992,0.9485783,642.9296,233.14563,0.875336,659.90216,234.21117,0.91670793,652.3383,222.06506,0.8313485,670.85175,260.79507,0.9885582,654.8521,259.49854,0.9859,670.3491,292.8366,0.9763604,649.8501,291.4379,0.96567774,669.25073,322.80615,0.9451354,649.0312,320.58676,0.9280117
0.0,0.0,0.07829443,0.0,0.0,0.0574708,0.0,0.0,0.04152029,221.23108,193.66144,0.6286235,236.1109,193.70831,0.5128829,213.76434,213.04236,0.97561216,244.26755,213.65607,0.97785383,201.13837,236.66481,0.8992864,252.86282,239.04903,0.8918553,195.43802,257.0228,0.7115949,254.80023,259.71576,0.69468224,219.97307,261.4676,0.9933124,238.37898,261.89566,0.9935889,223.49965,295.1508,0.98570824,233.9248,295.85855,0.9843424,231.11884,327.23477,0.96775836,233.45967,327.66663,0.9651358
548.35205,136.5943,0.90096545,553.7103,131.82466,0.83048517,543.961,131.77515,0.78481984,558.8602,139.73982,0.63798714,0.0,0.0,0.49928132,566.97266,178.43661,0.9712172,527.49164,179.54393,0.92337805,580.3337,223.65593,0.8961987,526.0761,223.92303,0.7055819,579.30273,221.15416,0.8150497,547.96387,209.42511,0.6448587,564.8444,272.8026,0.97317106,538.67633,274.877,0.9560213,568.39484,355.5601,0.95982087,551.2404,358.38113,0.9379401,580.4629,430.85583,0.87488115,567.59735,431.6936,0.839234
0.0,0.0,0.15476036,0.0,0.0,0.0981298,0.0,0.0,0.12962219,0.0,0.0,0.47370678,90.61616,220.83311,0.57113695,75.75498,230.5459,0.96679926,93.51219,231.59003,0.9711393,69.59507,243.61046,0.756443,95.97385,245.14075,0.8164326,68.806786,255.04886,0.53621435,94.61386,256.86618,0.59927046,76.07446,255.21764,0.981618,88.05793,255.51456,0.98332095,75.663895,274.4096,0.96247953,86.26995,274.72595,0.966272,74.98015,292.77737,0.94670266,83.78278,293.15717,0.9510969
0.0,0.0,0.13728556,0.0,0.0,0.084614255,0.0,0.0,0.08854392,113.321365,220.54417,0.5027261,0.0,0.0,0.47812262,109.257,230.80362,0.97666466,126.65905,230.99156,0.9771473,104.72146,244.43866,0.82038075,131.52348,244.54982,0.83176214,104.391174,256.41263,0.60548615,131.28348,256.65112,0.61219376,111.920654,255.71796,0.9893811,123.20525,255.79637,0.9895325,112.60517,275.2121,0.97574735,121.36866,275.06046,0.9762463,113.10392,293.04517,0.9618527,120.23892,292.99832,0.9627094
0.0,0.0,0.1157221,0.0,0.0,0.08157397,0.0,0.0,0.07621618,338.5703,208.71483,0.5237865,0.0,0.0,0.4554705,334.61475,221.6358,0.96694803,354.1081,221.89482,0.9659481,329.3635,239.49928,0.7734103,359.31702,239.98653,0.76239336,329.26974,254.06339,0.5215602,358.67307,254.80606,0.5052271,339.04562,255.16823,0.9845465,352.12204,255.29074,0.984671,340.96713,281.9054,0.9588027,352.70932,282.03885,0.95844954,344.64386,307.1491,0.92388684,354.0403,307.04614,0.9234737
0.0,0.0,0.14829955,0.0,0.0,0.107619084,0.0,0.0,0.097839676,144.50162,218.17203,0.52170926,0.0,0.0,0.4476678,141.53008,228.45691,0.96839565,157.87057,228.12334,0.9664093,136.98955,242.4645,0.8053254,162.42902,242.05371,0.7893971,135.57755,254.51428,0.59224594,161.72357,254.47185,0.56914496,143.96732,254.47942,0.9828237,154.57536,254.22646,0.9827367,145.10225,274.90192,0.95574266,152.48755,274.72992,0.95486444,146.43788,292.96,0.9214007,151.36798,292.5668,0.9205633
0.0,0.0,0.040575843,0.0,0.0,0.039193265,0.0,0.0,0.028907051,0.0,0.0,0.0918754,0.0,0.0,0.05847777,0.0,0.0,0.1437494,0.0,0.0,0.15254799,0.0,0.0,0.15497594,0.0,0.0,0.15770125,0.0,0.0,0.16540308,0.0,0.0,0.1642465,0.0,0.0,0.25799617,0.0,0.0,0.2739517,0.0,0.0,0.3413721,0.0,0.0,0.3512787,0.0,0.0,0.40431106,0.0,0.0,0.41754135
0.0,0.0,0.11179352,0.0,0.0,0.07466768,0.0,0.0,0.06157409,369.7162,224.09583,0.5160564,0.0,0.0,0.38387012,366.3441,234.05057,0.95488626,383.43323,233.73914,0.95149106,364.0718,247.2501,0.7054359,388.94482,246.73729,0.6634341,0.0,0.0,0.4519401,0.0,0.0,0.40248436,368.14795,259.22803,0.9728828,380.31265,259.0566,0.97206974,367.36743,279.3664,0.9453831,379.8959,278.89645,0.9430374,367.91043,299.2243,0.92667955,380.2959,298.81238,0.92486846
0.0,0.0,0.09667102,0.0,0.0,0.08091422,0.0,0.0,0.058432076,817.1089,212.82014,0.5150674,0.0,0.0,0.33801407,813.67444,226.11534,0.91390234,834.9982,225.0368,0.89962333,809.49554,242.58823,0.5796001,0.0,0.0,0.48230493,0.0,0.0,0.33407465,0.0,0.0,0.2686897,817.2367,259.6231,0.9502266,831.63574,259.06415,0.9470167,815.3403,288.4468,0.9023031,831.7127,288.1163,0.8932054,817.7385,316.70407,0.8540314,831.742,315.91977,0.8450205
0.0,0.0,0.09543604,0.0,0.0,0.058081068,0.0,0.0,0.06500456,0.0,0.0,0.35335094,0.0,0.0,0.42112145,262.32,230.84886,0.9139006,280.61218,230.13182,0.9327089,258.99304,245.26448,0.71519387,286.3097,244.05318,0.7916937,258.10498,255.5162,0.52045304,285.52216,254.83939,0.60051763,267.35272,258.18985,0.9744732,279.2321,258.0556,0.97768754,271.23737,281.7018,0.9609116,279.74197,281.5602,0.96387565,272.65848,303.13748,0.9425757,278.2179,302.4782,0.945205
0.0,0.0,0.09404666,0.0,0.0,0.06987766,0.0,0.0,0.07137002,0.0,0.0,0.15872468,0.0,0.0,0.16919644,0.0,0.0,0.47036088,850.767,228.36406,0.5368348,0.0,0.0,0.27353412,0.0,0.0,0.3389003,0.0,0.0,0.24024914,0.0,0.0,0.27641273,845.316,260.90765,0.67683744,849.6303,261.42825,0.7146401,845.8396,294.4782,0.6637302,848.8779,294.90506,0.6897096,848.31396,326.1838,0.67502856,848.0386,326.78116,0.6960572
0.0,0.0,0.31992742,0.0,0.0,0.28012273,0.0,0.0,0.17408367,730.1916,204.5892,0.50688,0.0,0.0,0.28251457,730.4964,218.53122,0.89948964,738.7201,218.55734,0.87759286,728.4412,235.72853,0.6764044,738.9349,236.29109,0.5610538,723.6677,247.71107,0.52072966,0.0,0.0,0.42833033,730.8364,252.456,0.9183037,736.4008,252.19228,0.9124349,730.5193,281.14944,0.8752854,733.67255,281.11194,0.8586058,731.35095,309.02606,0.82973963,731.5029,308.6548,0.81525415
0.0,0.0,0.43231094,0.0,0.0,0.36567038,0.0,0.0,0.28256875,0.0,0.0,0.43935773,0.0,0.0,0.24698737,194.88138,235.07872,0.9269788,190.58382,235.05058,0.91236305,194.05121,247.73317,0.73178846,188.15067,247.11382,0.6450763,189.37242,255.78233,0.6267424,186.85123,255.18768,0.5472748,192.01102,259.63538,0.9643822,189.61856,259.38553,0.9606161,190.02992,278.44205,0.9505297,188.10854,278.15256,0.9440694,189.0082,296.0086,0.9337627,187.46977,295.47614,0.9274134
