0.0,0.0,0.051184483,0.0,0.0,0.02383566,0.0,0.0,0.03462094,262.50842,169.32463,0.5839167,285.67923,169.84346,0.7423467,248.88611,193.85971,0.9864439,295.3718,195.64905,0.9932881,229.45555,227.12535,0.9411249,307.94098,233.11755,0.9731611,232.95091,254.20128,0.7882258,315.7075,263.9564,0.8625374,258.8067,266.29282,0.997795,287.70544,267.18796,0.9984559,263.89896,319.6451,0.99259263,284.06128,320.20602,0.9939089,265.63318,369.936,0.9709791,276.8039,370.98135,0.97484994
562.5623,128.9362,0.9747259,566.26294,123.26691,0.82930464,555.25006,123.22867,0.96609026,0.0,0.0,0.40148675,539.5851,127.456314,0.9314631,570.626,169.6881,0.9846282,528.11505,172.60152,0.998268,581.85065,226.3667,0.88882595,518.7884,236.55518,0.9928853,595.3799,273.76056,0.85554636,522.8808,290.6854,0.9815181,571.39514,271.49905,0.9959245,546.99634,274.42722,0.998547,566.32104,346.00745,0.9916372,566.0035,351.57297,0.99720037,545.50104,420.14447,0.9692737,565.4838,429.99173,0.98499185
682.369,146.6784,0.9452586,685.04486,141.1375,0.8001939,674.68994,142.05646,0.91611266,0.0,0.0,0.41322276,663.69763,148.978,0.7913641,695.4222,180.65498,0.95901006,655.8789,181.95924,0.9886663,698.6211,218.27907,0.8398388,645.6547,218.76627,0.96664923,689.1589,206.17297,0.8059761,653.26666,207.78381,0.9396004,683.4575,266.7816,0.98292637,658.3253,266.80417,0.99082875,680.934,337.18192,0.97772753,669.79114,336.48364,0.9886158,656.34985,399.57666,0.9450741,650.6908,398.38315,0.9643423
0.0,0.0,0.12594265,0.0,0.0,0.08393326,0.0,0.0,0.085343935,158.97884,211.52951,0.53086317,0.0,0.0,0.48773834,153.74219,224.00766,0.9728441,173.56982,224.58446,0.97261965,146.86967,241.16913,0.79297775,177.86995,242.21002,0.7948093,145.59917,255.32219,0.54626113,176.33813,256.64328,0.5421775,155.05289,256.31467,0.98667544,167.92464,256.45374,0.98677176,156.13588,281.95294,0.9621548,165.49515,282.13492,0.96228766,157.38483,305.67572,0.93108684,163.24179,305.77798,0.9315084
768.18695,204.37404,0.7590365,768.8386,201.71452,0.53604203,766.33026,201.50768,0.6761634,0.0,0.0,0.43351173,764.0941,202.95424,0.7016047,765.4386,221.83559,0.9722401,761.8982,220.24677,0.982203,772.06415,241.68314,0.79798347,759.9119,240.86046,0.88754046,776.5315,245.46005,0.69842327,764.41565,247.56395,0.7879719,761.0482,269.40036,0.98527575,759.4205,268.60516,0.98824406,756.5371,303.4627,0.97655255,754.3932,302.716,0.98019147,756.258,335.75986,0.9537436,751.7131,335.13876,0.95888686
373.156,180.81873,0.8846255,373.47217,177.80623,0.58909816,369.82825,177.48933,0.88398635,0.0,0.0,0.20173396,359.12222,179.94722,0.8550217,372.46902,203.01857,0.9798244,348.92685,201.8375,0.9939221,378.30978,228.74956,0.87162554,352.42914,230.7444,0.97811264,382.1971,229.246,0.84129035,372.4278,230.1758,0.95365655,372.0855,258.23373,0.99413717,354.62918,258.76382,0.99699676,376.4885,302.00522,0.9882947,348.71033,303.05725,0.9938393,381.32074,342.6678,0.9708646,342.0776,345.08838,0.98178536
0.0,0.0,0.15071449,0.0,0.0,0.07587637,0.0,0.0,0.09990652,0.0,0.0,0.4209051,479.776,188.71994,0.6034097,458.67502,206.90071,0.9624299,487.0667,205.22998,0.9738502,455.07278,229.6793,0.77923197,494.22745,227.83128,0.85948324,459.46414,241.44533,0.55081254,491.3476,241.491,0.6490362,465.18182,250.54884,0.98674357,483.60385,249.82155,0.9894336,468.09286,286.42493,0.97146577,480.25623,285.72742,0.9759011,471.47116,321.54276,0.9453862,478.1519,320.83484,0.9514888
0.0,0.0,0.14089184,0.0,0.0,0.09621835,0.0,0.0,0.07849378,119.294495,215.77766,0.64016837,0.0,0.0,0.49177676,114.69172,227.90378,0.98678607,135.21062,227.82928,0.984574,109.43484,244.25409,0.88021034,141.48622,244.21182,0.84735787,109.12353,259.0451,0.6784189,141.25967,258.9772,0.62198937,117.250244,257.6528,0.99424356,130.64339,257.66223,0.99383956,117.38671,281.25534,0.9845589,128.58556,281.06738,0.98325276,117.80372,302.75354,0.9685371,127.02142,302.55713,0.9667809
0.0,0.0,0.19195653,0.0,0.0,0.12504146,0.0,0.0,0.13082318,71.83199,214.42531,0.56612086,82.07241,214.80252,0.54570544,66.92472,227.21648,0.9791726,85.68251,227.8549,0.97949606,61.806137,243.39946,0.8153707,89.6927,244.25974,0.8216427,62.720802,257.05612,0.608006,88.92026,257.8219,0.6083096,68.65188,258.02133,0.9904648,81.22059,258.35614,0.99062717,68.39403,282.1592,0.98005986,82.1288,282.29153,0.98038965,68.574165,304.52563,0.9649545,82.26593,304.8611,0.96562785
432.00204,209.41531,0.9124132,434.854,206.6707,0.87119186,429.08325,206.72473,0.8285126,439.29416,208.6608,0.70409405,424.20627,208.66129,0.56411344,446.14523,224.67984,0.98572636,417.64725,225.16646,0.98357195,453.0281,242.43982,0.9155476,409.69247,244.31532,0.86283034,449.8414,246.1473,0.8618773,413.44284,248.518,0.79412717,441.19083,267.15134,0.9850168,423.5011,267.20572,0.98315215,439.41745,300.2741,0.96351177,424.98288,300.02026,0.95458007,436.39435,334.1423,0.9182967,428.60217,333.39835,0.9054826
0.0,0.0,0.2240404,0.0,0.0,0.08212056,0.0,0.0,0.23008367,0.0,0.0,0.1995958,830.49786,205.44798,0.67197853,813.77893,219.7918,0.8434009,831.0471,221.82011,0.9240748,0.0,0.0,0.3067738,835.12286,239.43579,0.6511675,0.0,0.0,0.20334859,0.0,0.0,0.4189067,815.6009,260.07416,0.9274415,827.5644,261.23737,0.952317,813.19653,293.1351,0.91433775,828.6718,293.9432,0.94295895,814.19617,325.32916,0.91113216,829.16846,327.04654,0.933858
388.82486,203.35312,0.7709227,391.00494,201.11748,0.6976703,386.9885,200.69795,0.7128538,0.0,0.0,0.47323355,383.29544,201.44942,0.50723034,397.6807,215.08232,0.9577441,379.14612,213.92491,0.9557313,402.16864,230.46515,0.76212674,378.2539,229.04228,0.7749624,398.91672,236.30965,0.6948921,387.72684,234.56288,0.7067334,393.8898,248.68195,0.966825,382.02402,248.24608,0.96676975,394.7828,278.2584,0.9170188,384.47055,277.81894,0.9181727,393.3101,305.32993,0.8404821,385.8724,305.2576,0.8427913
0.0,0.0,0.26127005,0.0,0.0,0.18743038,0.0,0.0,0.22087169,0.0,0.0,0.21935777,0.0,0.0,0.28111127,844.767,221.91187,0.51368874,843.7729,222.93239,0.55713326,0.0,0.0,0.22113545,0.0,0.0,0.2657137,0.0,0.0,0.20109382,0.0,0.0,0.2226022,845.4449,260.97968,0.52363825,845.61584,261.6239,0.5534156,843.3292,294.80167,0.5702082,845.0987,295.1562,0.59032077,847.0106,326.51285,0.60891026,848.50934,327.0698,0.6235745
