605.6064,187.00812,0.9443757,608.8523,184.0505,0.9072007,602.7355,183.79933,0.8896811,613.21423,186.552,0.7426328,597.6249,185.95232,0.66594595,619.2786,205.54523,0.9930748,590.0967,206.49005,0.99389184,626.9103,227.1558,0.95381385,585.0499,232.23616,0.9440338,620.1722,240.8663,0.9195368,585.0525,253.4772,0.899567,612.948,253.76025,0.9938976,594.2424,254.0709,0.994194,611.272,290.4758,0.9819587,593.761,290.63217,0.9801844,609.35864,326.15262,0.9553284,596.0926,326.2924,0.95196337
0.0,0.0,0.14923315,0.0,0.0,0.08071841,0.0,0.0,0.0671879,0.0,0.0,0.41678134,0.0,0.0,0.32286423,223.88931,201.67503,0.93011886,259.5964,201.48174,0.9129224,213.77347,236.96413,0.84850883,264.35074,232.77953,0.79184383,211.95084,257.8274,0.7164061,258.25952,246.07817,0.6627441,226.76746,259.10733,0.98846555,252.28587,259.96304,0.9866158,226.29199,313.0034,0.98728335,260.52606,318.55026,0.9862488,217.48607,357.0355,0.97306573,260.89725,366.8014,0.9719596
471.60233,207.87505,0.89989257,474.1017,205.33345,0.82803416,469.51636,205.51505,0.82693386,478.1707,206.90994,0.6430713,466.39148,207.22885,0.63182706,484.43552,221.32767,0.9860173,460.17023,222.19339,0.98923594,490.80804,237.56516,0.9123687,453.42175,238.5361,0.9284477,486.42163,240.84384,0.86450577,461.89362,240.68625,0.8785088,481.3355,258.7154,0.9890198,465.39508,259.2406,0.9906052,482.38272,287.4039,0.976151,463.82315,287.71976,0.9775958,481.5155,314.52405,0.94888043,464.11414,314.57166,0.9507372
358.58218,202.58371,0.84642345,359.97375,199.60863,0.66489375,355.55637,200.15622,0.8038027,0.0,0.0,0.3500887,349.34735,202.10368,0.6660201,365.3475,215.06377,0.9594441,344.19513,217.21655,0.9791772,369.4267,230.6556,0.81294596,338.9934,234.21608,0.92643225,367.80948,224.20935,0.76857966,348.18793,224.58119,0.88075054,362.7055,257.75882,0.983606,348.76373,259.1494,0.9888775,364.42688,297.26813,0.97946584,349.4349,298.8189,0.98528767,363.68375,334.34537,0.96539617,345.9284,336.589,0.9726953
313.9676,214.11685,0.6637687,315.35046,212.08543,0.567974,312.5987,212.01685,0.5712614,0.0,0.0,0.40408787,0.0,0.0,0.4005726,321.39145,223.60963,0.9716315,305.64847,223.3554,0.9693768,326.2781,234.40306,0.8628959,300.83005,234.02754,0.86131954,323.22253,233.07114,0.8208666,304.02826,232.9455,0.8187259,316.11978,253.87401,0.99240255,306.77066,253.7481,0.99223775,314.90875,278.80826,0.9873146,307.4115,278.5265,0.987129,312.67438,302.69186,0.97646606,306.82617,302.74884,0.97636163
0.0,0.0,0.18580559,0.0,0.0,0.079771504,0.0,0.0,0.16020665,0.0,0.0,0.28489232,199.11047,213.28822,0.6428062,184.03366,225.95142,0.92657053,203.2668,225.24434,0.9572994,179.85373,241.79976,0.60883236,206.70505,239.6877,0.81989104,0.0,0.0,0.42399362,208.83063,252.3123,0.6274265,188.29669,253.63237,0.9777645,201.14548,253.44112,0.984029,189.35681,276.5528,0.9715115,201.08395,276.2403,0.9794739,188.82315,299.6344,0.96522397,199.5188,299.65134,0.9725801
0.0,0.0,0.2341048,0.0,0.0,0.1387211,0.0,0.0,0.27898127,0.0,0.0,0.07010855,0.0,0.0,0.27917305,0.0,0.0,0.15595978,0.0,0.0,0.44320998,0.0,0.0,0.06701928,0.0,0.0,0.4205212,0.0,0.0,0.09819422,0.0,0.0,0.3778243,0.0,0.0,0.19770077,0.0,0.0,0.36817265,0.0,0.0,0.26967168,0.0,0.0,0.46205038,0.0,0.0,0.39057866,844.8242,331.1504,0.5497516
282.6693,218.10588,0.82379776,284.18555,216.2322,0.7326187,281.02493,216.1207,0.7916126,0.0,0.0,0.478764,277.98218,216.95328,0.6488768,289.9586,227.58304,0.9781259,272.72983,227.32504,0.98138934,295.92453,238.45094,0.832612,266.4909,238.35487,0.8923266,296.9611,248.08318,0.7715782,267.31918,248.36488,0.83318764,286.3538,252.2721,0.97866315,276.0709,252.25351,0.98040205,285.23956,271.14557,0.9425023,276.66013,270.94577,0.9495843,283.37836,287.9282,0.8942089,276.7524,287.99475,0.90481466
141.67804,219.1597,0.566157,0.0,0.0,0.39678666,140.0076,217.46501,0.5702885,0.0,0.0,0.31134242,136.52034,218.34511,0.6396579,138.554,228.2285,0.9588311,133.2185,228.10196,0.9689775,141.8637,238.14825,0.76467097,130.76057,238.17256,0.87440866,147.07967,244.8619,0.65971917,132.28691,245.1789,0.776364,137.32501,251.74353,0.9646197,134.75923,252.02782,0.9701332,139.31711,267.4231,0.9067063,136.7483,267.38,0.9241474,137.30275,282.33154,0.8484784,134.63751,282.8826,0.87036544
663.83344,206.59047,0.91921204,666.3908,204.0067,0.8950892,661.2052,204.1721,0.8774182,670.86615,206.01363,0.7029455,657.2502,206.78343,0.61957836,675.2254,221.0403,0.98062325,654.9773,222.15591,0.97625285,679.0672,236.6358,0.84091294,654.84094,238.35056,0.806715,672.23773,240.82582,0.7684779,662.1481,241.90945,0.7357333,671.05225,256.18588,0.94809026,657.9907,256.56943,0.9438184,669.825,281.6283,0.79107565,659.62024,281.6974,0.7787345,667.49536,303.5523,0.55283046,661.4055,303.9238,0.53918594
