817.0351,139.74243,0.98156595,823.24695,132.76259,0.9125277,809.6081,132.66469,0.9777694,0.0,0.0,0.48475754,799.3084,136.68301,0.9020441,843.0213,175.97728,0.9523468,776.6337,170.70013,0.9943336,847.54803,206.46637,0.7861183,745.65,210.23067,0.98286796,838.4232,165.57751,0.7472005,769.07825,203.93675,0.9609477,832.35895,278.24225,0.96272355,783.33765,275.97943,0.9861588,851.71375,365.58218,0.86433196,770.5738,358.78287,0.94733095,854.0,440.1177,0.549244,753.9203,433.66492,0.7065071
696.47894,94.740105,0.9810115,700.82275,88.979355,0.8638515,687.01044,87.70318,0.9749938,0.0,0.0,0.40917623,667.5545,94.749016,0.931858,712.56555,148.99805,0.98160225,651.5374,148.22124,0.99779606,720.04236,221.36899,0.86546916,629.0569,220.74347,0.9918356,725.038,277.09778,0.8232457,631.13135,287.6085,0.97806394,709.3432,273.6364,0.9899422,673.37177,274.2181,0.99654764,699.34143,368.39908,0.9588252,689.28394,367.68784,0.9856926,657.4349,455.65604,0.79210985,669.7774,455.11865,0.8859183
0.0,0.0,0.075480655,0.0,0.0,0.045876876,0.0,0.0,0.03835143,256.21124,179.46863,0.69914806,274.69946,179.5128,0.615531,246.92368,203.5155,0.98691225,284.85193,203.64543,0.98945576,234.82011,237.37537,0.94036293,298.86993,236.70607,0.938669,229.03398,267.181,0.79212636,301.41165,266.28516,0.76933664,253.36531,265.0595,0.9965216,277.81534,265.3306,0.9967552,255.91283,309.98212,0.98849386,281.05872,310.38254,0.987211,257.24042,351.71173,0.9637296,279.93396,352.1888,0.9607072
398.8295,170.60443,0.9445037,402.15848,166.67157,0.86543196,394.82303,166.97682,0.91540176,407.68924,168.93845,0.54304355,388.64957,169.48137,0.77047914,415.2916,191.83167,0.98587984,381.15912,193.30739,0.9942141,422.66455,221.4218,0.9093456,379.75592,225.17868,0.9703388,414.5305,222.1555,0.8825282,406.34976,224.60149,0.9440718,412.29166,255.68301,0.99186784,390.62537,256.72433,0.9950578,407.56345,307.21085,0.97992355,395.8743,307.97205,0.9866887,398.23166,355.891,0.9348829,397.64603,356.6162,0.9523239
0.0,0.0,0.10438254,0.0,0.0,0.05886983,0.0,0.0,0.08444339,0.0,0.0,0.45794195,129.2358,216.2584,0.5871207,112.076225,227.13388,0.9778226,133.09023,227.97672,0.9813689,104.71657,242.18396,0.8251424,137.51714,243.38777,0.8792324,104.01705,254.50078,0.58831877,136.92432,255.936,0.6632245,114.143,255.98898,0.98942053,127.94338,256.3394,0.99040425,114.271996,278.09537,0.9657386,126.356186,278.3523,0.9695748,113.66468,297.41122,0.93264455,123.77165,297.74826,0.93865407
0.0,0.0,0.19105011,0.0,0.0,0.13097177,0.0,0.0,0.12157996,71.99009,216.81926,0.6093112,81.56151,216.80827,0.5455451,67.74534,228.51863,0.9817222,86.90873,228.58745,0.980586,63.649197,242.79825,0.8318663,94.20839,242.95493,0.8160863,64.847946,254.31186,0.62921375,95.13431,253.93057,0.6007708,71.020905,256.48517,0.9908187,83.589226,256.58005,0.9906517,70.622025,278.18204,0.9800286,83.92582,277.93042,0.9796229,70.74938,298.66364,0.96652055,84.41504,298.6242,0.9663409
462.3683,204.12886,0.9306207,465.59137,201.12186,0.865563,459.586,201.01184,0.89167154,470.64346,204.331,0.5821803,454.77393,203.74458,0.7018019,475.57242,223.5513,0.9853677,445.3669,223.0794,0.99204224,482.75577,244.63101,0.9226106,435.4376,243.58438,0.9591434,486.82642,256.20377,0.8943299,438.10968,249.8998,0.92920583,465.82507,268.2319,0.99222773,447.28424,267.9359,0.9943375,459.29962,304.61456,0.98378134,446.60617,304.49924,0.9867279,451.05753,338.62338,0.9616256,444.14926,338.87088,0.96742934
0.0,0.0,0.12957194,0.0,0.0,0.07767075,0.0,0.0,0.0956025,0.0,0.0,0.47052392,165.34216,212.48285,0.5443694,150.76524,224.44398,0.97432435,169.4169,224.7689,0.9768907,144.95384,239.91853,0.79603666,175.28926,240.49768,0.8372755,145.48384,253.1811,0.56510925,175.7785,253.83215,0.6112533,153.72995,254.06436,0.98861223,165.53671,254.27753,0.98931736,155.4848,277.3296,0.96976537,164.8209,277.32867,0.9721255,156.10458,298.23666,0.94569415,163.34024,298.47464,0.9493323
0.0,0.0,0.16570607,0.0,0.0,0.20623952,0.0,0.0,0.048825547,336.34177,216.96758,0.811244,0.0,0.0,0.21702906,334.7311,230.15356,0.9750752,356.54083,228.60783,0.917671,325.28235,247.1463,0.9193783,363.7732,244.76198,0.54641235,318.36508,262.2743,0.76795226,0.0,0.0,0.3813581,344.233,259.8448,0.9837059,357.2049,259.0715,0.9686924,343.37122,284.28946,0.9733306,351.36826,283.94998,0.94241124,345.16882,308.9588,0.95244026,347.90225,307.24725,0.91686714
497.38593,220.32123,0.8208923,499.06323,218.28175,0.79834133,496.4423,218.37576,0.6581783,503.20074,218.71243,0.7162446,0.0,0.0,0.34121254,508.63593,228.9622,0.9817764,493.3001,229.59038,0.9701633,513.2168,242.0302,0.8880799,490.43134,242.5106,0.76233697,508.27902,249.19939,0.8279628,492.38715,249.06027,0.70113504,505.62628,257.2182,0.98137456,495.80304,257.3125,0.9762515,505.2474,280.29428,0.95082575,497.28653,280.15747,0.93674827,505.91132,301.5541,0.9021865,500.67148,301.3978,0.8823136
591.0448,214.48166,0.81402963,593.31683,212.3565,0.7375685,590.02423,212.46446,0.6824595,598.16724,214.00876,0.5952053,0.0,0.0,0.47039434,602.62994,226.48088,0.9579176,587.2567,227.12553,0.95610857,603.05853,239.41072,0.8057176,582.4951,239.79715,0.76899236,593.325,240.88324,0.7365914,588.4069,239.99915,0.6981666,599.0992,258.5542,0.953517,589.3586,258.66034,0.95202,597.20667,284.10483,0.92252964,590.05554,284.14658,0.91466296,593.7511,306.71606,0.8743988,589.1331,306.2436,0.86585534
