0.0,0.0,0.39905348,0.0,0.0,0.087537214,0.0,0.0,0.42137462,0.0,0.0,0.23100707,302.89053,175.78076,0.8522654,268.02557,199.37227,0.92110944,303.31622,204.68129,0.9885443,255.5533,237.65082,0.689086,316.24554,235.49347,0.9713392,270.72678,257.95428,0.5892824,322.78195,228.56232,0.9124215,272.51993,274.9014,0.9885767,294.59064,277.76947,0.9955106,281.33356,327.09436,0.9863738,294.5016,332.33548,0.994747,268.0982,372.63278,0.9721132,285.02728,382.65775,0.984677
0.0,0.0,0.07272811,0.0,0.0,0.04085698,0.0,0.0,0.04612856,0.0,0.0,0.48652774,386.33264,197.35904,0.601229,360.4597,218.48169,0.959294,397.40732,216.45709,0.9743056,353.51657,243.88304,0.7448751,410.52875,238.94028,0.85089785,0.0,0.0,0.45838097,403.2351,246.01636,0.5836396,372.3578,270.26813,0.9881594,395.34644,269.77716,0.99079484,376.95828,310.4259,0.9746284,391.01514,310.2489,0.9784253,381.42386,352.4317,0.95196146,385.23422,351.5916,0.9568503
0.0,0.0,0.11722107,0.0,0.0,0.078037724,0.0,0.0,0.05996554,154.44261,206.08925,0.5778699,0.0,0.0,0.46380514,146.13133,221.73682,0.9571954,173.66037,222.09471,0.9495859,137.03581,241.99397,0.76849556,175.05875,242.21733,0.67846966,142.90414,252.21078,0.5087724,0.0,0.0,0.4121445,150.95274,264.77057,0.98070335,169.7421,265.20697,0.977727,144.36197,299.9459,0.96557295,166.09306,300.65906,0.95467424,141.07289,334.24615,0.9389312,163.25932,334.68744,0.9250838
504.79425,198.0908,0.91818047,508.13416,195.53456,0.89853895,502.7747,195.16428,0.7867399,513.4833,197.76909,0.81142366,0.0,0.0,0.44458964,518.899,213.24358,0.9910323,495.0866,214.18118,0.98214334,524.3524,230.65234,0.95714587,495.8352,234.12833,0.8360128,511.26175,219.52495,0.9239146,501.6857,225.14613,0.78827137,515.3575,254.52731,0.98847264,498.8718,255.17863,0.98331636,519.76373,289.93066,0.96976435,500.7353,290.6988,0.95032835,525.8239,320.54596,0.9257242,504.09494,320.64154,0.8930457
0.0,0.0,0.1997855,0.0,0.0,0.058248017,0.0,0.0,0.17964925,0.0,0.0,0.35858315,585.4773,197.41176,0.8517486,558.8064,216.96753,0.97509253,590.8926,216.9366,0.9871394,547.5139,243.50533,0.76805574,597.6286,243.25136,0.90971947,556.0593,250.52693,0.5235391,596.32874,249.69353,0.70682186,566.2433,271.53134,0.99285346,588.9176,271.6886,0.99501497,566.22235,312.61523,0.9873405,592.7437,312.30853,0.9906821,565.52924,351.52646,0.97317696,595.4539,352.1185,0.97838664
0.0,0.0,0.123957284,0.0,0.0,0.079599634,0.0,0.0,0.06849575,681.5063,201.15836,0.5179242,0.0,0.0,0.49856207,676.32385,216.5632,0.9672521,701.57697,215.47725,0.97177,672.4611,235.90623,0.8439219,707.14594,235.5737,0.8584957,674.09186,250.91418,0.63369685,705.5434,252.09052,0.6544945,682.16974,254.41502,0.98781455,698.7878,254.00279,0.9891228,683.41174,283.38763,0.97083384,696.9037,283.19684,0.97157377,685.9043,311.00928,0.9426504,697.0609,310.5169,0.943458
451.59763,202.81332,0.88919634,453.62244,200.27333,0.7364644,448.98862,200.10262,0.8732628,0.0,0.0,0.40231782,443.271,201.67218,0.77935743,459.46738,217.94014,0.96993715,435.74893,218.14754,0.99011934,465.05188,235.93991,0.7960333,427.9887,238.14137,0.95490384,460.60022,249.76694,0.74249285,424.93442,258.0028,0.90851337,455.96194,256.6241,0.9806182,440.847,256.89157,0.9892089,458.34274,286.28714,0.9564171,442.25482,286.2949,0.9739294,458.60397,312.18884,0.9177939,442.4742,312.3377,0.9430969
0.0,0.0,0.28230542,0.0,0.0,0.31096268,0.0,0.0,0.09769399,644.1392,216.52588,0.7240987,0.0,0.0,0.20109911,642.1251,230.62321,0.9563854,657.93555,230.39285,0.87908363,634.42163,248.25783,0.85911185,0.0,0.0,0.4491834,628.3179,258.5475,0.7041836,0.0,0.0,0.34559408,643.03784,266.42966,0.97540104,653.3483,266.0984,0.9562592,642.13495,295.25516,0.97552526,649.2962,295.50845,0.95103383,644.4658,324.28604,0.9667478,648.4971,323.7784,0.9445134
0.0,0.0,0.20560971,0.0,0.0,0.10768701,0.0,0.0,0.14722906,0.0,0.0,0.17856513,0.0,0.0,0.29705733,318.94946,213.90546,0.80213046,322.5037,216.23029,0.8050053,323.27496,235.06491,0.60928833,330.64435,239.5407,0.63762313,324.73898,229.01372,0.5055094,331.99667,231.91391,0.5292599,322.40137,271.8157,0.9374218,324.91214,273.26587,0.9378926,326.22217,314.91528,0.9382631,328.2107,316.3424,0.9383506,327.21997,354.23172,0.9109408,328.1719,356.1017,0.9111548
0.0,0.0,0.16151193,0.0,0.0,0.17605543,0.0,0.0,0.048476182,209.65396,215.31822,0.74734575,0.0,0.0,0.23637441,208.14474,229.32755,0.95787394,230.46082,227.65788,0.8798423,202.8418,247.68239,0.8435505,0.0,0.0,0.42777857,202.33553,255.29018,0.61723816,0.0,0.0,0.2728972,218.71129,264.57782,0.96045357,234.2264,263.9027,0.9310494,215.72574,290.47867,0.930724,234.84857,290.06998,0.8709216,217.23576,319.04526,0.8793551,238.46825,316.92783,0.8147121
