0.0,0.0,0.10790762,0.0,0.0,0.06120676,0.0,0.0,0.054156993,410.7395,181.73291,0.7191049,433.0825,179.93504,0.7419249,399.81097,207.55272,0.99185705,445.96777,204.78127,0.9942754,385.8857,245.78642,0.95444256,460.78192,243.95479,0.9633906,387.33185,276.83365,0.8132419,460.90146,277.61685,0.83310395,411.41562,271.73404,0.9974477,440.23776,270.52496,0.9979411,417.97705,327.4181,0.9909576,437.33148,326.36276,0.99165523,423.50702,381.0531,0.96509284,435.13416,379.87988,0.9671778
804.6456,210.23528,0.9228793,807.7806,207.09908,0.91302,801.95685,207.27277,0.7858975,814.0753,208.34834,0.8346554,0.0,0.0,0.42302668,823.3698,225.23141,0.9919335,795.38495,226.25978,0.98433626,830.1052,246.8634,0.96434414,794.1402,248.10689,0.8480318,812.2493,250.49861,0.9378237,806.38043,251.14232,0.8061426,820.2392,271.39502,0.99044096,802.27765,271.59518,0.98591924,819.21576,308.66745,0.9751576,806.02997,308.58893,0.9577568,815.24066,344.021,0.93656003,812.05225,343.2806,0.9082461
0.0,0.0,0.09077615,0.0,0.0,0.046880867,0.0,0.0,0.054494247,504.9692,171.52942,0.5609411,524.72064,171.89601,0.649473,494.90784,198.71614,0.98073167,532.0723,199.88252,0.9885211,485.90613,236.60155,0.90031034,541.3138,238.69002,0.941122,484.30084,270.9709,0.70976394,543.8034,272.5462,0.7773029,500.80237,267.3625,0.9957956,524.021,268.1774,0.99675506,504.16827,316.92825,0.98849714,520.15796,317.89258,0.9897007,508.68912,364.8074,0.9665893,516.5297,366.29727,0.9689689
0.0,0.0,0.069583945,0.0,0.0,0.06465147,0.0,0.0,0.025884336,697.87787,206.53128,0.7060181,0.0,0.0,0.32298803,693.48065,228.99411,0.9766407,722.97534,229.39326,0.9686572,681.94867,255.92953,0.9190188,731.9441,260.98987,0.83201236,677.0129,267.48395,0.7486512,734.8635,279.05756,0.6067738,698.74365,284.32065,0.99386626,716.6795,284.40622,0.9926202,702.3957,325.8986,0.98629296,714.8176,326.4505,0.9806372,709.3276,365.98605,0.96711916,712.4337,365.4583,0.95738596
0.0,0.0,0.085000396,0.0,0.0,0.06741195,0.0,0.0,0.041231975,614.5636,181.78905,0.7089027,632.9656,181.8464,0.51028466,604.57806,208.55399,0.9709811,643.4577,208.64204,0.9578056,594.2819,242.23529,0.8145129,651.7096,242.77188,0.6665502,0.0,0.0,0.49605748,0.0,0.0,0.34334737,611.57385,272.44403,0.9877527,635.8109,272.85382,0.9841223,616.8344,321.42596,0.9773072,630.90955,322.30627,0.9667594,620.9195,368.83334,0.95173776,624.0478,369.33908,0.9355429
0.0,0.0,0.21612735,0.0,0.0,0.1759293,0.0,0.0,0.10973683,658.96704,233.74117,0.60589194,0.0,0.0,0.39862427,655.3596,246.9743,0.94856757,677.109,247.06683,0.9362386,652.1933,261.45612,0.74633074,683.13513,263.52988,0.6527471,651.32947,268.93127,0.53321415,0.0,0.0,0.44979256,659.4983,279.49152,0.96882117,673.8805,279.3664,0.96667117,660.1214,306.40237,0.95154744,673.67487,306.4652,0.94440836,663.88947,333.70007,0.9322268,674.57355,333.2082,0.9249888
0.0,0.0,0.1393871,0.0,0.0,0.08167237,0.0,0.0,0.12081258,0.0,0.0,0.22187334,0.0,0.0,0.40853783,578.6614,243.53061,0.8423725,591.4272,242.44058,0.87959355,572.46375,265.30283,0.5010983,593.5397,263.705,0.6323879,0.0,0.0,0.34695694,0.0,0.0,0.44613647,587.02783,281.5412,0.94074696,594.01917,281.58258,0.94910717,590.48346,311.75046,0.91408336,595.0027,311.71307,0.9245607,594.29877,340.0361,0.86359537,595.943,340.16644,0.87575626
0.0,0.0,0.14335623,0.0,0.0,0.080470845,0.0,0.0,0.14127044,0.0,0.0,0.3293805,294.88022,233.95776,0.57934093,282.0364,243.43892,0.9506566,297.37833,244.20639,0.9639928,276.1853,257.46936,0.70344776,300.38724,258.33203,0.83370453,0.0,0.0,0.49334446,300.74994,268.2291,0.6322866,284.33426,270.9033,0.97772187,294.20844,271.2367,0.98146695,286.08765,293.95544,0.95046026,293.50284,294.1333,0.9597988,286.4521,315.64618,0.92415667,291.5435,316.17294,0.93533605
0.0,0.0,0.1521583,0.0,0.0,0.08565235,0.0,0.0,0.15385006,0.0,0.0,0.35640442,261.60587,238.77324,0.60939896,247.30687,247.74278,0.9543535,263.80756,248.6491,0.9664177,240.87599,260.51715,0.713529,266.30344,261.2147,0.84096724,0.0,0.0,0.49958277,266.01035,271.375,0.6391371,248.14014,272.28885,0.9732708,259.219,272.58673,0.977626,247.91763,291.27826,0.9368934,259.39407,291.39554,0.94882274,246.0185,308.8474,0.9069193,257.35684,309.3526,0.9207471
0.0,0.0,0.14580457,0.0,0.0,0.08790434,0.0,0.0,0.13226946,0.0,0.0,0.39808878,358.31976,235.87721,0.5805453,345.76862,246.36523,0.9593175,362.1305,246.4373,0.9680558,339.9498,260.24762,0.73033214,366.404,259.88068,0.83029747,0.0,0.0,0.49890247,366.2528,270.06992,0.61013603,348.55328,273.08066,0.9759857,359.34503,273.03412,0.9793062,350.0515,294.6695,0.93834054,359.35266,294.49594,0.9477849,350.41782,314.22644,0.90251267,358.43536,314.2041,0.91411155
57.442223,246.19702,0.83195055,58.7554,244.40668,0.7811523,55.89763,244.45029,0.7713638,60.56431,245.42766,0.58006513,53.371574,245.60252,0.56101596,63.54365,255.69112,0.96839213,50.903942,255.7823,0.967284,65.297325,268.66782,0.82250303,45.962437,268.70352,0.8238422,62.73563,279.3551,0.76031,45.916607,279.75122,0.7648793,62.647602,280.1249,0.9559625,55.21024,280.19058,0.95570433,61.96701,298.0856,0.8870601,56.223278,298.05786,0.88560814,61.985977,314.49533,0.7999861,57.823246,314.3515,0.7979652
