575.6057,192.11118,0.7641662,0.0,0.0,0.3706674,573.1256,188.54565,0.79347485,0.0,0.0,0.24022058,564.06036,191.18216,0.8485704,567.5459,216.9266,0.9166835,554.95447,217.94168,0.9879773,566.0198,248.6093,0.59913725,544.20953,252.72241,0.9592361,0.0,0.0,0.46867952,545.741,280.759,0.8788437,566.9762,282.51318,0.9813399,563.3332,283.46765,0.99291116,556.3236,331.64795,0.97585016,577.1431,333.84457,0.99125224,528.53235,375.8862,0.9576061,577.55347,382.58157,0.97769505
134.34898,201.94403,0.9235758,135.77039,199.55382,0.8101034,131.71153,199.58392,0.9014476,0.0,0.0,0.4738064,125.628815,201.70895,0.790854,140.00879,217.15419,0.982463,118.597916,217.11024,0.99216,145.76833,234.47319,0.8879939,112.70995,235.66708,0.9616066,146.74461,245.88918,0.8496635,117.70141,247.55035,0.92783624,135.82942,252.21594,0.98859555,121.3664,252.3447,0.99245065,139.12369,279.24466,0.97455716,118.7624,279.3846,0.9819311,138.21864,304.83826,0.9535036,114.14432,305.50394,0.9640457
0.0,0.0,0.11194361,0.0,0.0,0.087507166,0.0,0.0,0.050819498,314.18552,193.95605,0.6265549,0.0,0.0,0.40397832,309.2175,207.91808,0.9660145,331.8265,208.05968,0.9558635,304.56384,227.06184,0.86679286,334.8186,228.24367,0.7743128,305.15726,240.2809,0.67769825,332.5067,242.50986,0.5588633,311.9198,245.38115,0.98930526,328.16507,245.53651,0.987421,306.30365,274.82507,0.9826912,329.15256,275.35443,0.97651607,301.3236,303.4151,0.9704534,329.25067,303.43893,0.9628271
524.3939,179.29456,0.9240238,525.5364,174.34708,0.59592664,518.5279,174.63713,0.9575884,0.0,0.0,0.08976288,504.02255,176.01642,0.9460714,526.82385,204.46103,0.9432848,489.2685,205.37134,0.9950223,533.8732,241.77814,0.5846081,483.3504,247.22873,0.98802584,542.04877,272.46356,0.5873038,497.02966,279.21387,0.9666414,521.7134,284.2967,0.98201907,497.894,285.83572,0.9953022,519.8414,340.65103,0.949996,502.61813,342.59464,0.98697776,507.26962,392.58777,0.864242,494.30902,396.59964,0.9482146
847.1819,187.05197,0.6515448,0.0,0.0,0.26333088,843.51385,183.46461,0.79712814,0.0,0.0,0.062281214,834.587,187.13809,0.8495655,841.6526,210.72282,0.52697366,829.9616,211.2891,0.92149687,0.0,0.0,0.07296122,831.1973,236.61394,0.80754703,0.0,0.0,0.09310868,843.20087,251.02293,0.6649402,846.72205,258.0028,0.5428373,839.5883,259.0309,0.8217741,0.0,0.0,0.48037738,840.96924,292.57764,0.79326606,840.1386,325.89417,0.5291797,835.69275,327.35837,0.76713985
710.5231,206.6388,0.8721623,713.33453,203.98242,0.84073263,708.8741,203.88373,0.72498155,719.2661,204.27383,0.7184319,0.0,0.0,0.4057915,727.29297,217.39006,0.98200697,702.2014,215.97787,0.97558993,732.59973,237.0833,0.93635136,694.51917,231.0265,0.8700302,723.7863,244.55835,0.89979887,699.77136,233.5566,0.8274798,721.3082,252.7043,0.98282963,705.61285,251.75806,0.9795585,718.7041,276.92444,0.96367335,704.7705,275.8088,0.95135576,717.6482,302.74805,0.9238294,709.1561,300.80246,0.90550995
175.94446,201.58989,0.64963883,177.15504,199.29584,0.5128143,174.26529,199.57945,0.501344,0.0,0.0,0.40375113,0.0,0.0,0.36683083,185.72495,211.6194,0.9519458,166.11505,212.80757,0.9519127,190.11566,226.57362,0.8493164,161.93741,228.51425,0.8383189,184.96399,232.97685,0.79501295,165.52583,234.91351,0.7828204,182.24147,244.90215,0.9838156,169.81177,245.34047,0.9838282,181.15019,271.3349,0.9796866,167.95023,271.67816,0.9781964,179.37259,297.07294,0.9686197,167.12196,297.31985,0.9666901
0.0,0.0,0.07985896,0.0,0.0,0.06632631,0.0,0.0,0.03766522,211.5473,214.33914,0.5818114,0.0,0.0,0.2684499,207.81659,223.40381,0.96718097,226.77461,223.92122,0.9569569,201.03146,237.78668,0.8396007,230.26344,238.98267,0.72534,197.31065,248.27309,0.64216065,228.48633,249.4694,0.5033064,210.05788,250.17583,0.99111205,222.71846,250.29314,0.9898028,205.88597,271.89297,0.9864985,218.74002,272.08115,0.9834487,207.9023,294.4363,0.97763455,219.09566,294.21948,0.97394794
0.0,0.0,0.21618971,0.0,0.0,0.086099215,0.0,0.0,0.24394214,0.0,0.0,0.10784981,825.6712,205.6642,0.53517795,816.1605,220.85902,0.82062024,821.8298,221.80666,0.905202,0.0,0.0,0.41538656,822.4636,243.71457,0.76933986,0.0,0.0,0.33979535,830.0585,256.5678,0.62228143,817.82983,263.38727,0.94825137,821.7629,264.50333,0.96424204,819.9024,296.1151,0.9450892,822.9609,296.20975,0.96407485,817.1037,325.50308,0.91723126,817.13055,326.76202,0.94028974
838.9651,193.86775,0.676016,0.0,0.0,0.25318244,836.68066,190.51822,0.7896186,0.0,0.0,0.08376697,828.47156,192.87422,0.87577564,824.61365,210.92218,0.8115951,821.13184,213.47922,0.97321475,0.0,0.0,0.2968594,822.5624,239.27223,0.9413553,0.0,0.0,0.30639964,836.26556,253.20326,0.86718893,826.17694,257.48813,0.9035859,823.98584,259.58466,0.96832305,830.3264,293.19952,0.8599579,827.7066,294.8203,0.95484614,822.7721,324.09198,0.84262085,818.67645,327.32785,0.93173265
