0.0,0.0,0.039400376,0.0,0.0,0.023924481,0.0,0.0,0.02459415,804.2936,198.67789,0.50596356,825.0243,197.01077,0.5956819,795.16437,225.88162,0.9541608,836.4724,223.45306,0.96868247,781.12476,261.69244,0.79603636,847.23975,260.24313,0.87032783,0.0,0.0,0.4832282,853.6244,283.25055,0.58791935,808.2772,292.20355,0.98748475,833.30176,291.47708,0.99005365,816.87787,345.53162,0.9712161,828.6928,345.11273,0.9751858,823.18463,400.31284,0.92268425,822.376,399.25122,0.93023956
0.0,0.0,0.10527351,0.0,0.0,0.053605262,0.0,0.0,0.058341347,0.0,0.0,0.47730485,321.61633,207.57344,0.5772998,294.85583,225.81203,0.9787369,329.88547,225.2652,0.98397887,280.4582,251.75433,0.9259904,339.11584,255.71085,0.9408195,277.38617,272.22104,0.8002259,338.89398,282.12756,0.82570094,300.7917,271.9077,0.99519485,322.12186,271.22302,0.9960394,307.23978,313.68878,0.9892436,317.76044,312.84946,0.99034685,310.81113,353.15125,0.969993,312.95023,352.781,0.9725979
0.0,0.0,0.32157895,0.0,0.0,0.09442495,0.0,0.0,0.32804355,0.0,0.0,0.32967085,529.7349,197.14963,0.8928825,505.05597,218.55096,0.97451246,534.7046,217.42264,0.9904947,500.6293,246.95302,0.7107755,541.96533,243.9946,0.9292124,0.0,0.0,0.47698689,538.9243,261.65088,0.75436735,510.7545,269.1064,0.9893413,530.6558,268.65234,0.9936848,514.84924,309.1826,0.97745425,530.04016,308.38162,0.9861427,516.04346,348.57855,0.95412165,528.80347,348.8832,0.9672858
0.0,0.0,0.13245049,0.0,0.0,0.06421755,0.0,0.0,0.10625007,0.0,0.0,0.45812705,399.49588,197.14673,0.6830917,376.2982,218.35428,0.953854,404.1894,220.0229,0.9752678,368.99423,246.80777,0.75636536,409.70712,249.15916,0.88688284,369.22076,271.82806,0.53136605,411.2812,274.48874,0.6826925,378.52148,271.36462,0.9881783,396.81387,272.36777,0.99136764,378.01007,312.756,0.9822604,394.68988,313.78,0.9852846,377.10815,352.4034,0.9689521,391.9902,354.20828,0.97248286
0.0,0.0,0.15983987,0.0,0.0,0.19911672,0.0,0.0,0.044847026,742.29987,187.19583,0.9220956,0.0,0.0,0.4535797,731.78955,213.61302,0.9896618,777.40045,211.76883,0.97434366,718.29645,248.1264,0.92102456,785.85754,243.73831,0.6384195,721.28265,275.01422,0.664866,0.0,0.0,0.31636852,737.019,278.67892,0.9905219,765.4398,278.07953,0.9837558,744.5185,327.85385,0.97502726,760.58105,328.3573,0.94943684,756.4687,376.5416,0.9386546,760.52545,375.76706,0.89749485
0.0,0.0,0.15452142,0.0,0.0,0.105642736,0.0,0.0,0.08845013,579.7148,216.69232,0.57199275,592.6211,216.60835,0.53762996,572.6325,237.10773,0.96505874,598.9475,236.81369,0.9665495,567.28235,261.10587,0.82749736,603.46954,260.75037,0.81655884,568.7408,279.76007,0.6104489,602.234,278.3034,0.5945969,577.37415,282.45056,0.9849995,594.21906,282.59753,0.9854439,580.7309,314.8352,0.9732555,590.1386,315.22574,0.97146195,587.461,346.2772,0.95090055,591.6271,346.59186,0.94796276
0.0,0.0,0.10602281,0.0,0.0,0.050014317,0.0,0.0,0.08941206,0.0,0.0,0.34101894,465.50455,232.4398,0.63626325,446.7879,247.45111,0.94693285,470.82678,247.51169,0.9707597,441.91565,266.0724,0.7571328,475.84735,268.18243,0.89552945,441.7038,281.5611,0.539804,477.31537,286.1599,0.7171608,450.71164,281.1235,0.98346716,465.83978,281.21188,0.9881336,456.07925,308.08295,0.9665005,464.23026,308.13312,0.9748359,458.18216,333.03793,0.9409386,460.95126,333.36615,0.9515352
0.0,0.0,0.15535201,0.0,0.0,0.14025629,0.0,0.0,0.072806224,620.66003,232.7433,0.6157581,0.0,0.0,0.2667414,618.1455,245.58434,0.96005034,634.8573,245.0937,0.9406685,613.598,260.6453,0.7991003,638.6335,260.19205,0.6121463,610.9827,269.02927,0.5992511,0.0,0.0,0.41699392,620.2596,276.6669,0.98426497,630.99884,276.43915,0.9808499,621.59546,301.566,0.9755563,630.2662,301.49335,0.9683903,625.8898,325.51175,0.9559271,631.36115,325.08932,0.946588
0.0,0.0,0.058549806,0.0,0.0,0.039557777,0.0,0.0,0.038480558,0.0,0.0,0.33195767,0.0,0.0,0.3238281,419.86984,234.72847,0.8576078,442.18704,234.06305,0.86558145,416.06827,251.66225,0.5061103,447.47385,250.64919,0.5045111,0.0,0.0,0.29091534,0.0,0.0,0.28310132,423.66296,266.5825,0.9352913,438.90604,266.35162,0.9383292,421.64645,292.50812,0.8827545,437.66968,292.1435,0.88387275,420.54913,316.44577,0.8310114,435.90027,316.10562,0.83400553
0.0,0.0,0.3136103,0.0,0.0,0.26290783,0.0,0.0,0.20628598,0.0,0.0,0.48955545,0.0,0.0,0.36029363,213.36293,251.64479,0.96122295,221.59683,251.2441,0.9556533,209.19475,264.28708,0.82230943,223.5542,264.1077,0.76412654,208.34116,276.87476,0.7142946,220.40652,276.63245,0.64872974,215.35796,274.46454,0.9868803,220.05519,274.28076,0.9860621,214.6144,294.08868,0.9808575,217.83481,293.98746,0.9788072,215.2281,313.37268,0.97178,217.34427,313.22635,0.9697929
