570.5285,157.31023,0.8823696,0.0,0.0,0.41341057,567.7499,151.39476,0.8961238,0.0,0.0,0.13380438,553.1147,152.02797,0.893334,558.12744,181.61192,0.92870253,530.4348,179.69344,0.9950564,563.6641,220.91377,0.78438056,533.4454,217.88777,0.99260324,588.66644,206.04303,0.759627,575.8307,202.77966,0.9786099,561.3766,263.6317,0.99090683,535.90985,265.4146,0.9974126,588.7997,324.35886,0.98477584,528.71075,323.32358,0.9957283,604.4452,379.12115,0.9641361,515.3134,377.77676,0.9839702
682.19415,202.46577,0.7971651,0.0,0.0,0.469752,679.9188,199.42601,0.7815899,0.0,0.0,0.21126625,671.2667,200.7796,0.7709375,674.6375,218.71117,0.95671606,659.37305,217.29388,0.98762774,671.3712,244.17262,0.76775163,648.02094,242.06804,0.9589655,668.7851,260.97845,0.7298341,651.56104,261.40262,0.91767144,669.5279,264.19513,0.9900121,658.24493,264.6151,0.9948828,677.54895,295.41748,0.9860869,657.7995,296.06494,0.99230945,685.32367,329.5461,0.98017406,655.2909,331.1605,0.9871493
0.0,0.0,0.16719776,0.0,0.0,0.16104825,0.0,0.0,0.046577536,456.44946,168.56158,0.60816693,0.0,0.0,0.15950464,455.7531,187.85648,0.9596798,479.20694,185.49419,0.88304216,452.4555,213.18361,0.8920804,482.9434,211.81984,0.5155798,447.5672,210.16776,0.7382108,0.0,0.0,0.38406962,460.1616,240.85962,0.98372585,475.17532,239.18181,0.9710125,459.50806,285.13736,0.97350556,465.97144,284.0477,0.9484037,470.22015,327.20505,0.9380371,467.7085,325.2555,0.90096414
304.99582,202.01152,0.8727107,306.26266,198.74641,0.6475124,301.4654,198.63976,0.85811186,0.0,0.0,0.26775977,291.6575,200.71793,0.77617157,308.12497,220.59526,0.9737004,278.57935,220.11159,0.99213505,313.06342,245.32446,0.85898006,271.50845,246.43561,0.9729436,303.66855,254.76033,0.8313911,286.0029,257.54758,0.9456674,302.78574,271.6951,0.9926565,280.4641,272.1063,0.99613154,311.6817,308.697,0.9844036,271.74106,309.2569,0.9912561,313.8921,342.16653,0.9672702,261.91025,343.8467,0.97902864
711.5356,207.07376,0.87538207,713.6193,204.62741,0.89944285,710.52344,204.89708,0.5944554,719.9212,204.65213,0.8792477,0.0,0.0,0.18674801,730.92267,217.48743,0.9889788,711.5365,218.38857,0.95398796,739.2475,234.30989,0.9710104,708.3997,233.02136,0.6863249,729.9194,244.7683,0.9433862,705.30963,240.22165,0.6732078,727.7023,251.96393,0.987508,715.4792,251.66408,0.9726955,725.8508,278.32513,0.9792885,710.95123,277.8594,0.9467518,728.97925,304.60184,0.9570955,714.094,303.1191,0.91353565
374.94806,204.83925,0.8773421,374.92163,201.97453,0.5271651,371.79556,201.87779,0.9114675,0.0,0.0,0.12804559,361.91376,203.24368,0.9063315,371.08804,221.52652,0.9493965,351.12054,220.42836,0.9931837,376.2648,244.17152,0.6754282,346.17438,243.77144,0.9830336,383.583,261.36508,0.6684612,358.3551,259.2329,0.95987374,369.12085,265.3725,0.98277134,355.68594,265.7754,0.9942899,373.34784,299.3022,0.96447855,356.53094,299.86844,0.98816514,370.6519,331.68533,0.93964297,349.94638,333.7027,0.9732991
101.84552,208.83336,0.9213429,104.15217,206.72144,0.83073837,99.8506,206.56305,0.89467627,106.938324,208.19383,0.5605099,96.26768,207.67914,0.7765623,110.36431,220.87381,0.9829289,90.44671,220.17735,0.9936567,114.05842,235.88898,0.87815887,82.10636,234.32,0.96701753,110.84008,245.44156,0.8376811,79.55023,246.71077,0.9348635,104.50132,249.80217,0.9862175,92.53679,249.34514,0.9919077,101.21129,273.0131,0.9676908,92.599915,272.32578,0.97903454,97.727905,294.39267,0.9414116,93.59795,293.64124,0.95699835
0.0,0.0,0.3477233,0.0,0.0,0.20245871,0.0,0.0,0.26041466,0.0,0.0,0.45405126,255.709,208.1479,0.6059278,242.67155,220.05615,0.95156837,257.34113,220.29524,0.9536118,234.35722,235.22412,0.734907,258.2099,236.51881,0.75324446,233.27594,248.208,0.5527684,258.52377,249.99837,0.56747454,243.49577,247.95033,0.966998,252.84479,248.07982,0.9670543,242.52368,269.50455,0.94482607,250.38805,269.74173,0.9425668,244.05067,290.70862,0.92248446,249.00624,291.29425,0.91992414
135.67143,204.27747,0.83355355,137.68016,202.41573,0.75354844,134.14822,202.31285,0.7195333,140.44617,203.85617,0.6076527,131.25641,203.53165,0.51491547,143.93013,214.74318,0.97477394,126.614624,214.58267,0.97456783,146.47562,227.71298,0.8797984,119.88801,226.67377,0.8591639,141.9317,233.49155,0.82082295,121.03743,231.28322,0.7959757,139.80984,243.50648,0.9773652,129.09491,243.4673,0.9771368,136.81013,266.98535,0.9562314,129.033,266.91763,0.95159554,135.7749,288.227,0.91909546,129.63434,287.80005,0.91218406
405.75458,206.17924,0.7934118,407.1217,203.7135,0.68165624,403.30417,203.81102,0.76169807,0.0,0.0,0.39273715,397.97482,205.56378,0.6037674,412.99545,218.50656,0.96147764,394.03287,219.57033,0.96546024,419.32153,232.70338,0.7763432,396.57443,235.57146,0.83797055,417.29382,234.65,0.72591287,410.48334,236.2475,0.7816572,412.9935,251.25357,0.9670971,400.2988,252.16791,0.9699202,414.91425,272.31345,0.92897934,403.3772,272.81082,0.93673396,413.24078,296.98444,0.85893637,404.9875,298.14294,0.87080216
