0.0,0.0,0.20500222,0.0,0.0,0.057972673,0.0,0.0,0.23244649,0.0,0.0,0.24500741,50.865906,159.08192,0.74791133,10.08099,195.81046,0.7413116,60.17013,195.18376,0.94825685,0.0,0.0,0.36406636,81.74859,241.51079,0.88779783,0.0,0.0,0.25950095,82.726135,275.85458,0.7208408,23.587978,289.0352,0.9450814,51.93119,288.5239,0.97894245,38.547787,355.75476,0.94219816,29.372562,354.43628,0.9791738,52.25743,413.33655,0.9121449,12.706513,416.50153,0.9543014
0.0,0.0,0.13356727,0.0,0.0,0.06524969,0.0,0.0,0.07682936,242.08078,203.13297,0.63297176,262.21707,203.2351,0.7456207,231.15146,226.73056,0.98751163,272.85556,226.69186,0.9917271,216.35529,256.27936,0.922587,286.5885,258.18332,0.94965374,214.83821,275.95142,0.7504393,285.98987,279.312,0.803102,239.06706,290.2511,0.99441695,265.01114,289.99414,0.9956714,241.39555,329.69925,0.97874445,258.97137,329.45758,0.9816836,247.09966,371.87857,0.9309619,256.10034,372.12326,0.9381507
0.0,0.0,0.18051346,0.0,0.0,0.062543795,0.0,0.0,0.12783633,0.0,0.0,0.36062706,532.0327,195.44737,0.7174668,503.71167,218.52832,0.9700509,537.15967,217.43553,0.9748487,494.33374,252.85678,0.83454144,546.5786,248.18816,0.8662684,496.12625,277.44104,0.6456884,542.83203,267.01135,0.6713899,507.9521,275.38333,0.9897082,530.9869,275.09033,0.9906599,509.8602,319.24347,0.9803197,538.138,318.94345,0.98142576,509.9298,359.14752,0.9564403,542.8248,360.24725,0.9583445
0.0,0.0,0.035486087,0.0,0.0,0.016758848,0.0,0.0,0.023471782,0.0,0.0,0.45347965,330.15845,187.44041,0.646382,300.74667,209.92863,0.96107584,342.01465,208.9917,0.9728822,288.92444,236.00714,0.7890219,357.2602,238.56195,0.87003094,0.0,0.0,0.48004797,356.6741,246.2784,0.58643675,312.60907,272.89206,0.99262494,340.3606,272.5254,0.9940871,311.9763,319.9967,0.98663133,340.2508,319.44943,0.9882609,308.6688,366.82178,0.9676673,335.69724,365.7242,0.9704179
0.0,0.0,0.10606628,0.0,0.0,0.05888398,0.0,0.0,0.0642752,0.0,0.0,0.42010567,688.2361,199.1401,0.5127735,667.7431,216.09366,0.9508289,695.94556,214.2796,0.9615616,663.604,239.34076,0.7721351,702.8344,236.51138,0.82999206,666.3861,259.7001,0.5266807,702.10986,256.2259,0.59556407,675.46783,258.1168,0.9796897,693.9519,257.43533,0.9830783,677.90735,292.3082,0.9452778,692.55804,291.69238,0.95175415,682.4534,323.4655,0.89243513,693.75616,322.73428,0.90165395
86.62894,174.88454,0.809058,90.89978,170.47404,0.8607464,0.0,0.0,0.45137239,101.97913,171.51538,0.8481766,0.0,0.0,0.11689798,111.07334,197.24849,0.9645454,91.0947,197.62712,0.83926314,112.91019,233.84692,0.90874135,0.0,0.0,0.3136818,95.063416,259.56372,0.8345682,0.0,0.0,0.3167847,109.93331,267.71277,0.97694665,95.1806,267.53745,0.94269806,116.47616,322.41956,0.982041,87.80954,321.99124,0.9463723,133.14616,374.65305,0.9686655,90.76046,372.36475,0.9292417
0.0,0.0,0.13553202,0.0,0.0,0.085306056,0.0,0.0,0.089113355,0.0,0.0,0.45549455,657.32495,210.92288,0.512296,639.1461,229.57622,0.93319756,662.474,230.18666,0.93676823,631.8595,250.71732,0.70902413,667.43304,253.52065,0.7293044,0.0,0.0,0.47954968,666.88367,272.65564,0.502165,641.21375,270.3659,0.97679955,656.1351,270.6811,0.9775353,640.7043,302.51196,0.97121507,651.95984,303.12354,0.970133,641.9516,334.021,0.9622191,649.42236,334.84116,0.9609182
0.0,0.0,0.15864149,0.0,0.0,0.10674598,0.0,0.0,0.08943427,0.0,0.0,0.45773873,0.0,0.0,0.39187053,150.08855,220.57675,0.90660036,172.10066,222.25987,0.87247545,139.79356,240.33473,0.6254688,0.0,0.0,0.49310988,0.0,0.0,0.40039483,0.0,0.0,0.3063479,153.03467,264.5363,0.9576263,167.43175,265.5896,0.9487945,153.11731,299.6603,0.95539623,165.74524,300.83282,0.942803,156.21515,333.93124,0.93852365,165.51146,335.07706,0.9259342
448.48672,213.86674,0.7225319,449.93872,211.28032,0.6359166,446.66635,211.41289,0.6364414,0.0,0.0,0.42649728,0.0,0.0,0.43454748,455.33945,226.44391,0.95297885,440.8042,226.89818,0.95186347,458.92178,244.14005,0.7876536,436.9991,244.91292,0.78646046,458.02298,255.71788,0.73119146,439.18,256.52682,0.72850204,454.112,263.51874,0.9761169,445.59644,263.8384,0.97630537,454.37527,293.2329,0.9624991,447.97403,293.33862,0.9620432,455.14127,319.97812,0.92395175,450.01227,320.3164,0.9231875
0.0,0.0,0.20682116,0.0,0.0,0.10125795,0.0,0.0,0.1579494,0.0,0.0,0.3039551,492.35098,188.31421,0.5365058,474.52487,206.96294,0.8926179,495.1592,208.64604,0.933435,469.18414,237.32547,0.51613075,496.49966,238.2658,0.7044482,0.0,0.0,0.33075222,0.0,0.0,0.46373084,478.94873,263.9579,0.95495313,492.6066,265.07645,0.9654381,480.44614,309.73636,0.92968446,491.05847,310.60403,0.9433232,484.2223,353.2213,0.8925745,489.98166,354.63068,0.90840745
0.0,0.0,0.20262894,0.0,0.0,0.10501631,0.0,0.0,0.1486232,0.0,0.0,0.24628492,0.0,0.0,0.4236765,472.22873,224.56526,0.841233,484.78595,225.3934,0.8876917,469.7798,251.60399,0.56891173,485.11835,252.80861,0.73028916,0.0,0.0,0.42441747,484.47873,276.4337,0.5603814,477.0135,276.31934,0.94009227,485.4615,276.9131,0.95171237,478.74463,316.6009,0.924147,484.23004,316.97632,0.93709505,479.38513,354.75543,0.89336014,481.79498,355.29013,0.90745115
545.418,204.49307,0.6594996,547.81934,201.89592,0.6943403,0.0,0.0,0.40969843,553.4137,203.26584,0.65963674,0.0,0.0,0.12036789,560.6236,217.68298,0.94221586,542.1811,217.66821,0.83575165,567.9299,236.18468,0.8041841,0.0,0.0,0.35585552,560.5875,246.40552,0.70479995,0.0,0.0,0.34221694,554.71045,256.6011,0.94323874,542.309,256.12164,0.90483445,555.13184,288.5404,0.8734025,543.8267,288.27676,0.79383224,556.7018,318.50385,0.81061643,548.6328,318.18448,0.7307493
202.308,200.57568,0.60653806,204.09947,197.78178,0.5240577,0.0,0.0,0.4279128,0.0,0.0,0.49351013,0.0,0.0,0.30227223,210.70953,216.4904,0.935713,187.65459,216.97433,0.87808377,211.32423,237.67833,0.7535502,0.0,0.0,0.47592044,207.58627,247.55971,0.640448,0.0,0.0,0.40235764,202.28188,259.41806,0.95922846,187.5775,259.67114,0.938732,199.22221,294.0466,0.95055944,187.95114,294.5223,0.9217208,193.1712,326.65903,0.9223374,187.45235,326.986,0.89214826
0.0,0.0,0.3171089,0.0,0.0,0.29327303,0.0,0.0,0.15289375,409.04926,209.70935,0.62562525,0.0,0.0,0.29925692,405.10593,223.11766,0.93431145,420.24054,223.36417,0.8606947,399.31128,239.63039,0.72915256,0.0,0.0,0.38757458,395.59717,254.21408,0.5360686,0.0,0.0,0.2794849,407.92136,255.62155,0.9496797,417.8621,255.81905,0.92305636,408.5308,282.28607,0.94987607,416.23993,282.69617,0.9176983,412.17273,308.20465,0.94075996,417.35367,308.26468,0.914406
