0.0,0.0,0.08928673,0.0,0.0,0.10970517,0.0,0.0,0.025016135,763.08563,188.59447,0.82287633,0.0,0.0,0.24351458,758.2141,209.46375,0.9837678,789.93274,209.17792,0.9637036,744.74286,237.08086,0.9500601,798.53107,236.4186,0.76032376,734.7704,258.06564,0.82124496,797.7328,255.83565,0.5314913,762.3039,261.34247,0.9945372,781.09607,261.1652,0.99117965,767.89685,302.1602,0.9884947,778.06433,302.81805,0.977736,774.5205,343.30258,0.97204137,774.53644,343.05542,0.9545694
0.0,0.0,0.28858414,0.0,0.0,0.21421738,0.0,0.0,0.06922861,455.61505,56.348946,0.84696954,0.0,0.0,0.27444687,442.78406,113.90329,0.9706325,517.2793,111.76444,0.9291069,411.75366,194.95273,0.8699046,525.9272,194.49225,0.7249132,449.91077,201.18419,0.70841163,550.89484,199.04494,0.5318432,453.9018,261.9994,0.9708072,501.18378,260.00543,0.960073,446.77524,393.06436,0.8525552,490.612,392.18707,0.8200239,0.0,0.0,0.3750553,0.0,0.0,0.34885618
567.90576,131.5302,0.9662846,571.7314,125.46082,0.8488881,561.47284,125.92989,0.9489954,0.0,0.0,0.46544123,549.09143,130.41336,0.86688477,584.293,168.21371,0.9795701,529.96155,167.90833,0.9942737,591.1889,226.26465,0.90445757,518.35834,218.71202,0.98198605,598.633,258.37967,0.8640932,569.02997,215.64944,0.9616809,579.3104,261.6761,0.9924664,541.3488,263.51367,0.99587125,580.64874,347.91302,0.97935814,531.0826,351.0202,0.98902065,572.83044,423.90884,0.90810776,516.15814,422.28656,0.937189
0.0,0.0,0.106523216,0.0,0.0,0.073027134,0.0,0.0,0.056272976,219.5571,195.06577,0.67853487,234.55324,195.12854,0.60049236,211.36327,213.78723,0.98209053,242.77605,214.64519,0.9849776,200.37756,236.99753,0.89289004,251.14256,239.5892,0.89684737,195.48016,258.5942,0.6838138,251.62535,261.07047,0.68338907,216.74283,260.23993,0.99335986,236.70709,260.74863,0.99399275,215.83395,292.56287,0.9832818,234.59117,293.36133,0.9826963,220.27136,324.45712,0.96345633,236.16548,325.13373,0.9622404
664.0435,205.63202,0.89778763,666.6887,202.9182,0.86407024,662.0124,203.01624,0.75770503,672.25665,203.92914,0.7567149,0.0,0.0,0.44787017,676.91235,218.6014,0.98723596,654.9208,217.28651,0.9832855,671.8093,237.33115,0.94379026,644.19763,231.48436,0.87441087,655.1884,231.77885,0.90911466,651.1763,221.90291,0.82898223,671.9045,259.55408,0.9876502,656.8592,258.65805,0.9850944,670.7013,292.16275,0.9731271,652.364,291.2404,0.96186817,669.2888,322.30426,0.93397516,650.32794,320.56442,0.91516244
0.0,0.0,0.1712151,0.0,0.0,0.105098896,0.0,0.0,0.15063381,0.0,0.0,0.47626686,91.53783,219.62498,0.61999273,77.41021,229.4041,0.9696451,94.80366,230.1929,0.97493875,70.736046,243.13615,0.76964456,98.44807,244.11261,0.84465146,69.97037,255.80934,0.56211656,97.55402,257.10327,0.64802194,77.99616,254.26816,0.9840089,89.22725,254.47337,0.98579246,78.70206,273.90366,0.96651256,88.2271,274.04312,0.97085035,77.945816,292.58374,0.94759893,86.12369,292.91788,0.95304275
0.0,0.0,0.12820166,0.0,0.0,0.06845839,0.0,0.0,0.10028065,0.0,0.0,0.40694025,124.10756,219.94043,0.55053467,109.60067,230.20541,0.9711028,126.84211,230.70714,0.9771928,105.41866,244.17998,0.78371376,130.92592,244.28383,0.86396146,106.17416,255.69122,0.562201,131.91348,256.10812,0.6574478,111.54465,256.01846,0.98658955,123.06302,256.25717,0.9882019,113.280655,275.26752,0.9654394,122.51135,275.11664,0.97046596,113.32526,291.94745,0.9423851,121.29743,292.15335,0.94913155
0.0,0.0,0.10608743,0.0,0.0,0.070106275,0.0,0.0,0.057035036,0.0,0.0,0.3522481,0.0,0.0,0.293706,332.4678,220.41562,0.9082054,349.53476,220.96127,0.89359415,328.1585,237.53896,0.7393121,351.69424,239.20432,0.68833727,328.0839,251.66496,0.5584867,352.36108,252.53645,0.517562,335.40558,255.79207,0.9736795,346.91315,255.87828,0.97217584,334.1488,282.4955,0.9655703,342.7942,282.5948,0.9619042,337.38293,306.79993,0.94874406,344.6678,306.77115,0.9447639
0.0,0.0,0.15146302,0.0,0.0,0.09735375,0.0,0.0,0.100796886,0.0,0.0,0.4985728,0.0,0.0,0.47032744,141.7495,228.1776,0.97276163,158.91795,228.64062,0.9732161,136.57138,242.06047,0.8066016,163.5384,242.69376,0.81653947,136.22919,254.01352,0.5967746,162.57243,254.58466,0.6001349,142.65042,254.68118,0.9870439,153.50352,254.76819,0.9872472,143.33203,274.83142,0.968984,151.19211,274.81506,0.9696042,143.50706,293.07092,0.9469737,149.33694,293.20758,0.9481145
0.0,0.0,0.08698993,0.0,0.0,0.04425818,0.0,0.0,0.08730035,0.0,0.0,0.33888906,270.74707,218.75697,0.6448449,255.0477,229.80112,0.94976526,274.44592,230.2825,0.9662575,250.96158,244.09265,0.6477849,282.332,244.41855,0.8275299,0.0,0.0,0.39812127,287.19543,257.39264,0.5761488,260.77573,257.34558,0.9762305,273.65622,257.85028,0.9811441,264.47833,279.30145,0.9464034,276.85858,279.146,0.95956427,265.24097,298.6901,0.9158936,277.09732,299.1857,0.9325443
0.0,0.0,0.04507358,0.0,0.0,0.041960012,0.0,0.0,0.029618265,0.0,0.0,0.13579911,0.0,0.0,0.079826966,0.0,0.0,0.28360623,0.0,0.0,0.24361767,0.0,0.0,0.24566904,0.0,0.0,0.1779055,0.0,0.0,0.21681175,0.0,0.0,0.16491625,0.0,0.0,0.43886718,0.0,0.0,0.41804743,0.0,0.0,0.48245266,0.0,0.0,0.45019966,0.0,0.0,0.4918034,0.0,0.0,0.4708806
0.0,0.0,0.11646273,0.0,0.0,0.085685685,0.0,0.0,0.079799876,818.2898,213.36792,0.5100337,0.0,0.0,0.41723928,812.9024,226.3065,0.9439156,836.07935,226.71188,0.93856186,806.6765,242.74869,0.6840233,841.1025,243.00128,0.64955366,0.0,0.0,0.4442035,0.0,0.0,0.41269842,816.0924,260.095,0.9718633,831.21124,260.2313,0.9706143,814.5652,287.65283,0.94131607,831.78204,287.75177,0.93906444,815.564,314.24713,0.8910399,830.9229,314.25583,0.8885242
0.0,0.0,0.22364132,0.0,0.0,0.15584397,0.0,0.0,0.18212885,0.0,0.0,0.4530388,374.57623,222.7274,0.5071195,363.3278,233.12166,0.94390005,378.6983,232.78185,0.9503744,358.9635,246.96732,0.697992,383.64044,245.33417,0.76060444,358.9513,255.6593,0.5285448,383.28018,254.39035,0.5843086,366.11392,258.96838,0.97094846,376.2787,258.67612,0.9730074,366.1211,280.08582,0.9508508,375.2428,279.38943,0.9548778,365.92728,300.392,0.921996,374.1932,299.85812,0.9271391
0.0,0.0,0.06059575,0.0,0.0,0.05349166,0.0,0.0,0.036812134,0.0,0.0,0.2063476,0.0,0.0,0.11670388,842.6224,228.23415,0.51286757,0.0,0.0,0.4301208,0.0,0.0,0.35429928,0.0,0.0,0.22487468,0.0,0.0,0.27360225,0.0,0.0,0.18320747,843.3956,262.6373,0.6865291,849.4922,263.01422,0.6500313,842.94745,295.7369,0.68035686,847.56415,296.29425,0.62871325,846.4328,328.46838,0.65925664,847.4094,329.0758,0.6209006
0.0,0.0,0.37606716,0.0,0.0,0.33746386,0.0,0.0,0.2145069,0.0,0.0,0.46545961,0.0,0.0,0.22973162,730.71967,218.29912,0.88053614,730.382,218.51079,0.85546756,728.75256,236.43147,0.70336866,728.0822,236.9608,0.57351923,723.33594,249.4127,0.592491,0.0,0.0,0.48146084,729.81006,254.54704,0.9054343,730.02704,254.43506,0.89857394,730.03644,283.62064,0.8523064,730.3645,283.54062,0.82998705,732.11395,311.90927,0.79820275,731.4917,311.55997,0.7784268
