0.0,0.0,0.17078348,0.0,0.0,0.11990184,0.0,0.0,0.061446942,305.65894,141.7025,0.6667243,0.0,0.0,0.3614382,292.2865,175.58,0.97336763,344.8814,173.90736,0.9175024,278.6151,217.67133,0.91510427,346.32037,216.09457,0.6892884,281.52133,214.65575,0.7756099,326.686,214.92934,0.5359485,300.50513,260.11218,0.9956073,335.1172,259.4105,0.9921514,306.5105,335.84366,0.99467057,330.58847,335.50128,0.9912847,315.20956,408.42072,0.98434144,327.95288,409.8261,0.9790356
780.96814,150.03091,0.9554517,783.7192,144.96141,0.6141986,773.91693,144.13524,0.9539009,0.0,0.0,0.17604607,752.5227,148.28159,0.9512705,771.6941,192.5583,0.9794743,730.182,189.89279,0.9988709,781.6794,240.61958,0.8669971,704.3197,247.30705,0.99625164,789.4509,244.51163,0.8455109,691.1065,293.4963,0.9891376,755.5504,288.265,0.9971207,734.4102,288.89398,0.9992281,742.80066,362.318,0.9938723,762.40094,367.85992,0.99846953,713.40497,424.24918,0.97481924,765.10803,438.616,0.9897544
0.0,0.0,0.33942315,0.0,0.0,0.17759393,0.0,0.0,0.22914055,180.45898,207.93117,0.5510527,191.06607,208.05638,0.71008235,172.85947,223.02261,0.9841576,196.382,222.47264,0.9878306,162.5961,241.39822,0.9022013,203.76225,241.63419,0.9232234,161.28482,259.92352,0.77409726,205.22177,260.42642,0.8010814,176.48952,257.80893,0.99134165,191.51454,257.39435,0.99275947,179.29358,285.11478,0.9774548,191.3647,284.58768,0.9798116,178.73679,310.2145,0.9504263,189.05884,310.36935,0.9545002
453.89185,213.27774,0.9092789,456.33237,211.06277,0.85289717,452.17685,211.00516,0.831547,460.2702,212.31839,0.6954267,449.4131,212.10092,0.619936,465.56653,225.20024,0.9879189,444.36127,225.32982,0.989665,471.06216,239.37372,0.92516285,438.63763,239.46043,0.9244605,465.01715,243.0718,0.88137144,441.49863,243.71823,0.8753359,461.92346,259.2037,0.98920715,448.011,259.2833,0.9901186,463.7698,285.22562,0.97679114,447.25073,285.08585,0.9763446,466.757,309.81213,0.95141923,449.71167,309.22098,0.95015204
842.108,157.36314,0.759064,0.0,0.0,0.47435603,836.727,150.75337,0.77972794,0.0,0.0,0.204564,826.09674,155.4885,0.6725376,850.528,194.7162,0.6297978,817.1467,191.63397,0.92381847,0.0,0.0,0.24946728,796.95465,236.16162,0.8173283,0.0,0.0,0.26384655,795.8122,249.4549,0.72116125,850.8263,287.00128,0.7116265,828.73444,286.7945,0.86671895,846.5208,359.5265,0.5337447,833.5407,359.85873,0.74977535,0.0,0.0,0.3351268,0.0,0.0,0.48449
625.88605,201.13431,0.89869654,627.8499,198.61171,0.8042036,623.4103,198.75055,0.83546937,630.8622,200.2133,0.5844503,619.1097,200.2966,0.67990637,634.64575,215.0411,0.9828667,614.5418,215.41225,0.9884199,637.17505,233.37909,0.88774145,612.98145,235.18384,0.92197984,633.803,244.37154,0.8337872,620.3169,246.27644,0.86391914,631.27277,253.16023,0.9846534,617.4719,253.21637,0.98730904,631.38477,282.78552,0.96474576,612.1063,282.64288,0.96844816,630.3634,309.50806,0.9260898,607.83344,309.30478,0.93261117
251.54105,218.23827,0.86608,253.27402,215.99171,0.7599755,249.229,215.87827,0.7941735,255.41733,218.0984,0.55079263,244.32506,217.68791,0.6373439,258.88147,230.67009,0.9799207,239.83315,231.81526,0.9829472,266.29794,243.25401,0.88627726,234.67287,249.63084,0.89448726,261.4617,246.2527,0.8355027,235.71187,261.3863,0.8360958,255.42528,261.29285,0.9854924,243.72923,261.74194,0.98628545,252.62785,286.83206,0.9748443,245.6141,287.2993,0.9741488,248.65953,311.05994,0.953849,245.76382,311.78607,0.9528061
666.85474,207.25624,0.9052659,669.6039,204.69489,0.88863015,664.27277,204.96407,0.78392196,674.28064,206.88243,0.7895591,0.0,0.0,0.45805916,680.0145,220.47339,0.984414,659.00085,221.52415,0.97047675,687.214,232.87672,0.93185675,656.5058,233.09833,0.78721166,678.59204,224.79259,0.8866144,663.7238,220.1964,0.73496515,676.23785,254.23222,0.9673697,662.45776,254.47728,0.954181,674.04816,279.2938,0.9155262,661.1247,279.46347,0.87244684,673.09375,300.00195,0.8124426,662.4665,299.79584,0.7542457
0.0,0.0,0.13635631,0.0,0.0,0.08216729,0.0,0.0,0.10969674,0.0,0.0,0.38316008,0.0,0.0,0.47667676,363.16904,227.84056,0.96429616,377.4713,228.62888,0.96841115,357.4458,239.85855,0.8000772,380.07742,240.83684,0.84696966,355.89075,248.32181,0.59723914,379.35535,249.42351,0.65364695,364.34436,252.93045,0.9835683,373.4254,253.17764,0.98458374,365.32437,272.97467,0.9550781,372.49408,273.19894,0.9587121,365.5285,290.6935,0.9209938,371.0196,291.09763,0.9260322
414.5333,225.4059,0.85632336,416.51392,223.53004,0.84428006,413.48398,223.39255,0.73585963,420.59515,224.47713,0.7327058,0.0,0.0,0.4034366,424.62677,234.51433,0.98178023,410.8922,234.07082,0.9719791,426.84155,246.59381,0.90264696,407.43408,245.3166,0.80345666,421.5183,253.98952,0.86029154,408.40335,252.44922,0.76560116,421.39948,258.3352,0.9805697,412.6055,257.94913,0.9761727,419.637,277.13297,0.9547079,411.76123,276.74222,0.9423576,419.9234,294.5511,0.9113194,413.25555,293.9954,0.8939316
0.0,0.0,0.26529002,0.0,0.0,0.1598051,0.0,0.0,0.19411598,0.0,0.0,0.45102894,103.27544,224.51768,0.5657129,92.88565,233.73715,0.9531333,106.086334,233.08412,0.9595654,88.33628,244.85324,0.7682397,109.65703,243.5412,0.8053825,87.40144,254.91734,0.5993864,109.75419,253.23378,0.6374471,95.30587,254.21605,0.97720385,104.27617,254.06715,0.9786789,93.17811,271.22232,0.9631539,103.23717,271.19403,0.9631957,92.56791,287.3443,0.9519301,103.40274,287.34055,0.9514768
0.0,0.0,0.14911954,0.0,0.0,0.09408896,0.0,0.0,0.121297106,0.0,0.0,0.3863818,0.0,0.0,0.4817006,117.10171,230.94928,0.9526198,130.18613,230.9375,0.9578069,113.67366,241.24362,0.75743836,135.05205,240.89413,0.814321,113.66692,247.92523,0.572804,136.71124,247.50891,0.6345769,119.467575,251.82127,0.9797028,127.69072,251.8509,0.98116297,119.59467,269.2438,0.9595316,127.49789,268.97983,0.96318614,118.88677,284.85297,0.93713087,126.191734,284.92712,0.9418198
