0.0,0.0,0.24105966,0.0,0.0,0.0365488,0.0,0.0,0.25044793,0.0,0.0,0.22388344,116.23417,159.22894,0.8730347,66.97216,199.00897,0.9459947,120.13689,205.83855,0.9900994,53.619316,256.2245,0.7379551,134.13077,254.80241,0.97005,57.71015,301.19803,0.58701044,135.35654,275.1094,0.89769864,78.60214,299.17398,0.9940475,116.09305,303.1456,0.9974728,81.46226,372.31247,0.9919126,125.134895,385.9295,0.9966954,55.281967,427.22723,0.97575945,110.01922,450.93674,0.9857233
0.0,0.0,0.24384056,0.0,0.0,0.07219919,0.0,0.0,0.20612739,0.0,0.0,0.2862648,452.9285,197.4863,0.7882805,427.5117,213.89487,0.96850187,455.44986,214.52737,0.9837738,418.27808,238.37805,0.75845826,459.985,239.09799,0.9062695,422.19754,255.3885,0.5654417,459.0742,254.65689,0.741758,428.98016,260.6127,0.9889904,448.2395,260.75714,0.99256575,428.12552,296.36194,0.97533333,449.96622,296.21448,0.9829076,426.98904,330.6026,0.9508108,450.7571,331.97275,0.9624737
234.08076,180.97417,0.94629854,239.8061,177.74998,0.89081794,231.24232,176.65694,0.8426392,248.89096,181.65482,0.76215106,227.4866,179.18547,0.57432395,259.65073,206.45563,0.9925115,215.45816,205.37206,0.98667914,270.87128,233.27748,0.97508144,207.00642,235.93677,0.9460195,257.5114,221.3639,0.9534056,230.11435,228.30627,0.9186133,251.81491,270.58664,0.99627626,222.60695,270.20996,0.99481934,255.23473,321.70306,0.9924238,228.50427,321.35593,0.9902383,253.38097,368.29883,0.9745778,236.69412,369.32648,0.9707987
793.5276,161.90001,0.96899533,799.1857,157.35023,0.9214172,788.6371,157.24448,0.93078536,806.45245,158.44931,0.68077874,778.6949,158.00156,0.70698404,817.8767,184.76709,0.9863679,763.3102,189.09969,0.9815592,842.62476,208.20215,0.93813896,748.97144,224.45103,0.9192825,833.95105,224.46559,0.895497,743.0052,263.37338,0.88113576,805.61084,265.36877,0.9882813,770.80005,267.22348,0.9870934,810.37134,323.20944,0.9783286,773.3783,327.40662,0.9773072,822.16956,378.5878,0.9401044,786.0412,386.54248,0.9393859
0.0,0.0,0.108338386,0.0,0.0,0.039288238,0.0,0.0,0.08819979,0.0,0.0,0.24003509,510.28146,216.63797,0.6231489,490.6709,233.19684,0.939675,516.48114,232.04126,0.9675061,485.30997,254.2219,0.7479462,525.90356,253.58426,0.9016715,485.59482,269.2408,0.56393623,527.0789,269.9517,0.75296706,498.34146,272.58658,0.9859578,515.3617,271.9528,0.99047697,499.11053,300.63373,0.9736343,513.74133,299.65353,0.98179585,501.3644,324.8283,0.9534598,513.7986,324.33105,0.9645676
0.0,0.0,0.07979608,0.0,0.0,0.06058933,0.0,0.0,0.04021366,557.6131,212.74504,0.6027009,0.0,0.0,0.44304216,551.9785,227.48132,0.96298856,580.3506,226.61723,0.9561247,544.95056,246.23067,0.8590291,589.45404,246.44011,0.8047851,545.3254,257.25375,0.64578813,588.4292,259.6576,0.578107,557.3996,265.60236,0.9899686,576.38763,265.21506,0.9888749,556.21564,294.9672,0.9841988,576.9193,294.82007,0.98040694,556.1365,324.10925,0.9750597,576.87177,323.16913,0.97046214
11.93844,174.96341,0.85260755,16.79713,170.23439,0.8807067,8.419171,170.62183,0.64458203,27.132925,172.12874,0.76830745,0.0,0.0,0.1833234,37.871468,196.93228,0.90597945,3.3707135,200.359,0.7275346,45.002785,221.1331,0.7421197,0.0,0.0,0.224347,25.280567,213.93204,0.6619812,0.0,0.0,0.2416386,29.980278,266.88806,0.8398196,7.565869,267.62582,0.7181839,25.781305,319.6317,0.8105901,9.101097,319.9804,0.64896715,20.693533,368.93927,0.6840738,11.283963,368.251,0.5393313
0.0,0.0,0.38877013,0.0,0.0,0.43803167,0.0,0.0,0.11736461,663.349,201.10786,0.8625559,0.0,0.0,0.26590234,662.1062,219.3299,0.98441213,681.94495,218.03206,0.9435482,656.4696,243.21341,0.9368456,686.21106,242.35646,0.56155497,651.9161,253.6663,0.8128706,0.0,0.0,0.41005275,666.29004,264.52124,0.99009705,679.8339,263.81592,0.9797086,665.73083,301.62665,0.9875125,679.9543,301.5161,0.9704889,667.8817,337.92435,0.9775775,681.66547,336.3412,0.95786786
0.0,0.0,0.09420099,0.0,0.0,0.073976316,0.0,0.0,0.04374279,0.0,0.0,0.48099807,0.0,0.0,0.29589862,149.2186,222.24255,0.9127508,173.05539,221.55206,0.86471367,146.43478,245.82053,0.7153032,176.67816,244.38826,0.53120315,0.0,0.0,0.4773299,0.0,0.0,0.34010586,152.56458,266.02228,0.973678,168.62852,265.80307,0.96573913,151.46666,300.3088,0.97312444,167.3847,300.56516,0.96244204,153.55725,334.0759,0.96538603,168.0628,333.81882,0.9554395
0.0,0.0,0.26862347,0.0,0.0,0.1051328,0.0,0.0,0.22142968,0.0,0.0,0.34629485,742.91034,216.46425,0.71046734,720.72363,227.97383,0.9458439,744.61743,230.12657,0.9520078,711.3063,247.11694,0.6439918,745.11304,252.19911,0.71390605,0.0,0.0,0.4139574,0.0,0.0,0.46304274,718.03174,268.11234,0.950385,733.96954,268.67523,0.9531191,720.05945,300.83603,0.874428,736.29987,301.24075,0.88132894,718.2047,328.17203,0.77749515,733.54663,330.05255,0.78634846
0.0,0.0,0.098893374,0.0,0.0,0.05445592,0.0,0.0,0.0838578,0.0,0.0,0.15529568,0.0,0.0,0.295049,176.87616,220.1242,0.65572846,189.27016,220.17328,0.7356032,0.0,0.0,0.2580526,0.0,0.0,0.41740158,0.0,0.0,0.17050605,0.0,0.0,0.25656277,180.7781,260.9731,0.8355421,189.76706,261.36447,0.86315393,182.8399,296.31302,0.7926863,189.9833,296.1725,0.8254026,184.74405,329.69666,0.76089686,187.76276,330.00427,0.79019344
0.0,0.0,0.07572935,0.0,0.0,0.049076356,0.0,0.0,0.06099954,0.0,0.0,0.3107254,0.0,0.0,0.37211865,694.2529,227.12993,0.8653724,709.40796,227.80351,0.883792,688.5031,240.20702,0.51942474,711.60583,241.08975,0.5939745,0.0,0.0,0.31132406,0.0,0.0,0.35767025,695.21014,252.03531,0.93239874,705.4591,252.39342,0.93797565,694.88,272.28168,0.8983069,706.1467,272.47095,0.9065413,694.46533,290.39078,0.8692883,705.4633,290.76428,0.87789243
