0.0,0.0,0.14331739,0.0,0.0,0.0867108,0.0,0.0,0.08824276,129.90587,194.0705,0.6041277,144.54675,195.06189,0.59728724,122.15863,212.48059,0.9697855,153.04512,214.1002,0.97920704,111.29417,235.57687,0.84128016,157.4345,238.15776,0.8908954,113.09721,250.06781,0.6410587,156.42084,255.49431,0.70021325,122.80909,258.93576,0.991295,143.115,259.33713,0.99262285,122.3538,293.18256,0.9859256,139.315,293.52646,0.9863347,121.52877,327.44354,0.9733516,135.203,327.74704,0.97356445
0.0,0.0,0.104735814,0.0,0.0,0.042078655,0.0,0.0,0.08890544,0.0,0.0,0.410482,201.9749,194.13135,0.7414988,176.83829,211.96263,0.9755545,207.2236,212.40247,0.9916161,165.6845,235.64359,0.8656803,216.27007,236.99313,0.96795774,168.65573,255.58522,0.6830733,222.82367,258.23022,0.86584336,184.00845,259.95508,0.9944464,202.68658,260.43436,0.99682355,184.18546,295.08807,0.98320687,196.27509,295.43265,0.9890259,186.59128,329.2709,0.95866495,191.46986,330.08002,0.96931803
0.0,0.0,0.36005738,0.0,0.0,0.09976313,0.0,0.0,0.3789221,0.0,0.0,0.30753994,87.02453,195.65614,0.9010687,63.728024,213.30238,0.97515815,91.163666,214.75005,0.99312097,55.680145,237.41603,0.7238054,99.558304,238.80765,0.95868844,54.69525,259.10498,0.53653604,104.74679,257.4887,0.84950113,68.89037,260.20905,0.9914547,87.08147,260.7162,0.99590683,67.28346,293.86752,0.982668,85.295,293.71964,0.99147826,67.37481,325.40573,0.96786803,83.96625,326.82925,0.9808584
0.0,0.0,0.23898904,0.0,0.0,0.27347344,0.0,0.0,0.07561671,572.575,199.14201,0.8492844,0.0,0.0,0.2825372,567.83685,217.79181,0.9847074,593.3943,216.56673,0.96152484,553.9557,242.77406,0.9598847,600.33307,237.14037,0.7654524,544.812,263.7817,0.8778417,596.0416,252.98456,0.60132307,572.41144,261.94424,0.99282867,587.6789,261.3292,0.98737097,570.4015,296.0533,0.987666,578.5219,295.94882,0.97326916,580.6453,328.951,0.97401506,581.79694,328.02222,0.9537756
0.0,0.0,0.009146421,0.0,0.0,0.0040625064,0.0,0.0,0.0016359619,0.0,0.0,0.07140235,0.0,0.0,0.011859266,0.0,0.0,0.4508418,0.0,0.0,0.19453505,783.09503,199.24202,0.6647663,0.0,0.0,0.24611418,0.0,0.0,0.49042365,0.0,0.0,0.19815277,807.85565,354.51962,0.6344472,0.0,0.0,0.48907748,0.0,0.0,0.05664557,0.0,0.0,0.028445005,0.0,0.0,0.0067505757,0.0,0.0,0.0038815846
299.72287,185.70442,0.9432225,302.91864,181.97545,0.9007081,295.86984,182.18242,0.8955325,307.51782,184.40547,0.6969769,289.40756,184.79813,0.67723453,315.18665,207.68214,0.9920109,281.32056,208.86424,0.99382424,322.15033,235.13535,0.9464956,274.29636,238.36264,0.94668156,324.21295,259.84705,0.90990824,273.98157,263.22574,0.9025246,309.38428,263.7903,0.99534506,288.76764,264.30566,0.995826,307.05765,302.8912,0.9890037,290.82867,303.18762,0.9885921,301.49,341.36407,0.97348523,292.4172,341.64944,0.9729011
0.0,0.0,0.1696759,0.0,0.0,0.08996776,0.0,0.0,0.090462126,0.0,0.0,0.4415343,0.0,0.0,0.4289547,432.88318,197.17525,0.9156024,476.5839,194.31766,0.911898,422.88562,231.52138,0.7907761,489.52167,223.22046,0.7816095,426.53442,248.5792,0.6380692,490.92755,239.74048,0.63944143,440.656,259.1132,0.9780741,468.43677,258.215,0.977236,440.96884,307.29083,0.9722359,460.6408,307.7092,0.97275376,443.0465,356.25113,0.9419506,455.5687,357.88403,0.94352657
360.08673,196.43314,0.9038088,363.6392,193.73756,0.79972285,357.56003,193.00203,0.8713219,367.69565,197.98264,0.5061848,351.8259,195.99678,0.71854246,370.6563,218.17769,0.97899836,342.1296,217.8314,0.9893867,377.13763,235.85527,0.8697665,329.2982,241.25427,0.94416654,371.50897,234.8047,0.8232907,329.42896,255.99637,0.8976958,363.23062,267.32443,0.9907498,345.2165,267.19467,0.99336195,360.69534,303.17532,0.98488414,346.16742,302.86755,0.9878599,358.46497,337.4879,0.9694294,347.23267,336.95508,0.9736582
264.15485,204.95927,0.86641,265.53622,202.68906,0.6942275,261.72473,202.59796,0.8392171,0.0,0.0,0.39026192,255.3165,203.89871,0.75246716,268.0062,218.89027,0.9678436,247.26149,217.81427,0.9853263,271.00177,235.02725,0.7637779,240.37303,232.93835,0.9129069,268.96423,244.02621,0.6965318,246.46461,239.1705,0.84250116,262.50177,254.85675,0.9782803,249.32979,254.6586,0.9855011,261.4472,283.91376,0.9613504,248.83452,283.79227,0.97279817,260.44324,312.44482,0.9338483,249.03116,312.73117,0.9488094
0.0,0.0,0.4554295,0.0,0.0,0.48465273,0.0,0.0,0.1466551,666.72266,186.64935,0.84817904,0.0,0.0,0.26443437,667.56934,210.5568,0.9693978,684.1355,209.44261,0.9220266,658.789,242.56071,0.86614025,0.0,0.0,0.4807061,653.25696,270.4164,0.6979363,0.0,0.0,0.34368637,670.5741,268.86008,0.9722968,683.1673,267.76993,0.95255846,658.9003,307.08713,0.960407,681.3803,306.46103,0.9208795,656.37274,346.10764,0.92968786,682.8512,343.82858,0.8866519
0.0,0.0,0.1018266,0.0,0.0,0.02175599,0.0,0.0,0.15190421,0.0,0.0,0.07359759,512.23126,207.04903,0.74806815,490.0016,215.93991,0.74409324,512.10345,217.59804,0.9277309,0.0,0.0,0.26716074,519.0037,231.20761,0.8516489,0.0,0.0,0.19312769,520.6124,232.2582,0.65003693,486.53027,251.82526,0.9353991,501.70044,252.74231,0.9701048,492.0353,283.72775,0.92452466,507.9686,284.22736,0.9666545,489.56522,315.139,0.9126089,506.24435,316.97736,0.9511299
0.0,0.0,0.30833748,0.0,0.0,0.3184919,0.0,0.0,0.112376116,707.53455,162.50905,0.7182629,0.0,0.0,0.2260523,703.22736,187.5954,0.9072363,722.77,188.96077,0.7938561,695.84393,223.845,0.5518098,0.0,0.0,0.17869128,0.0,0.0,0.29985777,0.0,0.0,0.100566916,704.4366,255.06105,0.8971574,717.16644,255.61374,0.83776236,700.1812,308.5004,0.8569741,714.45026,309.53094,0.75846803,701.3864,360.66257,0.8152848,712.7159,361.15994,0.73487425
0.0,0.0,0.4711593,0.0,0.0,0.44194746,0.0,0.0,0.28729716,0.0,0.0,0.4864634,0.0,0.0,0.18665056,410.12494,236.56635,0.9146178,402.50412,236.19737,0.8721835,412.46848,248.12883,0.7525198,400.30948,247.37091,0.56498015,407.986,248.59024,0.6680598,400.66663,247.76765,0.51073545,407.67722,265.41162,0.9520227,403.45987,265.1287,0.9415237,406.9665,287.89462,0.93495584,403.74222,287.54962,0.9179155,408.00027,309.1688,0.88984215,404.7702,308.58847,0.86920345
0.0,0.0,0.046929516,0.0,0.0,0.029940603,0.0,0.0,0.02051638,0.0,0.0,0.3032279,0.0,0.0,0.22679004,722.3287,190.26163,0.8033343,750.5824,190.17352,0.7378701,0.0,0.0,0.45730326,0.0,0.0,0.33889472,0.0,0.0,0.20321414,0.0,0.0,0.15367258,727.40186,274.03018,0.89625454,746.7411,273.89114,0.87855595,726.2621,337.0194,0.7214603,746.46466,337.27072,0.6833175,725.5603,392.04062,0.51811975,0.0,0.0,0.49206707
