0.0,0.0,0.29011875,0.0,0.0,0.13821289,0.0,0.0,0.13662165,288.0295,171.66188,0.5283511,0.0,0.0,0.49660164,276.7517,197.80556,0.9736164,317.55118,196.9304,0.9559164,264.5552,239.5126,0.9253149,323.91776,232.21764,0.86662686,260.96024,268.3157,0.82016575,310.72012,249.23346,0.7586038,279.92227,267.62375,0.99249744,305.83575,266.99365,0.9905371,286.93506,317.1393,0.9872133,304.51184,317.8477,0.9850578,292.12964,364.71826,0.96388906,299.85272,366.59058,0.96035516
0.0,0.0,0.087572396,0.0,0.0,0.038102947,0.0,0.0,0.062654875,0.0,0.0,0.46995887,673.6237,196.09622,0.6967115,645.6594,216.51965,0.9740034,680.36316,216.97012,0.9872251,636.1529,246.8076,0.83192873,688.56934,246.55435,0.9296548,636.9964,274.90808,0.58084995,689.5672,273.1684,0.7306052,651.9215,270.81577,0.9918807,674.78986,271.3795,0.9943252,650.8654,306.7428,0.97388643,673.75415,307.30783,0.9793635,650.9543,340.3235,0.9386969,671.2697,341.33203,0.9479357
0.0,0.0,0.11634133,0.0,0.0,0.12723857,0.0,0.0,0.038442127,499.4544,204.15543,0.79473656,0.0,0.0,0.34153152,493.51657,223.31934,0.97379726,523.2704,221.43465,0.9463605,483.88864,247.72685,0.87257653,529.46313,242.28537,0.61674196,483.68896,262.75064,0.63114625,0.0,0.0,0.36354357,499.4965,269.951,0.985537,518.5443,269.4304,0.97836155,500.73425,305.70883,0.9746327,516.23816,306.0844,0.9566514,503.0147,341.48267,0.9504106,514.89233,340.64603,0.9263908
0.0,0.0,0.07013578,0.0,0.0,0.054772653,0.0,0.0,0.027814738,424.00745,213.12338,0.62156475,0.0,0.0,0.35008302,415.41397,230.37729,0.9685912,448.8235,230.4971,0.9455573,402.72958,254.399,0.86845523,459.51962,256.1668,0.6904597,403.84927,268.1981,0.6348636,0.0,0.0,0.42713815,421.7218,278.5911,0.9863799,443.01385,278.8133,0.9817624,425.73557,311.33316,0.96636003,445.9166,311.89624,0.951293,429.774,341.66785,0.93049276,445.63397,341.75674,0.90981245
173.71767,197.35815,0.899957,177.6529,194.00987,0.9006471,171.29797,193.9284,0.7442213,185.42427,196.26149,0.8026859,0.0,0.0,0.31372753,196.34837,216.17488,0.98135936,164.3581,215.83751,0.95968187,207.0078,237.40721,0.93162864,153.68362,233.9093,0.7300468,194.37794,233.7349,0.88914233,161.17752,226.92796,0.6928789,191.1771,266.88937,0.9880477,171.30013,266.5908,0.98126113,190.64598,311.68808,0.98694974,177.13379,311.08337,0.976179,187.4066,357.23328,0.97263485,182.77368,355.4017,0.9568765
563.40955,191.26482,0.8801091,566.02716,188.072,0.78866947,560.4341,188.10323,0.8225344,0.0,0.0,0.4831092,555.5559,189.86417,0.5843474,576.1463,207.7843,0.9584956,550.74646,208.82544,0.9717386,583.22076,228.44553,0.82248455,547.2823,231.4611,0.8826748,579.5172,236.8642,0.78425664,553.45087,240.94986,0.8355427,571.3862,254.89037,0.9790596,555.71655,255.55956,0.98287994,569.7585,292.79663,0.9741509,560.27124,293.3669,0.9772674,561.60126,328.17715,0.9603616,556.7925,328.66104,0.96406555
320.93454,192.93196,0.70073855,323.93893,189.7099,0.7363213,0.0,0.0,0.38750467,330.37906,189.94954,0.7416533,0.0,0.0,0.15853801,336.44553,206.06639,0.9458682,319.3967,205.93446,0.79828113,338.1839,229.13184,0.8340644,0.0,0.0,0.26201212,328.2738,229.22348,0.72761935,0.0,0.0,0.25934365,338.25568,253.04282,0.9551222,327.2468,253.39526,0.9016454,340.28226,296.72952,0.96511346,330.7925,297.05737,0.91318434,349.25903,340.74136,0.9462762,338.95602,339.42038,0.8939362
0.0,0.0,0.4714532,446.0022,200.92966,0.531408,0.0,0.0,0.19571325,454.04855,201.6668,0.70914704,0.0,0.0,0.14235912,461.1573,218.29608,0.92456186,455.5241,217.17036,0.7942667,462.18762,242.59598,0.7547695,0.0,0.0,0.29566726,454.83557,255.99852,0.56834006,0.0,0.0,0.22974622,461.2913,263.8752,0.9051287,457.60388,262.84088,0.83991235,460.75165,296.5219,0.8116168,455.99347,295.84393,0.68303907,463.84995,328.83774,0.729501,458.92358,326.6047,0.61745226
168.03287,201.74973,0.6784547,0.0,0.0,0.47776377,165.39403,198.65268,0.6632214,0.0,0.0,0.21886574,160.4109,201.163,0.5353648,178.45067,219.76009,0.7779734,150.56393,219.55576,0.90754545,0.0,0.0,0.34369972,137.62302,236.15779,0.7143677,0.0,0.0,0.34615847,150.04674,233.33353,0.61842424,169.42094,264.17053,0.84377825,151.52376,264.01312,0.90346426,165.11377,299.78583,0.8140384,148.7144,299.41544,0.8794144,157.52094,334.6091,0.78142184,147.37149,334.34412,0.84196883
612.1331,211.3464,0.7063325,613.6054,209.20708,0.633778,611.27136,209.4108,0.51277786,617.0205,210.4671,0.6151685,0.0,0.0,0.40906525,619.8477,222.90291,0.9538026,614.101,223.5157,0.9390375,619.8324,237.66594,0.7929687,614.50806,238.196,0.66257983,614.1147,248.06723,0.69081384,612.70416,246.63472,0.56770194,621.0439,253.48312,0.94606704,617.6026,253.82362,0.93647397,620.82104,279.41922,0.9099231,619.48346,279.7588,0.8875118,623.3395,302.8055,0.8603443,621.6444,302.57193,0.83740646
403.39694,200.56743,0.6594292,406.05292,197.62622,0.5379274,402.0248,197.8702,0.5718204,0.0,0.0,0.39467913,0.0,0.0,0.4690205,415.02155,215.68907,0.87125105,396.6297,215.51859,0.9219785,410.90002,235.60612,0.50704664,388.60098,234.19955,0.6871059,0.0,0.0,0.42253107,389.5999,240.97581,0.5596915,408.94678,255.44315,0.8686162,397.0232,254.96208,0.9003695,404.37903,282.59595,0.7694235,391.51022,281.95184,0.80979514,402.68948,312.95798,0.71829015,393.0632,311.98288,0.75508773
