0.0,0.0,0.014701576,0.0,0.0,0.009192196,0.0,0.0,0.0071327463,0.0,0.0,0.4816257,0.0,0.0,0.43660858,304.61118,221.57904,0.96374786,349.66562,211.22035,0.97823447,291.50378,255.92206,0.90149564,378.10483,215.76215,0.94391006,284.0897,279.8157,0.71159536,372.7867,203.64148,0.7801043,319.0593,285.77332,0.99636877,346.76248,282.34995,0.9972928,319.5584,331.5207,0.9892755,341.64917,329.43567,0.9909328,319.0643,375.48126,0.96045774,333.0624,372.70688,0.964864
0.0,0.0,0.2922701,0.0,0.0,0.081034444,0.0,0.0,0.46372473,0.0,0.0,0.11610678,20.48213,127.54021,0.8231529,0.0,0.0,0.39143285,26.767374,165.1524,0.85850966,0.0,0.0,0.081383236,39.406826,221.03743,0.66879594,0.0,0.0,0.07383694,0.0,0.0,0.46765956,0.0,0.0,0.49044394,23.752264,271.15637,0.74598825,13.862333,341.16357,0.54184705,30.631126,339.73697,0.78702646,0.0,0.0,0.4768124,21.110548,419.6995,0.6503993
0.0,0.0,0.16410299,0.0,0.0,0.088295564,0.0,0.0,0.08584444,586.8035,195.44785,0.58556396,604.06024,196.2021,0.6108206,576.548,215.31284,0.98081964,611.7604,216.22249,0.978822,568.5388,243.46635,0.8675132,619.2127,245.846,0.8291423,569.30566,268.95905,0.64362323,616.7583,269.93384,0.58091974,578.8743,268.8428,0.9916528,602.11365,269.11014,0.9913756,578.72504,308.7225,0.9790774,601.11914,309.15497,0.97658676,579.72656,346.98648,0.9544434,599.91833,348.20074,0.9508132
0.0,0.0,0.115259185,0.0,0.0,0.080743395,0.0,0.0,0.056384567,154.03307,205.47447,0.5987179,0.0,0.0,0.4421445,145.95985,221.22627,0.9574987,173.24074,221.76993,0.94404304,137.06488,241.03639,0.7667279,174.44435,242.20752,0.63617253,0.0,0.0,0.4986492,0.0,0.0,0.37219298,150.64468,264.4973,0.98069865,169.29053,265.0179,0.9762648,144.64801,299.87558,0.9672065,166.31242,300.70035,0.9541439,142.15416,334.2082,0.94305867,164.29378,334.63702,0.92692477
0.0,0.0,0.09921127,0.0,0.0,0.060876228,0.0,0.0,0.047117326,379.94492,198.43954,0.5334361,0.0,0.0,0.48506784,374.7687,216.031,0.9545374,410.88437,213.25887,0.94312453,368.01874,239.18402,0.7881597,425.2102,239.45021,0.70762783,370.62045,243.37988,0.5344815,0.0,0.0,0.46171865,385.83673,266.56027,0.9869931,410.15842,265.0056,0.98576385,388.1873,309.19174,0.9861688,414.70367,307.55228,0.9839236,387.46185,356.05664,0.97665715,415.27094,353.51486,0.9740108
0.0,0.0,0.10775372,0.0,0.0,0.053617906,0.0,0.0,0.0801304,0.0,0.0,0.37169966,700.786,202.3798,0.58757055,681.29767,217.86179,0.9580015,705.63617,217.73192,0.9736883,674.3232,236.24434,0.79708207,710.0605,237.85966,0.88487864,675.5918,250.64793,0.58087295,709.92523,254.31615,0.69436866,686.22644,255.16692,0.9883083,701.889,255.24873,0.99098957,688.8959,282.48355,0.9762308,698.969,282.59045,0.9801301,692.27277,309.05426,0.95780635,697.8272,309.46835,0.9625984
490.08585,195.63977,0.896266,493.04065,192.81667,0.87287843,488.12915,193.07393,0.7781096,499.51797,194.49626,0.71643883,0.0,0.0,0.41263026,507.84384,210.54852,0.9734117,482.43362,211.95947,0.96523875,512.759,225.98181,0.9055779,475.9889,226.4063,0.8254848,502.45203,219.76688,0.86544865,480.82724,216.4959,0.78787565,504.406,254.09624,0.9799247,488.4189,254.63666,0.9767461,502.84915,290.85178,0.97332484,491.19794,291.2022,0.96500033,501.40457,324.95734,0.9548741,494.29,324.57556,0.9445971
458.81442,198.75055,0.82340676,460.38373,195.76392,0.7096932,455.76306,196.12607,0.72507524,0.0,0.0,0.48900855,450.21115,197.1319,0.524159,469.27887,211.45639,0.9580786,445.12042,212.7193,0.96384466,473.03876,230.79567,0.8028292,440.0405,233.72513,0.81091607,468.03476,247.9834,0.7421517,439.9874,251.47063,0.7408696,465.03662,250.61424,0.97553784,450.4308,251.0847,0.97664475,463.81085,283.34042,0.9668841,454.28055,283.60727,0.96576816,459.59503,314.40884,0.9473007,455.95825,314.57428,0.94644535
541.2606,205.7413,0.79945093,543.31854,203.18867,0.73515475,540.14374,203.36357,0.6569327,547.4846,204.82658,0.6693844,541.3979,205.0444,0.5303108,549.4246,220.22374,0.9735816,541.8648,219.77563,0.97418517,548.6282,239.59306,0.8313907,538.2839,237.68394,0.80334437,545.04376,253.02335,0.7162961,534.6991,249.42763,0.6844974,547.5757,258.39047,0.9752749,542.97455,258.0257,0.9759127,545.89594,287.37555,0.94497806,541.3854,287.08682,0.9406369,546.9457,314.94193,0.91148835,542.0565,314.1899,0.90651834
0.0,0.0,0.24049555,0.0,0.0,0.24398221,0.0,0.0,0.091467835,640.06964,213.83208,0.608507,0.0,0.0,0.17902456,640.08636,228.5531,0.93075407,651.0845,228.38762,0.848673,635.4695,247.0321,0.8112027,0.0,0.0,0.47074515,629.30194,259.23605,0.66457814,0.0,0.0,0.37874076,640.8972,264.1255,0.9699553,648.3163,263.8089,0.95336837,639.0248,293.00195,0.9729063,645.9224,293.08014,0.95338374,640.91077,321.89337,0.96653974,646.5221,321.23465,0.9498693
0.0,0.0,0.17737816,0.0,0.0,0.19715922,0.0,0.0,0.05143488,209.5883,215.42717,0.7406049,0.0,0.0,0.20969985,209.4569,229.48962,0.9612682,230.13844,227.50517,0.88952124,204.74893,249.26608,0.87162465,0.0,0.0,0.46952224,203.89603,257.03534,0.67361647,0.0,0.0,0.31321853,222.43651,266.22748,0.96058685,236.91727,265.5673,0.93195254,224.21196,293.40265,0.9112559,240.46332,292.95938,0.83893234,226.93515,320.98422,0.82984495,244.02354,318.71625,0.74888116
0.0,0.0,0.19282857,0.0,0.0,0.18150453,0.0,0.0,0.078596525,0.0,0.0,0.44213486,0.0,0.0,0.12752898,761.5414,232.84944,0.8696388,765.8505,232.5282,0.769507,762.49713,242.69211,0.72671187,0.0,0.0,0.4472306,757.4824,248.17082,0.6123918,0.0,0.0,0.39623392,765.1794,255.78148,0.95366144,769.6046,255.32677,0.93683344,760.0444,275.89465,0.96069586,770.0705,275.305,0.9416981,761.7853,295.57318,0.9585232,776.5609,294.03232,0.94420564
