584.3998,116.332054,0.97033185,587.98145,110.90397,0.7541467,577.03784,110.898544,0.96645164,0.0,0.0,0.2754909,559.3683,116.35969,0.9389663,594.13837,158.35939,0.9812832,544.2579,164.92723,0.99870324,607.3996,215.45276,0.88293684,534.7424,230.55624,0.9964148,617.0596,268.5763,0.8575493,538.37146,283.22394,0.9898571,596.82007,267.47437,0.9977658,564.9514,273.06195,0.9994024,605.7008,339.61444,0.9950047,577.33203,354.215,0.9987658,581.3931,406.00772,0.98155564,561.84094,431.02048,0.99244153
0.0,0.0,0.060443595,0.0,0.0,0.026916374,0.0,0.0,0.04340444,266.5105,171.26271,0.5922719,288.31665,172.53235,0.7697865,252.58423,195.39238,0.98728067,296.513,198.5943,0.99393165,232.63359,228.50246,0.9394933,308.09076,235.8548,0.97404724,228.32896,258.11203,0.7878129,313.08652,267.2209,0.8667241,258.50003,265.0829,0.9977373,285.9184,266.4667,0.99844366,261.47226,315.5635,0.9924981,283.54605,316.71063,0.99389786,262.1156,362.53586,0.97222203,277.0725,364.75745,0.9760586
383.5903,175.83386,0.91458714,385.3431,172.71635,0.6146136,379.9529,171.75128,0.9351421,0.0,0.0,0.15398848,368.59055,174.48972,0.91938806,383.9363,202.35696,0.9706809,355.70407,198.47371,0.9952684,389.35855,231.00563,0.75576013,354.87326,227.41759,0.98476195,389.25528,222.24153,0.7297171,382.31656,218.14072,0.9624397,381.60092,260.68613,0.9909826,361.31613,260.20822,0.99670094,384.80276,307.16977,0.9821943,359.68378,307.0681,0.99351066,382.668,348.8684,0.9558311,351.01828,349.48758,0.978908
702.22107,147.73582,0.9715854,708.46844,143.44984,0.89808464,696.4612,142.99617,0.95247334,716.75543,147.92911,0.6172703,688.2553,146.57921,0.84592074,722.0243,181.37894,0.9857657,676.1663,177.5556,0.9951675,727.55835,211.3093,0.906643,657.77124,207.25172,0.9767719,705.3461,179.58481,0.85246783,676.87274,185.57779,0.94833016,707.8965,264.47455,0.99547184,680.8349,263.55368,0.9973187,696.2866,339.86658,0.99416983,699.3473,343.5894,0.99683434,674.3268,406.6911,0.9816144,705.8062,417.07745,0.98775184
0.0,0.0,0.12682706,0.0,0.0,0.07412159,0.0,0.0,0.11162974,0.0,0.0,0.4316706,168.49557,210.86905,0.5909566,152.86829,222.15913,0.9694574,172.2663,222.94301,0.9750855,145.26457,238.67528,0.77638733,176.76962,239.54715,0.8546972,144.7682,252.38773,0.54261804,176.18796,253.59323,0.6384025,154.46852,253.13165,0.9858326,166.82806,253.36127,0.98741597,156.13371,278.1178,0.9587985,165.55403,278.251,0.9643578,156.33902,300.54443,0.9191627,163.26118,300.89417,0.9276712
0.0,0.0,0.13506003,0.0,0.0,0.064663224,0.0,0.0,0.13116053,0.0,0.0,0.43206272,129.49632,216.1006,0.729475,112.09456,227.19215,0.9833477,134.20052,227.78867,0.9889693,105.8482,242.59854,0.8122188,140.58925,242.95364,0.92270637,107.829926,254.18224,0.57344913,141.52841,254.83476,0.74377453,115.2463,256.34375,0.99149185,129.54182,256.56906,0.9932475,116.39443,279.39996,0.97351855,128.47568,279.2338,0.98009574,115.55153,300.97028,0.9511079,125.93793,301.34442,0.960863
0.0,0.0,0.1500211,0.0,0.0,0.08002508,0.0,0.0,0.14485447,0.0,0.0,0.42832255,86.45905,215.78656,0.6676343,69.166695,226.79613,0.9729691,89.1273,228.3985,0.9801498,61.889435,242.24475,0.7628102,92.01766,244.52074,0.87289697,62.82269,254.92763,0.5212766,91.29181,257.26666,0.65961105,69.9363,256.791,0.9841892,83.07547,257.44113,0.9866457,69.82747,279.80142,0.95431095,82.969696,280.38647,0.96299434,68.622635,300.83188,0.91781604,80.25871,301.72952,0.9300426
0.0,0.0,0.16604243,0.0,0.0,0.099545635,0.0,0.0,0.11493941,756.03827,208.01921,0.62879765,768.46484,208.9496,0.70770097,744.9178,225.57347,0.9806347,776.7919,225.84514,0.99020517,730.048,245.53773,0.86751187,789.2466,240.85783,0.94074786,731.8615,252.76678,0.67837054,787.5368,239.57503,0.79461986,749.11255,270.1205,0.9917623,768.2954,270.5314,0.99431086,750.21136,302.06427,0.97653246,761.52484,302.86887,0.98147535,753.52075,332.84387,0.94740254,755.44116,333.79886,0.95499396
436.07764,206.76884,0.90798396,438.60782,204.09695,0.8257141,433.43414,204.02643,0.85650504,442.27167,206.3266,0.57403994,428.634,205.86438,0.6878291,448.64825,222.878,0.9850205,420.32068,223.00726,0.9900137,456.4521,241.64801,0.89801145,415.21204,242.95395,0.9290774,459.425,250.04343,0.84391516,418.3753,247.55547,0.8724299,442.52347,263.83472,0.9892631,424.8071,263.908,0.99115,441.2347,295.68723,0.97504175,424.70187,295.6697,0.97775453,437.17853,329.85764,0.9467116,424.028,329.84158,0.9517689
0.0,0.0,0.17576638,0.0,0.0,0.040783327,0.0,0.0,0.24873218,0.0,0.0,0.16204828,474.99756,195.08685,0.881601,454.18277,210.95181,0.9204084,479.24002,210.76881,0.9880497,0.0,0.0,0.40601033,484.71368,232.58505,0.9503161,0.0,0.0,0.24121687,490.9866,249.74895,0.7924813,458.3434,250.95723,0.97691,475.73175,251.17279,0.9918743,459.84106,283.63525,0.95286435,477.08377,283.34695,0.9831323,459.75583,315.17645,0.93221515,475.1347,315.51105,0.96742743
0.0,0.0,0.14266253,0.0,0.0,0.037906125,0.0,0.0,0.18622002,0.0,0.0,0.05531535,656.56836,190.91234,0.53112364,641.64343,207.10924,0.62023115,645.22296,206.66017,0.8376995,0.0,0.0,0.26950893,638.63574,227.46136,0.74894315,0.0,0.0,0.23500182,639.74274,242.06436,0.5749745,644.4341,254.13255,0.8972805,645.97595,255.04355,0.9393737,646.37115,293.082,0.8694602,645.53925,293.71817,0.9229289,640.98047,324.9475,0.81433165,635.72614,326.69763,0.8722504
0.0,0.0,0.055612452,0.0,0.0,0.035188172,0.0,0.0,0.0528048,0.0,0.0,0.06359443,0.0,0.0,0.1239146,0.0,0.0,0.20372663,0.0,0.0,0.29257557,0.0,0.0,0.16608867,0.0,0.0,0.3074003,0.0,0.0,0.17587076,0.0,0.0,0.27372363,0.0,0.0,0.37421024,0.0,0.0,0.4436891,0.0,0.0,0.41232866,0.0,0.0,0.48292643,0.0,0.0,0.44572005,844.95013,329.48282,0.50343305
