784.28375,158.85272,0.9775339,790.15753,154.43408,0.9439871,779.73206,154.1263,0.92251664,798.0908,156.09604,0.8250124,771.4903,155.66965,0.70611316,809.71716,184.84784,0.9971643,758.31024,188.40366,0.99324363,833.8779,212.30879,0.987604,745.8368,226.00194,0.9605249,814.2723,225.18314,0.9737883,738.5289,263.84097,0.93798214,794.9618,267.9291,0.99793243,763.8922,268.61984,0.9967104,793.99207,327.65555,0.99407226,774.14136,328.52533,0.99110085,801.2397,387.68338,0.9711212,793.81976,390.4244,0.96332955
227.86855,177.30936,0.95181334,234.20438,173.7449,0.9251598,224.67381,173.62567,0.8521217,245.87776,178.5103,0.8040784,0.0,0.0,0.49857676,258.30518,206.08612,0.98888445,213.58745,205.17401,0.9736409,271.92593,244.1981,0.96418464,205.81273,229.69002,0.89115757,270.44006,274.0244,0.93748945,218.2574,227.05412,0.8569659,248.07178,268.4892,0.9914636,218.61581,268.61563,0.98646134,251.10182,320.70792,0.98459435,221.56404,322.02502,0.9773819,252.73767,370.512,0.9582528,228.577,370.24142,0.94829017
0.0,0.0,0.12897797,0.0,0.0,0.053844325,0.0,0.0,0.10521467,0.0,0.0,0.4044297,455.98737,197.68185,0.704698,432.40442,213.35062,0.9635888,459.80392,214.41916,0.97671014,423.58997,237.87593,0.78119624,464.9975,237.71713,0.87589186,423.37833,258.54907,0.5485143,463.38354,254.95523,0.6568815,434.52524,259.46472,0.98938096,452.7444,260.10947,0.99135923,434.1821,294.9784,0.98086333,450.69034,295.6528,0.98285204,434.339,328.6427,0.9617042,449.28528,330.33966,0.96406496
151.81686,152.68163,0.5426619,0.0,0.0,0.126103,149.38895,147.00978,0.59841937,0.0,0.0,0.24437034,135.35303,156.39178,0.9203668,91.6961,194.45007,0.9359621,138.27548,201.99812,0.98671234,75.88876,249.29298,0.65499634,158.68188,255.03908,0.95125836,78.44795,285.4842,0.5325191,161.23752,277.34427,0.87221766,97.275894,289.7098,0.9833277,125.88048,293.02338,0.99265265,109.222145,363.324,0.98210573,130.94264,369.91428,0.99236673,105.59137,432.3747,0.95813763,117.853355,442.28702,0.97495395
0.0,0.0,0.13681903,0.0,0.0,0.12233259,0.0,0.0,0.060105484,561.27356,212.10017,0.71755064,0.0,0.0,0.41758975,557.11523,227.86172,0.9706373,583.39087,226.88509,0.9580253,552.25055,248.40915,0.8786963,592.30444,247.82024,0.77223873,552.48987,264.4211,0.6850795,591.7428,265.6784,0.55076265,560.9165,266.40393,0.98822814,578.3208,265.91434,0.98541915,560.26666,295.17447,0.98098,577.49786,295.03748,0.9733869,560.8751,324.19806,0.97024226,576.69794,323.0181,0.96146214
0.0,0.0,0.11150031,0.0,0.0,0.06858979,0.0,0.0,0.06994029,495.4343,218.05266,0.5305868,508.04803,217.24751,0.56353074,489.69467,233.5709,0.9679359,515.96783,232.28838,0.97299826,483.87738,254.13759,0.8614457,523.38745,252.90714,0.8832319,484.13803,269.96353,0.6684118,525.1692,269.83932,0.70065624,495.98492,269.84537,0.99144614,513.2497,269.4089,0.9920989,497.78693,297.5825,0.98457575,512.83966,297.2202,0.9842792,499.66733,324.2761,0.97453916,512.4001,323.43924,0.9738342
658.5588,200.3291,0.50244665,660.2087,197.14403,0.5659567,0.0,0.0,0.16077667,665.1018,199.34554,0.8757301,0.0,0.0,0.23474987,665.00055,218.1034,0.9838125,681.2779,217.05826,0.93335557,659.3269,242.09213,0.9373045,0.0,0.0,0.49971145,653.16064,251.0731,0.82687247,0.0,0.0,0.38515994,667.5461,264.42007,0.9873788,678.9741,263.69977,0.97218204,666.45123,302.22144,0.9848112,679.75543,302.10394,0.9613395,668.0521,338.9822,0.9730056,681.57764,337.3801,0.9466675
45.68835,148.24033,0.8871904,50.60251,143.79424,0.87150574,40.911076,143.74698,0.77533674,58.016453,147.77505,0.7864254,38.32894,148.65617,0.5268137,63.68905,176.12257,0.9711792,36.539684,182.80423,0.9324422,62.560658,203.2024,0.84158224,30.468105,219.58725,0.6380341,36.87848,181.52405,0.6599596,0.0,0.0,0.4823675,56.42051,259.902,0.9846473,37.78103,261.667,0.9767222,58.79089,331.0162,0.9870679,40.102825,333.65515,0.98177767,55.702747,391.69727,0.97739446,38.433777,397.25845,0.9729485
1.6574619,167.97862,0.6144969,5.21981,163.4742,0.6744202,0.0,0.0,0.34468573,13.635958,166.07796,0.6178011,0.0,0.0,0.11466715,21.29929,192.74521,0.69982046,0.0,0.0,0.4378491,0.0,0.0,0.41469967,0.0,0.0,0.096096,0.0,0.0,0.34250787,0.0,0.0,0.10683369,15.745699,262.69562,0.5416191,0.0,0.0,0.4012716,13.733361,317.95273,0.5529713,0.0,0.0,0.3919983,0.0,0.0,0.47621363,0.0,0.0,0.358663
0.0,0.0,0.12307519,0.0,0.0,0.102380216,0.0,0.0,0.07896955,721.2671,215.04887,0.5075692,0.0,0.0,0.3315185,716.7955,229.20732,0.90306383,738.5033,229.30135,0.89009494,709.37256,247.16086,0.6050061,740.8228,247.23228,0.52286935,0.0,0.0,0.34655294,0.0,0.0,0.2891368,719.47217,262.59482,0.8921385,733.6008,262.48993,0.88503605,718.4193,283.8701,0.66849136,732.4765,284.20297,0.64824826,0.0,0.0,0.48307627,0.0,0.0,0.46583232
