0.0,0.0,0.35314822,0.0,0.0,0.40853047,0.0,0.0,0.09804179,810.86316,196.15182,0.8389395,0.0,0.0,0.22477195,803.018,225.43134,0.9779077,850.1834,219.1991,0.79277474,793.4589,263.05322,0.93390894,0.0,0.0,0.34943983,792.08246,277.63602,0.81131345,0.0,0.0,0.29323894,819.2965,292.28134,0.9737394,850.96967,289.8042,0.91819173,820.34296,348.8125,0.9629257,849.16064,346.57623,0.8944334,826.4005,406.36252,0.90087,849.3422,402.68497,0.8197814
0.0,0.0,0.11848486,0.0,0.0,0.055475198,0.0,0.0,0.071566045,0.0,0.0,0.48489356,322.72968,204.11656,0.6567863,295.2885,224.05673,0.982764,330.83813,222.26627,0.9882635,282.02518,252.69687,0.9271064,341.8034,252.4115,0.9491714,280.43933,274.67206,0.7936052,342.41284,277.25128,0.8320615,302.18344,270.7696,0.99533725,323.93683,269.80893,0.9963427,309.11337,314.92975,0.9862322,321.90588,313.94598,0.98823684,312.11746,357.4324,0.9592188,317.45453,357.0739,0.9639749
0.0,0.0,0.09836167,0.0,0.0,0.065935254,0.0,0.0,0.04795185,745.969,186.43727,0.68310463,768.84485,186.25716,0.5749756,734.8793,212.8379,0.9773811,779.70013,212.50609,0.9798821,724.2574,248.21448,0.8805831,789.35767,246.01279,0.8699432,728.7053,274.33978,0.6500772,785.4722,271.75635,0.61718696,743.2574,278.33694,0.9920521,771.14417,278.61218,0.99218994,753.97345,327.70108,0.98134595,767.9384,328.09686,0.97903866,763.6887,379.06985,0.9492584,765.91125,379.19592,0.94444835
0.0,0.0,0.13758284,0.0,0.0,0.06119049,0.0,0.0,0.094502665,0.0,0.0,0.37839013,536.2652,196.30309,0.63282436,511.39792,217.85114,0.9490274,542.75116,216.78093,0.958334,503.848,246.83325,0.7392443,550.7879,244.6147,0.803769,506.91122,270.07324,0.507173,549.723,265.09415,0.5720723,515.9527,269.53516,0.9843737,536.97394,269.22308,0.98635674,516.94745,313.5764,0.9785039,538.07745,313.39667,0.9805275,516.48047,354.47278,0.96217597,537.5071,355.0344,0.96495247
0.0,0.0,0.114353575,0.0,0.0,0.05991749,0.0,0.0,0.08529986,0.0,0.0,0.49164498,402.16763,195.87221,0.6389191,377.6779,217.8508,0.95432204,408.23737,219.64677,0.97448015,368.7306,246.98036,0.7798837,414.50858,248.78906,0.8897391,367.4052,273.69888,0.56149894,415.4481,275.51773,0.6902456,379.23145,270.7901,0.988342,398.8369,271.70096,0.9912555,380.41983,309.90674,0.9818663,396.18176,310.83374,0.98451394,381.41577,347.89188,0.96821564,393.33713,349.48026,0.9712464
0.0,0.0,0.09389273,0.0,0.0,0.08594052,0.0,0.0,0.039838374,580.62146,217.30518,0.6658391,0.0,0.0,0.3690642,576.6879,236.98642,0.9677357,602.7057,236.02623,0.95835096,570.8028,260.57678,0.8894051,610.17004,260.44653,0.8094476,568.9575,277.8999,0.6987865,611.1116,278.73608,0.5897459,581.41815,282.98413,0.9871191,597.32245,282.6309,0.9852684,586.8895,317.35507,0.97212243,594.2801,317.52963,0.9644835,591.8414,350.74496,0.93886596,592.4889,350.0667,0.9267458
0.0,0.0,0.09212478,0.0,0.0,0.052985124,0.0,0.0,0.067434095,0.0,0.0,0.44048858,467.66403,230.53238,0.5776992,448.40198,245.95122,0.9521076,474.20657,246.0089,0.96576226,443.32538,265.02353,0.7800584,480.32773,266.62537,0.85807794,444.3043,282.47705,0.5443534,482.1853,285.7115,0.64188594,453.9413,280.45615,0.98377544,470.34497,280.68604,0.98643005,457.81967,307.24838,0.96822006,468.04803,307.50098,0.9715371,459.93457,331.80573,0.94520956,465.26767,332.00278,0.9488209
0.0,0.0,0.13773756,0.0,0.0,0.13863419,0.0,0.0,0.052783553,625.80676,233.79773,0.6383979,0.0,0.0,0.23448303,623.8,246.62814,0.9445647,642.1048,245.63942,0.8869846,620.936,263.22302,0.8444498,646.8493,261.60742,0.5741856,621.3811,275.98932,0.66600627,0.0,0.0,0.41290858,625.5298,277.99924,0.9742802,638.11285,277.5631,0.9610417,626.30316,301.93536,0.96404403,638.93665,301.9663,0.94009495,628.421,326.9117,0.9502747,641.5537,325.95413,0.9270824
0.0,0.0,0.12726107,0.0,0.0,0.071915135,0.0,0.0,0.13087055,0.0,0.0,0.30553988,440.8027,218.21538,0.5503382,423.17932,230.59406,0.8821126,443.866,231.3759,0.9176657,0.0,0.0,0.49483424,447.9639,246.8472,0.6946957,0.0,0.0,0.3319844,0.0,0.0,0.47707888,426.0203,265.389,0.94606894,440.36853,265.75287,0.9547928,425.97446,294.14774,0.91667527,443.4656,294.04352,0.9337619,425.84094,321.88248,0.8616728,443.26465,322.29852,0.88320845
213.30759,243.11877,0.6317161,214.63872,241.42838,0.57566094,0.0,0.0,0.46208912,217.97705,241.71692,0.5023258,0.0,0.0,0.27925703,222.7347,250.8103,0.9633314,210.77254,250.7521,0.9547194,227.63625,263.48642,0.8497369,205.77942,262.90182,0.78963375,226.8405,275.56775,0.802463,203.04298,274.8465,0.74185556,219.8182,274.82153,0.986246,213.03526,274.63474,0.9848279,217.59561,294.46933,0.9810559,212.26042,294.1103,0.97857136,216.90372,313.37958,0.9717181,212.64732,312.83017,0.9690729
