0.0,0.0,0.08018,0.0,0.0,0.045357328,0.0,0.0,0.050494093,639.9222,201.19109,0.5216988,655.44946,200.43288,0.6183286,633.34735,222.92365,0.9731609,664.1314,221.79007,0.98265207,619.9902,250.59367,0.8902711,673.3256,249.10216,0.93289185,610.7538,274.05923,0.7036951,673.29663,271.6342,0.7798299,643.11426,274.27393,0.9941227,662.4083,273.8569,0.9954045,645.2783,312.30258,0.986086,660.9475,312.01868,0.98787653,646.23376,347.81384,0.9676117,657.19165,347.4408,0.9708034
0.0,0.0,0.38193673,0.0,0.0,0.28143764,0.0,0.0,0.18409435,494.4458,203.0263,0.78248084,509.79092,202.84001,0.6535932,486.03296,220.32706,0.98757267,519.3222,220.24744,0.985114,475.39032,241.65775,0.8926079,525.25073,243.22354,0.8337762,476.66296,254.82715,0.71126,523.31744,255.40211,0.6261795,493.19818,265.7094,0.9927816,515.46716,265.65686,0.9924085,491.93558,303.10062,0.9882663,516.6014,303.15417,0.9862949,489.87518,341.8231,0.9765777,516.05237,341.64722,0.974132
0.0,0.0,0.21708682,0.0,0.0,0.12270459,0.0,0.0,0.09103583,277.35223,170.70319,0.5419666,0.0,0.0,0.39825433,264.74518,198.78593,0.96587944,305.76938,199.14523,0.921501,251.47374,241.02423,0.9176841,311.71036,238.93597,0.76984507,250.25107,271.07983,0.8061679,306.60287,259.80786,0.64592284,270.40417,273.05518,0.99079263,295.5046,273.40756,0.985299,278.23132,327.67136,0.98460454,287.0609,330.5041,0.97672266,281.48145,377.4697,0.95636505,275.57205,380.69678,0.9435301
0.0,0.0,0.05056362,0.0,0.0,0.030176241,0.0,0.0,0.03269407,0.0,0.0,0.46148318,431.09415,213.58957,0.510675,407.9113,230.36322,0.96247756,440.0701,229.7667,0.9756749,398.58218,253.45396,0.83846295,450.522,253.48203,0.90049887,397.62494,270.76358,0.6004593,452.75958,272.11847,0.6909546,415.14264,274.37335,0.9913292,434.96375,274.32,0.99305844,419.6127,307.38763,0.97866195,432.03653,307.4996,0.98102474,423.9065,338.56018,0.95534027,427.06055,338.30325,0.95850396
331.85553,187.31361,0.9105801,335.49448,184.17023,0.9061287,330.2803,184.14307,0.73320824,344.18646,185.4923,0.82111055,0.0,0.0,0.29385546,353.6273,203.18246,0.98826295,327.0366,203.41899,0.9749147,354.85803,223.76678,0.9646046,322.3906,222.24814,0.8460444,339.79684,216.80165,0.938957,325.20398,212.63647,0.8190546,347.87357,255.68387,0.9940282,329.72354,255.17216,0.99090976,347.63824,299.1621,0.99283844,325.26614,298.52713,0.98699147,350.47238,340.24518,0.9844529,323.7992,338.33163,0.97549284
555.35785,194.6608,0.9059259,557.7434,191.61522,0.8315607,552.161,191.71307,0.84744483,561.4514,193.87251,0.5906802,546.5309,193.8664,0.64458394,566.89734,213.14693,0.97913694,539.8459,213.09875,0.98561376,571.96356,234.75977,0.86720943,530.7483,235.45497,0.900281,570.6434,246.43892,0.8119582,538.45245,248.49416,0.8375823,564.14886,260.29898,0.9833856,547.35443,260.48007,0.9861697,565.0777,296.91483,0.9646197,551.13025,296.86597,0.967335,561.59406,332.02438,0.93100804,551.77,331.6394,0.9351985
183.72705,203.33487,0.8784973,186.64406,199.9952,0.8645081,180.85025,200.40652,0.69414514,192.60278,201.74132,0.7643674,0.0,0.0,0.30993223,202.2348,220.1326,0.97961664,174.3751,222.1401,0.94782084,213.87726,241.09389,0.9256771,172.18626,242.07507,0.67519414,201.1675,241.0097,0.8748647,180.72514,234.63116,0.6378275,198.20427,270.97452,0.9818132,180.7703,271.9812,0.96958065,194.68141,313.83813,0.97532326,184.94138,314.97614,0.9536171,194.61926,353.39322,0.94225514,191.55336,354.10114,0.90793073
0.0,0.0,0.19588053,0.0,0.0,0.11460944,0.0,0.0,0.13198468,0.0,0.0,0.42998856,697.68774,208.21411,0.5196863,680.3446,221.50777,0.9385418,703.5123,221.06717,0.95057374,675.7932,239.50804,0.71626806,710.24994,238.85071,0.7781213,676.71643,255.23422,0.5005144,709.2265,254.66528,0.5595228,685.03217,254.72435,0.9663313,700.0715,254.60562,0.97074664,687.04663,281.0449,0.9203822,700.1247,280.86548,0.9266432,689.3927,304.67404,0.8700814,698.3744,304.4479,0.8773466
0.0,0.0,0.09801278,0.0,0.0,0.05279058,0.0,0.0,0.064665295,0.0,0.0,0.3145834,0.0,0.0,0.40778238,144.7593,221.57835,0.86958075,167.19269,222.46684,0.85717285,136.65413,240.97275,0.51250356,0.0,0.0,0.47240132,0.0,0.0,0.30008134,0.0,0.0,0.26877356,146.86539,263.30847,0.9412627,162.49289,264.1318,0.9348829,144.14401,297.35822,0.92485756,160.60782,298.37265,0.91172296,143.8642,329.95737,0.89388764,159.39084,331.28314,0.8803284
466.5079,199.33249,0.5473957,468.84006,196.32304,0.6049967,0.0,0.0,0.22662961,476.8322,197.23875,0.67814183,0.0,0.0,0.061196323,481.56616,212.73735,0.87056655,473.17896,211.89444,0.74023527,478.1743,233.6525,0.6857335,0.0,0.0,0.2504225,465.82047,239.99646,0.58061576,0.0,0.0,0.24436432,478.99396,253.38191,0.86919093,473.5129,252.55716,0.8100234,476.4272,285.98895,0.77701414,471.78162,285.20923,0.6637374,478.12125,318.48804,0.67432064,473.57733,316.6475,0.56945294
