0.0,0.0,0.2731315,0.0,0.0,0.2570846,0.0,0.0,0.05255994,391.8159,142.84315,0.8372394,0.0,0.0,0.24753714,378.55838,187.87247,0.97442293,448.57382,184.82837,0.92917925,350.23163,237.81226,0.9144061,448.9729,244.18636,0.6725087,357.36267,235.10982,0.7982483,430.81186,265.1156,0.5412133,384.5048,305.392,0.98690957,430.83844,304.3856,0.9773401,370.5499,396.95477,0.9670466,416.92566,401.51355,0.9469578,381.28073,469.67606,0.83856285,419.25583,479.0487,0.7976848
0.0,0.0,0.24454068,0.0,0.0,0.061557256,0.0,0.0,0.3274616,0.0,0.0,0.03889763,836.9592,181.86221,0.630986,837.64984,202.23473,0.54759747,830.2601,204.68517,0.90847594,0.0,0.0,0.19324073,823.41833,236.47675,0.89582556,0.0,0.0,0.20262536,834.44995,228.95247,0.78963107,836.9293,263.6862,0.8478979,833.6733,265.13705,0.94943106,828.33887,310.283,0.81682754,830.8892,311.3963,0.9387522,823.153,349.9339,0.7422691,830.4177,352.2348,0.8798791
0.0,0.0,0.14772917,0.0,0.0,0.077002175,0.0,0.0,0.11075373,156.284,195.49986,0.519367,168.28053,195.59184,0.7170523,147.84238,213.92879,0.9736183,175.1876,214.2849,0.98459136,140.04549,235.7905,0.8217081,181.89227,237.75479,0.90771157,142.58308,247.83804,0.5946073,180.46364,251.38594,0.71796405,151.53203,257.5457,0.9929594,169.5233,257.7578,0.99474514,151.90953,293.57355,0.9889501,166.47935,293.89377,0.990811,149.82698,331.07355,0.9794799,161.83327,331.6703,0.98183
629.43695,153.07729,0.93105435,633.40027,150.10403,0.7790911,623.4383,149.46495,0.9019838,0.0,0.0,0.40477327,609.894,156.08972,0.7818865,643.7373,194.62807,0.96333337,597.0788,186.89365,0.984634,665.07227,227.46706,0.8026153,589.7529,193.55037,0.9334749,653.7758,216.16548,0.7181947,608.0013,160.22235,0.86745113,638.57056,279.51532,0.9864825,613.81836,278.6129,0.9908937,615.3049,348.81564,0.9845755,630.5308,355.22934,0.9902777,593.9838,410.90268,0.9608881,647.1317,421.88477,0.97118604
492.06113,196.81572,0.868851,494.83807,193.64714,0.7920588,488.96323,193.73605,0.7967647,498.92007,196.03654,0.5390744,483.1129,196.32562,0.530817,503.43488,214.47292,0.95643944,477.8564,215.2085,0.9597643,509.09894,234.77455,0.8034321,471.21182,235.40344,0.80466694,504.53607,245.94812,0.74618506,478.06982,245.75891,0.743347,500.07077,257.1743,0.97364193,483.45734,257.84027,0.97460294,501.69553,291.88168,0.97224,484.8907,292.36853,0.9707812,503.14383,325.5606,0.9657051,486.49173,325.81027,0.96381354
343.89752,202.07332,0.82637966,345.85992,199.83365,0.6864533,341.64365,199.58759,0.7678253,0.0,0.0,0.4069069,336.07303,201.07294,0.5932034,350.45532,214.85036,0.944701,329.25702,214.59026,0.9665055,351.5574,226.3835,0.7719961,323.27078,227.37982,0.871123,344.73972,211.53662,0.730943,332.59573,213.9523,0.81624556,348.84842,250.42322,0.9684483,335.35532,250.82462,0.97551984,348.624,283.19385,0.95778835,339.48044,283.44287,0.96453744,346.9806,313.19562,0.93165165,340.79657,313.12283,0.93979096
294.75305,210.90872,0.9163896,297.30997,208.71683,0.86039025,292.78928,208.60738,0.8604264,300.82407,210.25168,0.6702333,289.67767,209.91943,0.6634677,305.4363,222.88126,0.98761356,284.73816,222.47447,0.9912246,313.74402,235.13329,0.9329989,275.15433,234.1705,0.9491118,316.1343,240.39493,0.89920753,274.65927,239.39708,0.91314536,299.2976,254.27628,0.9902839,287.00446,253.80342,0.99178857,296.00983,278.54,0.977126,287.18463,277.85864,0.97834533,291.97647,300.1731,0.95211715,287.02072,299.28317,0.9539666
655.2626,151.67354,0.88642794,658.1103,146.53204,0.8528409,649.63074,146.94339,0.72998816,662.07697,149.93839,0.6835511,0.0,0.0,0.33022377,671.8877,179.26094,0.97722775,630.75903,182.33145,0.91655153,680.989,217.01416,0.91974765,632.1938,222.42722,0.51128817,661.4919,222.44963,0.855808,0.0,0.0,0.48087734,670.4633,256.03336,0.97585094,642.35626,258.2751,0.94913256,676.54205,313.5215,0.95706546,648.1866,316.40704,0.90247643,675.2034,365.06747,0.88335943,647.2862,368.21817,0.7951267
0.0,0.0,0.13210464,0.0,0.0,0.08269834,0.0,0.0,0.09957842,0.0,0.0,0.41751826,0.0,0.0,0.4838505,196.09123,232.9791,0.9419427,211.86327,233.34796,0.9492739,191.88673,246.11598,0.6759161,216.75429,246.27852,0.7367089,0.0,0.0,0.4572856,218.46274,258.8825,0.5062115,199.78937,256.79547,0.9680769,209.98193,257.12805,0.970439,201.7647,274.72223,0.9361109,209.43341,274.60236,0.9413049,202.40628,291.05106,0.9080348,208.58376,291.18204,0.91430306
786.1482,218.96486,0.7535881,787.54987,216.6927,0.5050547,784.41,216.18024,0.75708455,0.0,0.0,0.29529467,777.9568,216.2737,0.7512266,778.68054,228.73372,0.9063336,770.7151,227.99486,0.9647321,0.0,0.0,0.49853772,767.8753,244.40294,0.845515,0.0,0.0,0.434976,770.094,252.05453,0.72793436,770.08936,256.76526,0.89277273,764.8364,256.76923,0.93474925,766.6807,279.2354,0.81717104,762.7154,279.2884,0.8828688,765.58276,297.26062,0.76588094,759.0852,297.8469,0.82834923
