0.0,0.0,0.07602939,0.0,0.0,0.030468667,0.0,0.0,0.052580506,263.8257,174.80527,0.52203614,284.58542,175.02649,0.7775136,253.69917,199.41872,0.9863165,294.31198,199.82597,0.99437535,241.78014,233.3483,0.92565584,307.0886,234.67615,0.97648126,238.2962,263.52847,0.76430184,309.5498,263.92764,0.8828911,260.54547,264.3873,0.99710554,286.94452,264.33246,0.9982796,258.26517,312.99933,0.98797786,283.75198,312.87173,0.99189657,256.96344,357.57587,0.9573713,280.25626,358.40594,0.9681731
752.65436,144.08217,0.9781699,758.6185,139.05362,0.91448885,746.38947,138.8471,0.96110445,766.4683,142.25652,0.66188765,737.4139,141.77415,0.8790257,778.64014,176.67126,0.98985225,720.9676,177.74625,0.9971596,792.4758,214.42673,0.9287151,695.57355,215.86963,0.98595375,784.9229,217.87535,0.8932767,714.6913,202.35928,0.9693523,769.24677,267.26343,0.9960912,736.1814,268.8109,0.9978536,759.35486,346.5441,0.99035686,750.93884,351.80466,0.9951172,732.1624,414.51593,0.9572935,753.9418,423.46652,0.9727175
635.373,115.88655,0.9799754,639.53827,109.421906,0.8634231,627.68774,109.31801,0.96926224,0.0,0.0,0.44137332,609.86176,116.76573,0.91116524,649.9717,165.64471,0.98764825,589.8511,169.9212,0.99777335,657.75006,233.1342,0.93410534,573.6043,240.80823,0.9935154,667.7974,282.00348,0.89502144,579.55695,297.87778,0.98093385,649.1558,280.74106,0.9965977,606.1795,284.25217,0.9985714,659.29913,366.42383,0.9878527,592.1069,369.23755,0.99488974,659.2848,449.67426,0.9342514,573.42444,451.79526,0.96198595
0.0,0.0,0.10722858,0.0,0.0,0.053343616,0.0,0.0,0.10713832,0.0,0.0,0.36582005,128.46396,216.32114,0.6683255,111.056244,227.10423,0.96892047,132.18651,227.92001,0.9793687,104.49703,242.31781,0.74925834,137.09422,243.19612,0.8875108,0.0,0.0,0.49862644,137.74258,255.32361,0.6754079,113.96277,256.33588,0.9845835,127.75606,256.70062,0.9877443,116.4066,279.66263,0.95405537,126.874916,279.76608,0.9649491,116.48283,300.5698,0.9152875,124.17019,301.01688,0.9310188
391.9848,173.84581,0.93543535,396.09613,169.91759,0.8593413,387.79578,169.66545,0.90647477,401.4424,173.46336,0.52292854,380.5224,172.49739,0.7251688,403.90997,196.72713,0.9694211,375.09247,195.90674,0.9855097,408.14532,217.57274,0.8148008,373.60403,216.50937,0.92415583,404.16895,213.16896,0.788427,394.83057,208.77274,0.8827194,399.99686,258.80222,0.97801685,381.49988,258.87155,0.9857891,392.13605,309.6639,0.9620662,383.23358,309.4084,0.973165,386.1369,357.10617,0.91203004,383.93277,356.55743,0.93163466
0.0,0.0,0.18082294,0.0,0.0,0.09929834,0.0,0.0,0.13577725,0.0,0.0,0.4506006,85.54721,215.4159,0.6162966,69.98678,227.83287,0.9639998,89.52198,227.73294,0.9761513,64.878044,243.27365,0.8220873,94.704285,242.00853,0.89357245,64.607704,255.18327,0.64592767,93.6956,252.42468,0.7369781,71.98631,257.5288,0.987708,84.72397,257.60492,0.9900131,71.777954,279.98615,0.97716695,81.171555,280.20322,0.979688,73.28556,301.14978,0.9625888,80.53215,301.6477,0.9651006
0.0,0.0,0.14984795,0.0,0.0,0.09084291,0.0,0.0,0.12685414,0.0,0.0,0.43826932,167.50134,212.893,0.5603659,152.37555,224.81212,0.9694894,170.78683,225.6547,0.9739637,145.73396,241.36296,0.7815103,174.40958,242.4041,0.845828,145.7768,255.48741,0.55976194,173.29004,256.7554,0.63651747,153.66214,256.06985,0.9859503,165.55617,256.31113,0.98723,155.03906,280.3704,0.960071,164.46596,280.6155,0.9645157,155.21144,301.87653,0.92563224,162.05925,302.22928,0.93213737
446.49423,206.52452,0.8993226,449.43912,203.55101,0.81708986,443.7398,203.36389,0.8343701,453.97964,204.04082,0.5489418,438.7119,203.5525,0.5800226,458.88754,219.1412,0.9736457,431.52686,217.70297,0.98030055,467.21255,240.42087,0.8811743,421.51016,235.22458,0.9142862,464.41846,249.09866,0.83337635,427.68213,239.5168,0.86657697,450.10074,263.5731,0.9847552,431.99606,263.06573,0.98706853,453.79343,301.34174,0.9742643,431.00745,300.75128,0.97623444,458.54395,335.8176,0.95109504,431.19513,334.86197,0.95302975
0.0,0.0,0.17339957,0.0,0.0,0.16104458,0.0,0.0,0.07701275,352.16003,213.1003,0.60132384,0.0,0.0,0.21784432,350.45886,227.25633,0.9398639,364.59082,226.04414,0.9140218,343.61154,245.61534,0.74581766,364.46307,243.6242,0.53701836,337.77325,256.41324,0.54487336,0.0,0.0,0.36731836,351.77982,260.80115,0.9691787,361.14493,260.1091,0.9627252,347.7566,286.0269,0.9482686,359.28735,285.70377,0.93254095,348.751,310.4801,0.9113287,359.06796,309.34094,0.892386
0.0,0.0,0.31566066,0.0,0.0,0.16635647,0.0,0.0,0.3579857,0.0,0.0,0.10495963,0.0,0.0,0.44119036,848.05347,225.54979,0.50954664,838.0179,225.19652,0.8339158,0.0,0.0,0.17785473,825.90845,239.1673,0.72050595,0.0,0.0,0.19191985,822.81976,248.09196,0.603223,847.23865,261.3931,0.7117549,841.2025,261.5407,0.8593461,845.63617,292.86823,0.67424226,841.4753,292.67847,0.83075494,845.66986,324.06244,0.69622135,842.1906,323.97812,0.81405103
496.96622,221.2045,0.80170983,498.50052,219.19862,0.7786692,496.26575,219.36682,0.620377,502.77603,219.51308,0.70964473,0.0,0.0,0.31756628,507.7644,229.65125,0.98252696,495.17734,230.33617,0.97143644,511.91534,243.34999,0.8983834,492.54413,243.7382,0.7785742,508.21637,251.46515,0.8445757,492.3084,251.24008,0.72266847,505.42615,257.8974,0.98463607,497.69724,257.95953,0.9804984,505.04874,279.5931,0.9624631,499.11237,279.42734,0.9514664,507.07144,301.1105,0.92834395,502.73602,300.81152,0.9130584
0.0,0.0,0.25575718,0.0,0.0,0.27019095,0.0,0.0,0.11240047,0.0,0.0,0.42114022,0.0,0.0,0.070495546,807.7967,218.72993,0.75714356,807.4368,217.3915,0.57266325,809.84766,235.95363,0.5691629,0.0,0.0,0.20741944,0.0,0.0,0.46794152,0.0,0.0,0.20169716,800.49493,254.2435,0.86226267,800.4631,252.99965,0.80580413,798.98615,283.30347,0.8438357,799.1268,282.6581,0.77166283,800.5719,311.9043,0.78704715,800.61176,311.17038,0.7191854
