0.0,0.0,0.2967248,0.0,0.0,0.049809095,0.0,0.0,0.46671385,0.0,0.0,0.11625222,64.00859,150.72444,0.9307965,8.855905,188.26918,0.74220186,73.05013,190.8431,0.9699922,0.0,0.0,0.24942929,89.02135,241.3905,0.8960785,0.0,0.0,0.18278146,81.706665,251.7586,0.73152906,13.994327,291.7059,0.8796894,60.333904,293.3117,0.95589113,22.714293,380.73856,0.9140548,83.18074,376.84766,0.9693508,16.776043,462.21475,0.86088276,86.45193,454.37897,0.92376393
239.78926,185.5791,0.8906864,243.89816,181.64014,0.8282645,236.19391,181.10075,0.78659797,250.03407,184.03932,0.61693877,0.0,0.0,0.48816785,258.73944,206.79991,0.98653144,217.09001,205.8475,0.98749197,265.23157,235.49551,0.9488434,207.8285,237.79247,0.9307677,249.82907,219.88968,0.9251441,227.66273,231.53947,0.8962799,252.16809,270.34448,0.99552095,225.51324,270.0029,0.9954867,250.60017,320.4298,0.9918181,229.1173,319.70828,0.990226,247.13148,369.94415,0.97569275,236.55191,368.27838,0.9723861
815.9871,170.50398,0.9789988,821.182,166.24158,0.89107275,811.17163,165.20074,0.97468764,0.0,0.0,0.47409123,799.339,165.89384,0.91473585,831.05975,197.04317,0.97597265,783.02216,194.9727,0.9969092,849.649,221.74738,0.850884,763.2036,234.19193,0.987839,845.6878,211.25609,0.81058353,749.1782,262.30722,0.9703314,819.6838,273.3216,0.9912922,787.20026,271.52164,0.996723,825.5597,330.81317,0.9856016,785.07513,327.36026,0.9948232,829.63074,384.68588,0.96416515,788.5975,387.49768,0.9817261
0.0,0.0,0.12537496,0.0,0.0,0.061494477,0.0,0.0,0.07847658,0.0,0.0,0.43417832,443.67685,199.6611,0.58525527,418.5974,215.93904,0.96735686,448.04654,215.0211,0.9681425,408.88333,241.1765,0.8300219,452.43118,235.55266,0.8164039,411.4045,262.48773,0.6177869,447.59885,249.01482,0.58803463,423.44238,260.75568,0.9895845,443.0963,260.8486,0.98960227,427.2651,296.07214,0.9795084,445.31412,296.3658,0.97797817,430.40106,330.80884,0.9587743,447.68396,331.83765,0.9563544
85.18923,147.50551,0.92211944,91.0015,142.09595,0.9499594,81.74784,143.01437,0.65667486,104.661224,144.95778,0.91401047,0.0,0.0,0.117959626,120.05735,173.3776,0.9876155,75.76577,177.43861,0.92311203,124.321625,210.21625,0.9687519,0.0,0.0,0.48805946,96.75231,197.35481,0.9363182,90.61575,189.66171,0.5047349,114.17821,255.04446,0.98847884,83.51925,256.42444,0.9685875,114.375336,324.45407,0.9817602,81.57967,325.99347,0.93929005,116.661514,388.85522,0.94060767,86.57286,389.0318,0.85980886
0.0,0.0,0.31647715,0.0,0.0,0.35213524,0.0,0.0,0.10178604,662.8229,203.14374,0.87290543,0.0,0.0,0.36490327,658.945,222.49788,0.98744977,683.7052,220.60826,0.96492827,651.3821,249.31076,0.9417574,687.5287,245.53,0.6816438,647.84503,272.95392,0.80781597,0.0,0.0,0.47842062,664.254,266.56543,0.9919475,680.6573,265.89026,0.9857216,665.5965,302.5343,0.98710364,680.76886,302.5305,0.9735075,668.2803,337.95358,0.9758,682.57837,336.71866,0.95890385
0.0,0.0,0.12418018,0.0,0.0,0.0510142,0.0,0.0,0.0961726,0.0,0.0,0.29057074,511.4752,217.88992,0.6077251,492.37253,233.24098,0.94476986,517.95074,232.66951,0.968198,486.77014,252.89209,0.7543805,526.5079,253.42238,0.8912424,487.31,268.02844,0.5686346,529.1843,269.65002,0.735534,499.76816,271.59802,0.9873975,516.4696,271.23758,0.99109745,500.48788,300.66727,0.97956604,513.97504,299.96085,0.9851274,502.435,326.78064,0.96591294,513.0026,326.42914,0.9730365
0.0,0.0,0.05997364,0.0,0.0,0.029588856,0.0,0.0,0.04355271,0.0,0.0,0.3143612,561.6497,213.31508,0.5001067,544.2337,230.83961,0.9175752,569.08856,228.41788,0.9498364,540.64453,253.37393,0.6998353,577.4191,247.04153,0.84192127,0.0,0.0,0.48289368,576.25854,259.62823,0.6318899,552.8982,267.94318,0.98471665,569.55817,267.27716,0.98824894,553.9737,298.31586,0.97834355,570.80927,297.63434,0.9819932,555.1439,326.82117,0.9666246,571.06854,325.584,0.9704781
0.0,0.0,0.3473477,0.0,0.0,0.19181348,0.0,0.0,0.26431444,733.5626,211.27515,0.5589267,743.74994,212.17778,0.73134696,725.1627,226.24414,0.971041,748.3326,227.69019,0.9756747,718.20447,247.4146,0.7980017,754.26263,249.51349,0.8379555,717.07227,266.09207,0.58189005,752.228,267.11084,0.62176085,726.91986,264.68835,0.9648832,741.90936,265.35617,0.9675056,730.2451,293.5666,0.889066,742.24,294.13873,0.8927936,733.2771,315.50687,0.770807,742.2624,316.73068,0.7750128
0.0,0.0,0.26298168,0.0,0.0,0.2177438,0.0,0.0,0.118182406,157.30197,202.6544,0.5684488,0.0,0.0,0.29788646,155.70944,219.53745,0.93050236,171.0559,218.71672,0.8852988,152.94873,241.43907,0.76677006,176.43828,239.49806,0.56215936,151.45834,252.16469,0.58287966,0.0,0.0,0.40933466,158.98473,263.82642,0.96164674,169.23067,263.45398,0.94858044,156.91147,299.28204,0.9498612,167.12695,299.16873,0.9283628,159.4928,332.89026,0.9231609,167.83705,331.93323,0.9008789
