746.9251,172.31715,0.9688984,749.75635,167.13354,0.89947575,740.9795,167.30911,0.93045187,753.09595,171.83105,0.60504806,729.8089,172.92921,0.7536936,766.1328,205.69107,0.9897142,714.5273,204.59407,0.9906307,782.68414,248.01035,0.9612609,696.6107,247.8778,0.9661338,772.6224,240.6739,0.9327612,711.70105,244.42995,0.94242746,754.63257,278.94476,0.99481356,718.54395,277.70056,0.9949227,761.9331,346.85263,0.9875459,711.18396,343.68414,0.9882693,759.0338,407.33908,0.95179003,692.30096,400.18057,0.9535828
0.0,0.0,0.15604517,0.0,0.0,0.16578335,0.0,0.0,0.035057086,336.04443,120.97391,0.83531487,0.0,0.0,0.19277698,321.35886,159.05902,0.9787813,387.46588,157.21718,0.8567451,305.76645,213.69398,0.92376447,0.0,0.0,0.4650964,317.31506,231.53911,0.7584306,0.0,0.0,0.31195846,329.17026,255.93265,0.9953381,374.5197,254.49991,0.9878571,323.44254,347.45917,0.99568164,365.93924,351.6519,0.9898441,320.14255,437.6925,0.9853147,361.42087,446.9811,0.9752681
666.6538,166.64845,0.963476,668.90845,162.29921,0.81398416,660.6311,161.37224,0.9583352,0.0,0.0,0.33362567,644.5565,165.55179,0.8920326,669.9272,201.99913,0.96027577,627.1669,199.7452,0.9933749,677.1862,244.716,0.82262933,629.8649,244.54346,0.98199916,680.7683,239.81795,0.7856372,657.6693,244.14369,0.9607115,666.5439,281.9273,0.98561156,634.9286,281.4166,0.99410987,677.85834,351.6538,0.9764233,628.5177,346.24707,0.99057204,682.23096,411.52295,0.94557667,618.271,402.73456,0.9702314
0.0,0.0,0.24271037,0.0,0.0,0.100958705,0.0,0.0,0.18414783,0.0,0.0,0.4137678,196.75082,205.748,0.7180494,177.22275,221.79652,0.97388905,202.08444,221.25021,0.98240834,168.8411,243.2899,0.8122731,208.56837,243.55724,0.8879025,166.06145,262.55945,0.6090649,210.46613,263.4363,0.7036224,181.05841,260.5356,0.98867023,197.54285,260.06308,0.9910958,181.36859,289.25375,0.97244316,197.75038,288.6052,0.9771691,181.39316,315.22787,0.9480564,196.40952,315.39713,0.9546992
466.80426,213.65204,0.8979469,469.25766,211.41583,0.89371926,465.7711,211.58078,0.7231032,474.63412,212.86105,0.84501183,0.0,0.0,0.3625011,482.3171,226.48923,0.99130905,462.06238,226.82433,0.98070186,487.1646,242.6525,0.9652222,456.56027,240.18962,0.84104043,480.75217,251.33199,0.93370724,459.66614,243.3101,0.7931994,477.0132,259.1099,0.99015653,463.1627,258.81174,0.9849615,478.5386,285.1166,0.97897995,456.83453,284.79575,0.96284425,478.99112,309.64645,0.95346576,453.39572,308.71677,0.9289532
0.0,0.0,0.0914868,0.0,0.0,0.060315233,0.0,0.0,0.059430685,275.32654,213.9869,0.5407112,0.0,0.0,0.48658565,270.6389,224.91669,0.9729677,290.89798,224.97264,0.9721747,264.823,239.92157,0.8176751,295.90158,239.85252,0.8088877,263.02432,249.53813,0.56321293,294.87335,249.84439,0.5488469,273.61737,255.3272,0.9832797,288.04907,255.27376,0.98338586,272.21725,279.10327,0.93973875,289.7746,279.02054,0.9393958,272.73428,300.51495,0.8737522,291.22806,300.17667,0.8733274
0.0,0.0,0.14933294,0.0,0.0,0.048017073,0.0,0.0,0.1693304,0.0,0.0,0.06545076,0.0,0.0,0.3705169,0.0,0.0,0.2413846,841.8736,106.44351,0.6528018,0.0,0.0,0.10759829,839.2063,167.43936,0.54795426,0.0,0.0,0.12136428,0.0,0.0,0.4407842,0.0,0.0,0.3811174,845.2501,202.43683,0.5875583,0.0,0.0,0.34526226,851.7145,269.32236,0.54526,0.0,0.0,0.23729005,0.0,0.0,0.34459805
0.0,0.0,0.22751702,0.0,0.0,0.15541217,0.0,0.0,0.15572767,93.32986,224.12436,0.5485022,0.0,0.0,0.49208695,89.09544,233.00046,0.9796666,103.446335,233.67595,0.9782033,83.088585,243.98492,0.84172374,107.13252,244.96063,0.8305833,81.90342,253.50414,0.64658064,106.20609,254.31042,0.6267752,89.74343,254.78452,0.9862024,98.333786,254.99144,0.98560333,89.791245,271.8447,0.9645038,96.620766,271.94055,0.9634498,90.00609,287.5936,0.94481295,95.7738,288.03452,0.9439265
0.0,0.0,0.38344455,0.0,0.0,0.20608987,0.0,0.0,0.41423205,0.0,0.0,0.13473554,223.11183,217.89365,0.529205,225.38664,228.091,0.83123434,218.33328,228.4662,0.9007686,0.0,0.0,0.44825464,217.58948,243.57425,0.7534324,0.0,0.0,0.40291324,225.27339,249.84973,0.64808035,223.10165,258.06503,0.93559295,219.3146,258.5046,0.9523918,223.39568,284.639,0.9117448,220.02101,284.6147,0.9377408,221.27159,309.95178,0.8791433,217.64903,310.90985,0.90758276
0.0,0.0,0.12801674,0.0,0.0,0.087811604,0.0,0.0,0.094671756,0.0,0.0,0.40059972,0.0,0.0,0.39799654,118.73277,230.09685,0.9439359,132.9649,230.70282,0.9453652,112.83332,242.05157,0.73717564,136.62752,242.98022,0.7531564,112.296555,252.83286,0.5478579,136.67307,253.64284,0.55827916,119.26042,252.2533,0.9798552,127.86194,252.5458,0.98019207,119.84131,270.21716,0.9686479,126.63789,270.32645,0.96931165,119.69424,287.12155,0.9574551,124.88461,287.5123,0.9584357
0.0,0.0,0.20342028,0.0,0.0,0.12039028,0.0,0.0,0.18670423,0.0,0.0,0.0859719,0.0,0.0,0.21951532,0.0,0.0,0.24640304,0.0,0.0,0.4273637,0.0,0.0,0.1375282,0.0,0.0,0.36435342,0.0,0.0,0.14141543,0.0,0.0,0.29201198,0.0,0.0,0.23333633,0.0,0.0,0.330003,0.0,0.0,0.21169531,0.0,0.0,0.30475715,0.0,0.0,0.1723155,0.0,0.0,0.23642573
0.0,0.0,0.1135182,0.0,0.0,0.074529916,0.0,0.0,0.08432491,0.0,0.0,0.36262384,0.0,0.0,0.40593913,144.10448,228.00545,0.9229177,161.50174,228.33414,0.9297435,139.42653,240.96147,0.62219286,166.89062,241.4207,0.66187215,0.0,0.0,0.3997606,0.0,0.0,0.42198646,146.86703,252.60738,0.9628756,157.68475,252.82204,0.9651653,148.95116,271.73804,0.9343252,156.4474,271.70566,0.93816143,149.14153,289.25766,0.9200985,154.66605,289.67297,0.9244682
416.53268,226.46564,0.76074284,418.23172,224.6488,0.7273613,415.35648,224.52925,0.64011806,421.48843,225.39207,0.5815412,0.0,0.0,0.37202007,425.36383,234.6636,0.96852,411.40927,234.29948,0.958968,428.39285,245.3781,0.86584806,407.74066,244.37672,0.79854923,423.8421,250.26186,0.8231014,409.42697,249.11469,0.76123273,421.9567,257.89786,0.9802977,413.2781,257.61618,0.9776559,420.5171,276.67743,0.9640816,412.50305,276.3299,0.9582341,420.06216,294.19568,0.93764037,412.86563,293.7749,0.93024933
