781.4843,158.98512,0.97818005,787.14343,154.52763,0.9443451,776.7206,154.29033,0.9254229,794.947,156.14775,0.8214069,768.21893,155.88383,0.7150607,807.11285,185.2508,0.997063,755.6935,188.2962,0.9932892,831.79407,213.07874,0.9866448,742.1443,225.7875,0.96005565,813.3446,225.50655,0.97223747,735.68256,263.30136,0.93727475,792.37445,267.49185,0.9975495,762.18396,267.67294,0.99620193,785.0041,328.52744,0.99278307,771.7455,328.23087,0.98933685,788.6376,390.21835,0.9638316,791.57465,390.64807,0.95458496
225.41171,178.09492,0.9576711,231.60042,174.78677,0.93674785,222.946,174.04611,0.85418725,243.49385,178.54144,0.84770364,221.3242,176.81474,0.5066183,255.27283,205.31792,0.99384403,212.99283,203.0132,0.97973126,269.44904,240.41875,0.97727,200.76169,227.88402,0.897934,266.19263,266.63123,0.9520124,211.34312,230.57309,0.8584091,245.1324,270.33813,0.99637836,217.26825,269.51404,0.99322575,251.45041,323.69257,0.9936273,221.1805,323.65656,0.9891377,252.66632,375.623,0.9806997,225.21602,375.00812,0.97370154
0.0,0.0,0.3124608,0.0,0.0,0.071871236,0.0,0.0,0.2837028,0.0,0.0,0.2892233,142.96077,155.96207,0.82362556,96.6242,195.56165,0.93514854,147.19283,200.51567,0.97827405,78.21533,250.95226,0.74456966,162.26294,258.84537,0.9356834,77.60409,285.78223,0.6144943,160.3526,295.74966,0.8483682,103.91118,295.4696,0.9858994,134.94835,297.27502,0.9921577,115.85218,367.05374,0.98246413,133.64,370.3882,0.99062693,117.16896,437.90247,0.95395935,120.57998,444.24832,0.9687094
0.0,0.0,0.19927987,0.0,0.0,0.06533398,0.0,0.0,0.16381085,0.0,0.0,0.26735592,457.26154,197.79938,0.7006782,432.52524,212.93874,0.9556054,460.26813,213.88634,0.97357893,424.74017,237.16785,0.7015286,465.17462,237.93164,0.8549244,0.0,0.0,0.48940572,463.44333,254.45764,0.64687735,433.50916,260.1442,0.98501056,451.8601,260.36505,0.9889259,433.73724,294.8035,0.9675588,450.03705,294.81662,0.9754186,434.3001,326.89572,0.9424014,447.37576,328.30658,0.9529581
561.911,211.27199,0.77093834,564.4857,208.56502,0.7945442,0.0,0.0,0.4878821,571.2827,209.9173,0.7680921,0.0,0.0,0.19519936,581.34155,225.76599,0.98121166,558.4065,226.5218,0.94252986,591.32086,244.56578,0.9486607,552.8815,244.9359,0.67052174,593.3314,264.98624,0.902572,551.7312,260.2208,0.6235993,576.0917,266.4534,0.98693335,561.76575,266.32584,0.975486,576.9136,295.02072,0.97817516,560.599,294.89264,0.9537638,578.0072,323.2604,0.95808727,561.58203,322.3676,0.9276143
38.51041,147.67805,0.90883774,43.69979,143.28084,0.903981,34.349106,143.33087,0.7582917,53.4866,146.43643,0.8425584,0.0,0.0,0.42295572,65.06729,173.25195,0.98680264,29.542498,179.37971,0.9413856,71.165405,202.41577,0.9367812,21.407238,216.7433,0.686982,41.12122,178.92668,0.83748454,17.474358,206.0656,0.5668296,58.645203,252.9096,0.99380326,34.134567,254.3676,0.98716265,60.866455,322.9318,0.99436754,37.14774,325.56702,0.98924774,61.776173,385.7087,0.9879958,38.374832,390.43427,0.9825713
0.0,0.0,0.16024967,0.0,0.0,0.08224723,0.0,0.0,0.096941054,0.0,0.0,0.49676886,509.87473,217.03033,0.6209933,488.58096,232.8145,0.9733,517.70984,231.87253,0.97799665,481.2707,251.68423,0.8556212,526.77,252.3187,0.8838423,483.7087,267.49493,0.66972345,527.48895,269.98395,0.70876324,496.35635,269.87436,0.9892882,515.50476,269.411,0.99080724,497.6018,298.01334,0.976113,515.08813,297.38046,0.97828466,499.13806,323.09845,0.95131683,515.5384,322.57343,0.95474845
658.4293,200.42162,0.5224588,660.0717,197.32333,0.5849192,0.0,0.0,0.16911069,664.8697,199.68091,0.871984,0.0,0.0,0.22140457,665.19806,218.36499,0.9839744,679.84515,217.23256,0.9313735,659.5583,242.03748,0.9412486,0.0,0.0,0.4991617,652.6393,248.84712,0.8398415,0.0,0.0,0.39483562,667.8772,264.7095,0.98787826,678.31537,263.95938,0.9726184,666.7127,302.45612,0.9854748,679.67926,302.2776,0.96207565,668.2166,339.0409,0.9735146,681.82184,337.34558,0.94671965
0.97449785,167.13762,0.54958916,4.21354,162.94,0.6254389,0.0,0.0,0.25454825,12.984009,164.49165,0.6491404,0.0,0.0,0.09384056,20.547499,188.36337,0.8036413,4.4386535,187.08492,0.547608,25.313063,218.09949,0.5786711,0.0,0.0,0.13660416,0.0,0.0,0.46962842,0.0,0.0,0.14349307,14.688805,256.51,0.76888657,4.1641207,255.3182,0.6370688,14.623619,315.5348,0.7466618,5.1944485,314.648,0.5828646,18.705276,371.41364,0.6633128,7.30701,368.9164,0.5301136
724.5041,214.9677,0.617349,0.0,0.0,0.49602252,0.0,0.0,0.4430338,726.87775,214.6863,0.5449725,0.0,0.0,0.46926418,727.26715,227.60031,0.9539586,724.7864,227.7513,0.94964784,724.34015,244.72897,0.77517116,722.13916,245.32353,0.72102684,719.1642,259.85327,0.6439795,721.56696,260.0647,0.5885767,726.66235,256.65616,0.94845515,725.27814,256.8196,0.9447637,726.2274,279.44974,0.90027106,725.6864,279.74057,0.88758093,727.2063,299.76575,0.83875966,726.14856,299.75742,0.82555205
