265.0169,181.56522,0.62921,0.0,0.0,0.16640945,263.71304,176.58907,0.6827417,0.0,0.0,0.18764363,252.86275,176.98917,0.8947671,223.95506,203.469,0.8983367,246.19293,205.42345,0.98965806,213.21983,243.04286,0.5941216,263.59363,243.11227,0.9706115,227.99268,259.39917,0.52916723,290.77756,263.14102,0.9139073,229.60045,277.65298,0.9573894,247.8746,280.2946,0.9856366,223.27122,333.8283,0.9436891,270.3003,334.28625,0.98011863,221.42142,379.606,0.89756006,292.2365,381.1048,0.94543993
0.0,0.0,0.2411361,0.0,0.0,0.06249602,0.0,0.0,0.23263331,0.0,0.0,0.29421747,576.2244,194.1587,0.864064,550.7847,213.87988,0.97445244,582.69727,214.42653,0.9901557,542.915,240.27962,0.75677204,590.1621,245.55893,0.9395311,551.6464,249.71571,0.5348016,593.51544,262.5593,0.7861709,557.69586,269.11423,0.99014634,579.6416,268.9185,0.99433714,558.98254,312.2932,0.96956223,581.78485,311.27863,0.98193353,559.99646,352.50113,0.93214905,582.9137,352.5722,0.9533638
0.0,0.0,0.036335167,0.0,0.0,0.0110263545,0.0,0.0,0.040424667,0.0,0.0,0.23438013,310.89896,204.65044,0.79034334,282.53992,226.90775,0.93598276,319.9883,225.52974,0.9839125,276.96017,253.95895,0.6508334,332.7793,251.90703,0.95417583,0.0,0.0,0.37854543,338.82785,267.35184,0.78712237,293.14102,282.26315,0.98892236,318.00653,281.82407,0.9950637,291.03067,320.33237,0.97239834,313.43973,319.5688,0.98704416,290.85474,356.26828,0.9391944,310.70975,355.6998,0.96446323
0.0,0.0,0.14223985,0.0,0.0,0.084579065,0.0,0.0,0.08196642,0.0,0.0,0.4859208,689.9019,200.4406,0.52459973,672.0913,216.88695,0.96534324,697.1895,215.42451,0.972376,669.6946,237.33897,0.82374823,703.2036,236.57156,0.8604923,671.5293,255.05763,0.6086942,703.0583,255.92975,0.65886563,679.5144,253.61327,0.98699236,696.20087,253.08287,0.98902357,681.65393,282.64484,0.97108555,695.8113,282.14297,0.9737862,684.82544,310.49652,0.94561946,697.28174,309.6482,0.9492191
0.0,0.0,0.11399424,0.0,0.0,0.06250292,0.0,0.0,0.07109379,0.0,0.0,0.46050972,168.26631,206.5879,0.51582074,146.11522,221.78636,0.94393766,172.21065,222.06448,0.9480431,137.60428,242.98422,0.7051497,174.57936,241.25922,0.7088723,0.0,0.0,0.45520896,0.0,0.0,0.44352943,151.16753,264.39508,0.9772882,168.78993,264.99283,0.97697884,146.08969,299.71573,0.960866,165.91748,300.4844,0.9556918,143.24112,333.7308,0.93318367,162.67505,334.59387,0.92637455
0.0,0.0,0.059703507,0.0,0.0,0.023415081,0.0,0.0,0.048806526,0.0,0.0,0.27317545,376.72116,195.62753,0.59534067,352.48224,217.61293,0.9195113,383.12302,216.95842,0.956744,342.79486,246.35146,0.6601192,391.01016,244.66978,0.8513336,0.0,0.0,0.41676444,392.2363,255.22366,0.6107513,362.90714,272.90506,0.9850433,382.49042,273.09607,0.989073,367.01044,315.43805,0.9761523,381.5452,315.4597,0.9812806,366.68265,357.80038,0.9530732,374.46826,357.6745,0.96030885
515.31836,196.7858,0.90860546,517.9934,194.04214,0.84891725,512.6139,194.38324,0.8399584,522.29736,197.21103,0.65060663,508.25937,198.18102,0.60630983,529.8092,214.94637,0.98220634,502.69968,216.65784,0.98352283,535.22217,233.75871,0.90162957,498.55527,235.14407,0.9004152,524.85004,232.36671,0.8485365,505.56732,230.63322,0.84532154,525.5462,255.95525,0.9861645,507.54465,256.8043,0.986778,529.0189,290.0558,0.9747474,509.1873,290.74136,0.9739204,527.8591,320.58484,0.949748,509.89166,321.0253,0.9481233
0.0,0.0,0.1764059,0.0,0.0,0.1698744,0.0,0.0,0.070853494,641.8462,215.11217,0.62962574,0.0,0.0,0.25803652,638.9092,229.23773,0.94847137,659.9887,228.22368,0.9175137,633.668,247.1184,0.81793076,665.6596,246.37753,0.6113767,630.50824,258.6778,0.6318984,0.0,0.0,0.43551493,643.89307,264.56293,0.97541726,657.48065,263.98398,0.9691048,643.72156,293.06198,0.96321064,654.7804,292.8279,0.9482672,648.73584,322.20688,0.94730604,655.61707,321.19183,0.9324336
445.29602,203.41179,0.6726164,0.0,0.0,0.46165362,443.545,200.92535,0.62100124,0.0,0.0,0.26763204,439.505,202.0309,0.5415521,450.38232,216.93825,0.9002996,433.02237,216.0845,0.94447064,452.1235,234.4997,0.6338263,424.92126,234.12967,0.82953566,448.907,244.8994,0.5746195,426.51456,247.8025,0.7464279,446.50616,254.38902,0.95530784,435.94208,254.2148,0.96729803,445.6136,285.15698,0.94167715,437.43488,284.90543,0.9556472,445.10675,313.10214,0.919345,437.92776,312.7241,0.93366754
495.5702,211.09352,0.7533405,496.5146,208.54414,0.6118355,493.11432,208.64703,0.74844813,0.0,0.0,0.28987822,487.6537,209.73396,0.62108034,499.3814,222.7373,0.9421351,482.0259,223.06647,0.9582626,501.46182,237.72018,0.7133951,477.8224,239.09904,0.8405514,497.43805,237.97263,0.679192,486.65802,239.90074,0.79257596,498.65756,259.47,0.97102845,487.4702,260.07013,0.97589713,498.59656,290.12177,0.9477013,489.56723,290.42798,0.9568072,496.9787,318.04926,0.8921288,490.39157,318.96646,0.9064635
