806.4251,173.56755,0.97496694,810.5799,170.18988,0.8840295,802.6108,169.2999,0.966974,812.8559,174.28043,0.50746083,790.9793,171.16249,0.90777767,817.1931,201.29982,0.9856653,773.29297,199.99957,0.99619675,838.6704,227.65268,0.9095232,758.0138,234.3374,0.98402417,850.7004,228.0593,0.8617601,748.94275,269.75323,0.9604617,807.62445,269.21844,0.99436957,778.4643,270.08545,0.9969825,818.83325,324.1564,0.98517966,778.0355,326.12704,0.99264306,830.21875,373.53912,0.953971,782.08716,380.44925,0.9710071
90.21622,177.15202,0.94807655,94.429146,172.64012,0.8979259,86.288086,173.02351,0.91245276,102.48903,174.47342,0.5951076,81.934654,175.72285,0.677161,112.703125,200.6348,0.9776513,76.74544,202.47557,0.98979163,119.35673,233.52815,0.88342386,71.3672,235.79251,0.95237744,113.75065,263.948,0.8551248,69.33618,265.61627,0.9202308,107.245346,264.96896,0.98769706,84.67285,265.5858,0.9918642,105.25383,311.80457,0.97509706,86.782394,311.8957,0.98155093,102.779854,353.71484,0.94139016,89.63842,353.47556,0.9535235
250.5645,190.38794,0.91464907,253.92297,187.12169,0.7798515,247.65822,186.51485,0.8087581,256.49606,189.1426,0.5648165,239.24532,187.4542,0.6264127,264.0054,209.27428,0.9870955,224.98717,209.26201,0.9872006,274.0878,239.01245,0.9641893,218.33414,240.84799,0.96169966,254.19089,233.75198,0.9416877,237.72014,236.11855,0.94030833,256.66724,267.57315,0.99561596,230.16672,268.04443,0.99530244,257.61417,316.49246,0.9910749,235.31274,318.95657,0.9910439,254.989,361.27914,0.97124434,240.02336,364.70602,0.9716033
0.0,0.0,0.08574032,0.0,0.0,0.04489431,0.0,0.0,0.060419247,0.0,0.0,0.4220183,432.52634,192.79008,0.57838196,407.97073,210.8888,0.96068925,436.85983,211.56192,0.9741813,399.21506,237.68744,0.83453614,442.88345,235.4318,0.897868,399.0568,259.5851,0.62881684,442.8848,250.46823,0.71024364,410.61755,260.46634,0.9914312,428.6843,261.1729,0.9930535,414.10132,298.7804,0.9840492,424.207,299.8052,0.98561907,417.08963,337.07816,0.9644546,420.6085,338.84277,0.966595
0.0,0.0,0.17775297,0.0,0.0,0.16189401,0.0,0.0,0.07255184,661.05945,202.12436,0.770549,0.0,0.0,0.42946422,655.6558,220.12358,0.976249,683.6851,219.04256,0.964181,649.0501,244.69228,0.85828465,690.1936,241.50244,0.6974295,648.892,261.32056,0.6199216,0.0,0.0,0.4318706,661.5378,264.7625,0.98509896,679.80286,264.6379,0.9804725,664.28815,301.49817,0.9694132,680.3123,301.8264,0.95416874,669.80444,337.1919,0.9410715,681.66046,336.38873,0.92023355
135.35544,155.35248,0.96007264,140.61299,150.65834,0.9472332,130.75427,151.08185,0.82474625,150.62772,152.9995,0.8889682,0.0,0.0,0.44167528,164.5689,182.55191,0.99682105,121.30492,186.23843,0.97366285,176.69743,211.9351,0.9891556,112.26464,222.72842,0.84251535,146.7824,188.09877,0.9714893,113.30645,217.5453,0.8083979,156.02968,260.69025,0.99687934,127.74371,261.06598,0.9909088,156.28094,322.381,0.992374,132.40332,323.0243,0.9793929,163.61769,374.39075,0.9653885,140.3205,374.92773,0.93652666
0.0,0.0,0.15714774,0.0,0.0,0.081302,0.0,0.0,0.105179004,492.46255,218.4994,0.5372733,506.47684,218.77415,0.67018086,483.18576,234.37169,0.9765871,512.2854,234.95294,0.9820285,475.82828,253.87997,0.84014064,520.2866,255.594,0.8776131,479.25317,268.97733,0.6202049,521.34344,271.26746,0.6628518,488.3068,273.22116,0.9896432,507.57486,273.66452,0.99108034,488.49545,300.34482,0.97584945,507.075,300.70776,0.9771592,491.29712,325.83417,0.9543687,509.1147,326.57993,0.95570207
0.0,0.0,0.46045145,534.4471,210.74959,0.52973145,0.0,0.0,0.16273677,541.5512,212.51233,0.8538719,0.0,0.0,0.21961819,541.0162,231.3442,0.9713777,554.0842,230.07889,0.9064462,532.009,254.21925,0.87044924,0.0,0.0,0.39422047,528.0923,275.1298,0.70025057,0.0,0.0,0.28261262,547.73773,273.3335,0.9565807,555.3631,272.6303,0.917845,548.65265,298.39056,0.93014157,553.9,297.97012,0.8551211,555.15826,325.89938,0.89646655,554.7984,323.65662,0.82507867
0.0,0.0,0.41970757,0.0,0.0,0.31637305,0.0,0.0,0.25579914,734.5483,210.50969,0.64529777,743.0678,210.8724,0.5254497,727.6854,224.88338,0.95980036,749.93634,224.95576,0.9458843,720.16223,245.8318,0.77593243,753.9606,245.61766,0.6554278,719.3982,262.31113,0.54930246,0.0,0.0,0.4297204,731.0452,263.94177,0.92727363,745.2174,263.7553,0.91455525,730.4097,292.50128,0.74030674,743.18884,292.25375,0.6906205,731.97205,315.61844,0.55471236,740.0374,315.2847,0.5123457
0.0,0.0,0.18358898,0.0,0.0,0.12811093,0.0,0.0,0.15045574,0.0,0.0,0.42337862,0.0,0.0,0.47658753,692.06354,226.24013,0.9320715,708.10913,226.19078,0.9361006,688.89923,238.53833,0.65398645,713.1289,237.81572,0.7029683,0.0,0.0,0.45049456,0.0,0.0,0.49057037,695.6165,250.73613,0.9467283,706.00183,250.6591,0.9498773,697.1612,271.24762,0.87945586,705.8177,270.92703,0.8875465,698.2778,289.10938,0.82343465,705.25,288.9042,0.832558
