0.0,0.0,0.1589022,0.0,0.0,0.1535063,0.0,0.0,0.028881459,390.51263,88.26984,0.8761227,0.0,0.0,0.28281417,375.58252,134.77274,0.98128635,455.27933,131.55806,0.9195005,354.8199,210.47928,0.92881155,458.5142,203.3029,0.6031592,357.00208,240.79816,0.77214664,0.0,0.0,0.42304233,388.01984,259.88168,0.98696005,444.1696,258.71582,0.9735024,379.06802,382.3851,0.959294,442.8862,385.11646,0.9252401,386.35922,472.90884,0.73843855,455.64273,477.40442,0.65993303
645.67334,118.784195,0.96481407,650.7593,114.09236,0.7747739,638.2919,113.09767,0.9602112,0.0,0.0,0.28790337,618.58344,117.61035,0.9131738,655.4829,161.57144,0.9716744,597.9445,164.06555,0.9969022,673.6045,213.31407,0.8328182,603.41925,221.83014,0.98904026,655.84155,208.83476,0.79572916,647.54645,210.55643,0.97185767,645.7192,269.7845,0.99078685,615.1611,273.0883,0.99664634,622.18195,355.75476,0.987672,649.2483,364.20233,0.9957373,587.53595,433.661,0.9582368,673.9769,446.878,0.97835416
0.0,0.0,0.113731675,0.0,0.0,0.06511453,0.0,0.0,0.05868491,198.20006,196.51175,0.52010316,212.4465,196.02414,0.51696813,192.84616,213.69788,0.97475195,220.64845,212.96991,0.9794669,184.357,238.59586,0.9066223,230.8333,238.35146,0.9192022,179.83311,258.4993,0.7685767,230.91306,257.66187,0.78641915,198.82106,259.71536,0.994056,217.77147,259.22754,0.9949195,195.68582,292.84146,0.98756814,218.62402,292.39365,0.98821914,196.82655,322.8329,0.9731059,222.38399,322.40134,0.9743045
567.68774,180.60725,0.90614027,568.5738,176.70934,0.5808355,562.95593,177.18451,0.9363707,0.0,0.0,0.119321406,550.413,180.9605,0.91712034,569.48236,204.6349,0.9573082,540.17004,205.01843,0.99488235,569.0338,231.34268,0.69027686,534.5263,231.06995,0.9871852,564.8681,222.97847,0.67074555,554.4514,214.64137,0.96743673,568.84375,270.36124,0.9915421,546.21173,271.443,0.9974552,572.0303,324.28873,0.98629296,531.03156,325.94135,0.9957611,571.87805,372.6394,0.96860486,512.19135,376.12344,0.9867366
0.0,0.0,0.06713248,0.0,0.0,0.050731037,0.0,0.0,0.028798947,0.0,0.0,0.4925032,0.0,0.0,0.29634765,732.37317,213.81114,0.9430959,763.6659,212.67952,0.9135328,724.6898,241.4294,0.8404359,771.73804,238.4587,0.70255464,724.4046,260.67618,0.6343789,0.0,0.0,0.48925146,735.6911,263.8989,0.9865978,755.91815,263.1987,0.9830519,735.1325,302.0554,0.982544,751.46594,301.87262,0.9760492,731.80475,339.16473,0.969112,744.83795,338.86795,0.9612474
0.0,0.0,0.2085558,0.0,0.0,0.116060644,0.0,0.0,0.21995322,0.0,0.0,0.09382288,0.0,0.0,0.30779228,0.0,0.0,0.4173314,842.61005,225.58234,0.72692835,0.0,0.0,0.18127374,833.7805,240.50468,0.61888933,0.0,0.0,0.19980298,832.34973,248.79454,0.52198,849.0401,261.2376,0.6399981,844.99585,261.41232,0.79232335,847.1367,292.89954,0.6162163,844.309,292.79285,0.7660226,848.03656,324.27988,0.64831126,845.515,324.3951,0.75992787
495.8078,215.10841,0.84500426,497.77396,212.75157,0.8459446,494.85574,213.0016,0.6278763,503.26425,213.2887,0.79998916,0.0,0.0,0.23316586,509.52194,224.73145,0.985952,492.75134,225.71716,0.97113997,510.69614,239.17796,0.929227,489.70395,239.57285,0.7488909,496.6591,239.28032,0.8903265,492.75635,239.20793,0.7174142,506.36353,256.6301,0.98774326,494.90808,256.72775,0.98223704,504.67014,282.70374,0.96663463,495.03668,282.6116,0.94876146,504.96494,306.47635,0.91905326,499.1461,305.90964,0.88844615
0.0,0.0,0.20404942,0.0,0.0,0.14580335,0.0,0.0,0.12063885,82.35739,220.8093,0.6260469,0.0,0.0,0.48369962,78.23222,230.81935,0.98146236,94.80849,230.77477,0.97895664,73.19058,243.9036,0.847221,99.7844,243.69308,0.809894,72.461,255.54514,0.66234267,99.75916,255.31544,0.60582376,80.52842,254.85472,0.99032265,91.16265,254.90073,0.9896973,81.1302,273.89948,0.97925866,90.142715,273.65582,0.9776629,82.092125,291.9751,0.96697426,90.13293,291.87115,0.96528685
0.0,0.0,0.11353659,0.0,0.0,0.14488505,0.0,0.0,0.028672025,777.4573,204.23051,0.61181504,0.0,0.0,0.071294025,782.0635,214.63069,0.91500306,793.8299,212.68977,0.7484618,779.5248,230.92252,0.8431836,0.0,0.0,0.36437717,775.35706,241.32771,0.6979494,0.0,0.0,0.30536804,789.4505,247.75557,0.9718309,797.1504,246.3366,0.947972,785.03687,276.60815,0.97244275,791.277,275.44254,0.94257784,789.1374,306.34137,0.95884335,792.897,303.4069,0.9292138
0.0,0.0,0.14362845,0.0,0.0,0.09848896,0.0,0.0,0.1134785,0.0,0.0,0.44362012,0.0,0.0,0.476896,140.22386,228.41171,0.95615655,157.07104,228.46959,0.9595419,134.42781,241.27252,0.75859296,161.59358,240.78032,0.7993357,133.39241,250.70073,0.57203716,161.31174,250.51448,0.6112804,141.75238,252.9614,0.98319775,152.43266,252.81528,0.984145,142.68132,273.16214,0.96872395,150.7588,272.8574,0.97080415,143.08441,291.83524,0.9501418,149.25566,291.65796,0.9528953
0.0,0.0,0.14131188,0.0,0.0,0.106026694,0.0,0.0,0.0848158,0.0,0.0,0.47497943,0.0,0.0,0.36044297,114.57498,229.88841,0.9519796,130.15889,229.79118,0.94803584,109.86158,241.81017,0.7504047,134.50958,242.28197,0.69866395,109.42521,252.13931,0.5591683,0.0,0.0,0.49711117,115.99963,253.36163,0.98149174,125.958885,253.29675,0.9808957,116.01361,271.6228,0.9713407,124.07043,271.59744,0.96953034,116.807625,289.54,0.9615604,123.23907,289.56314,0.96012694
0.0,0.0,0.13454407,0.0,0.0,0.10855884,0.0,0.0,0.08082076,310.51532,211.05496,0.5723616,0.0,0.0,0.38750258,307.18118,222.4943,0.95035845,327.18225,222.16432,0.9426359,302.23843,237.80666,0.7574013,332.36734,236.9166,0.6883558,301.3617,248.16074,0.53630984,0.0,0.0,0.4625769,310.08838,253.88264,0.9669502,324.3069,253.5316,0.9646372,308.1845,279.16922,0.9041179,324.83087,278.8131,0.8958438,309.50064,301.18384,0.7909994,326.21777,300.398,0.7793817
0.0,0.0,0.16602723,0.0,0.0,0.12432209,0.0,0.0,0.09871645,0.0,0.0,0.47716704,0.0,0.0,0.3881011,686.77765,218.30994,0.8908325,706.4303,217.75319,0.8865411,685.2385,237.00154,0.55803025,714.3436,235.2259,0.5262592,0.0,0.0,0.3511196,0.0,0.0,0.3278661,690.774,253.73137,0.924185,703.7241,253.54805,0.9235602,690.879,282.99,0.8959152,703.063,283.03955,0.8887226,693.312,314.17868,0.8748235,702.437,313.81277,0.86771995
0.0,0.0,0.076181605,0.0,0.0,0.042050794,0.0,0.0,0.056385648,0.0,0.0,0.29536915,0.0,0.0,0.412119,243.78084,229.07643,0.89807177,261.5585,229.46573,0.92671186,238.32921,243.47871,0.6995621,265.82425,243.20132,0.8045672,236.62169,253.78786,0.51787055,265.25787,252.58069,0.6203009,246.14645,256.738,0.97393304,258.04956,257.04733,0.97823364,246.8973,279.19876,0.96002346,258.97174,279.49136,0.9643043,246.0786,299.2156,0.94175816,257.36984,299.4965,0.94575506
0.0,0.0,0.095872566,0.0,0.0,0.081541374,0.0,0.0,0.070255,0.0,0.0,0.12667932,0.0,0.0,0.09231014,0.0,0.0,0.3086225,0.0,0.0,0.30934674,0.0,0.0,0.22593455,0.0,0.0,0.21807642,0.0,0.0,0.1998058,0.0,0.0,0.19141799,0.0,0.0,0.47515377,0.0,0.0,0.46803275,846.06647,292.4013,0.53105175,847.8121,292.07886,0.5228263,0.0,0.0,0.47114858,0.0,0.0,0.46524772
