0.0,0.0,0.1709379,0.0,0.0,0.11803487,0.0,0.0,0.06667718,308.76843,136.09602,0.66486114,0.0,0.0,0.38837636,293.35165,168.73668,0.9731886,347.5469,168.39633,0.91897076,281.3208,213.1422,0.90370905,345.8563,211.09116,0.6694533,289.90677,209.11467,0.743938,0.0,0.0,0.49972883,301.30713,256.30038,0.99615175,337.62183,255.99756,0.9931271,308.05972,334.87766,0.99623376,335.4927,333.63528,0.9938198,313.3241,412.44778,0.98996884,333.40433,411.2317,0.98655856
0.0,0.0,0.35735285,0.0,0.0,0.1548358,0.0,0.0,0.29619876,0.0,0.0,0.42941666,191.4097,206.78319,0.7830587,172.17393,222.38106,0.9741106,196.05304,221.98286,0.98435855,162.0559,241.58353,0.81776553,205.11418,242.45573,0.9140991,164.11525,257.1271,0.6491164,208.41396,259.67093,0.7766978,176.1698,259.83755,0.9863436,191.3531,259.49442,0.98987025,177.18402,287.7226,0.9708067,188.85417,287.08932,0.97774976,178.7581,315.11472,0.9478878,187.4993,315.26868,0.95735687
820.06793,162.3539,0.9137342,826.8234,157.82765,0.7933752,813.0565,157.00311,0.9103629,0.0,0.0,0.40161145,803.6657,162.3997,0.73333013,846.73944,202.21811,0.8286086,795.48566,202.18993,0.9618271,0.0,0.0,0.37262088,778.1888,244.93747,0.8553721,0.0,0.0,0.3327749,780.788,244.24983,0.7497172,837.79285,291.1857,0.8897058,811.1528,291.12875,0.9499309,818.8504,362.73077,0.9027981,827.8062,366.73947,0.9592722,778.2063,429.45496,0.84887695,827.32983,441.19266,0.9132204
759.4053,156.00735,0.9580745,763.4006,151.68506,0.7023185,753.3042,150.64594,0.9587222,0.0,0.0,0.27631274,733.47095,153.91579,0.93770003,753.0068,193.23271,0.9759729,711.1969,194.00061,0.9980357,762.3092,237.97482,0.81450814,679.77246,241.93695,0.9920392,771.3367,248.60422,0.75154024,658.367,275.7059,0.97411555,737.85297,281.23993,0.99528044,717.37103,283.71048,0.99859124,720.67377,353.26602,0.9917936,734.5246,363.4021,0.99756014,698.1319,419.00867,0.9732774,741.4635,440.77914,0.987599
453.63275,213.06664,0.90789425,456.1491,210.87761,0.8596734,452.04037,210.79192,0.8159231,460.29916,212.2546,0.727107,449.43146,212.03065,0.5826104,465.68283,225.13788,0.98875296,444.48578,225.23709,0.98877954,469.84448,239.24147,0.93457615,439.22113,239.01099,0.9143578,459.89758,239.50682,0.8942033,443.6724,239.88635,0.86561114,461.82324,259.17136,0.98929334,447.7484,259.20367,0.98930246,463.73547,285.08792,0.97706634,447.0278,284.90878,0.97424215,466.66766,309.32214,0.95088255,450.1091,308.59457,0.94586724
629.8224,200.50131,0.8998809,632.69604,197.88016,0.8136413,627.6238,197.79677,0.85188943,635.9524,199.58829,0.57210046,623.69995,199.43771,0.6807523,639.6446,215.28738,0.9747014,617.86505,215.91046,0.9861902,642.47955,233.52692,0.83687776,614.91626,234.86371,0.92048275,634.4693,246.21562,0.785379,615.12067,249.77016,0.86642,633.29865,253.29936,0.97898865,619.4283,253.46545,0.9850172,629.2057,281.60852,0.96164566,616.63635,281.477,0.9699089,629.75494,307.17282,0.9358303,619.6826,306.94904,0.94576424
245.95564,220.52362,0.7948733,247.46648,218.48586,0.67573684,243.92311,218.30933,0.68861437,0.0,0.0,0.4998788,239.11603,219.75175,0.5275891,251.27968,231.60846,0.9633332,235.46559,231.80373,0.9545745,257.8607,240.37599,0.82307875,235.48431,243.41399,0.74897516,254.74063,234.64705,0.7561001,244.46465,238.18083,0.68124574,249.37094,259.66693,0.9725391,239.04416,260.10718,0.9686335,248.85413,284.76996,0.9659028,240.8139,285.40286,0.9590948,248.71147,308.82037,0.94937646,241.02213,309.52762,0.94185287
665.7798,206.38565,0.85797775,669.10333,203.34738,0.81744856,663.34644,203.54692,0.7437448,674.5559,205.82733,0.685591,0.0,0.0,0.47421932,679.7801,223.51512,0.96620154,656.7054,224.16782,0.9611288,680.1613,244.38506,0.8083781,652.3277,243.08742,0.7310467,670.67236,260.38843,0.7199387,651.9046,256.70578,0.64191127,675.84705,258.78574,0.9554433,660.8461,259.02353,0.9524903,674.69037,284.6699,0.93316454,659.1961,284.70273,0.92119867,675.418,309.71457,0.90266174,662.6146,309.20612,0.88860357
0.0,0.0,0.21723759,0.0,0.0,0.12795722,0.0,0.0,0.17702122,0.0,0.0,0.43401337,101.31968,225.05013,0.5663601,90.89119,233.2167,0.9723574,103.602875,233.60748,0.9767661,86.852585,243.90303,0.7953972,107.02525,243.90402,0.8601697,86.93729,252.06392,0.61970836,107.98489,252.12079,0.693966,91.78774,253.80896,0.9861492,99.795525,253.95953,0.98734915,92.34431,269.85675,0.9724524,99.57156,269.65897,0.97574174,91.43433,284.95837,0.95950764,98.815704,285.278,0.963516
0.0,0.0,0.11929878,0.0,0.0,0.08500937,0.0,0.0,0.07977064,0.0,0.0,0.45671114,0.0,0.0,0.38596237,116.51198,229.53241,0.9544982,130.80507,229.55086,0.95159835,112.73067,240.54388,0.7761328,136.31912,240.4506,0.75850683,112.1461,249.66048,0.58005,137.37598,249.29141,0.55725414,119.24889,250.17007,0.98260176,128.38075,250.20905,0.98228353,118.45551,268.07065,0.96877915,127.98512,267.85046,0.9680284,118.487305,284.50098,0.95497084,127.66165,284.411,0.95442975
414.65244,225.53603,0.84962565,416.54495,223.66858,0.8365208,413.6003,223.55919,0.72564375,420.47,224.551,0.7225757,0.0,0.0,0.39544454,424.5117,234.49355,0.9802405,411.15903,234.13734,0.96992594,426.68823,246.4088,0.8977311,407.71606,245.27524,0.79715234,421.4199,253.37772,0.854453,408.5061,251.97105,0.75936764,421.69412,258.29233,0.9789587,413.17758,257.95422,0.97430587,419.83453,277.10074,0.9514849,412.33282,276.73682,0.93855524,420.17926,294.46896,0.90499395,413.78653,293.91727,0.8868413
0.0,0.0,0.14376953,0.0,0.0,0.0856066,0.0,0.0,0.12060338,0.0,0.0,0.34191215,0.0,0.0,0.4701668,364.88727,228.56248,0.94166017,378.98816,229.45909,0.9509314,359.77255,240.3601,0.6995877,381.20132,241.6631,0.7782895,0.0,0.0,0.48812637,380.48196,249.65579,0.5633975,365.9495,253.74431,0.96919715,374.9427,254.0928,0.9717458,367.01282,274.905,0.9284175,373.9022,275.17404,0.9356767,367.32507,294.13303,0.88810986,371.96664,294.6872,0.89706117
