0.0,0.0,0.17856818,0.0,0.0,0.16698693,0.0,0.0,0.061456647,594.72455,194.03192,0.8372327,0.0,0.0,0.44337758,588.02893,212.30235,0.99087346,618.67236,210.84682,0.9868352,578.9521,240.57776,0.9524553,627.2391,233.47772,0.8677731,570.7165,262.03046,0.8285894,621.01855,247.29822,0.6571014,591.996,259.2817,0.9960141,612.0434,258.8385,0.9949543,588.5119,298.88702,0.98826957,611.2055,299.2017,0.9816657,593.7306,338.67828,0.971731,615.3746,338.45828,0.9605421
0.0,0.0,0.1183477,0.0,0.0,0.0624132,0.0,0.0,0.07914006,126.47918,194.04758,0.5737029,143.19226,194.38182,0.6673895,117.656395,213.48509,0.9808101,151.13858,214.12657,0.98907745,107.913925,238.83304,0.8930302,157.61485,239.79425,0.9409631,110.13421,256.2943,0.72026545,159.2214,258.93622,0.7949535,122.930305,261.77222,0.99591523,144.5885,262.0802,0.9968683,124.63233,298.50607,0.9921705,139.88495,298.6779,0.99294984,127.76855,334.50208,0.9829107,137.5525,334.8669,0.9838779
0.0,0.0,0.19061273,0.0,0.0,0.07674735,0.0,0.0,0.16340795,0.0,0.0,0.3465575,98.35147,192.61604,0.71489596,73.330025,210.64238,0.9447303,101.93808,212.87065,0.9660348,61.401653,235.12376,0.6832889,107.80991,238.5117,0.8394928,0.0,0.0,0.47064066,108.7047,257.52405,0.62682396,75.51405,259.9915,0.9825613,94.02828,260.92908,0.9866855,73.87438,297.58636,0.97745913,90.30868,298.4091,0.9819548,73.60617,333.2527,0.9677178,86.95601,335.43283,0.9726204
291.5891,189.54097,0.9536555,294.79105,186.30696,0.8920159,288.25043,186.25209,0.92693985,299.11774,189.65564,0.6228846,282.6362,189.21758,0.77942026,304.4693,211.92769,0.9902901,274.74365,212.05045,0.9955187,312.00806,237.96268,0.92658925,268.01328,238.51318,0.97174597,317.07806,264.55975,0.89174485,269.485,265.49106,0.94355494,299.5365,260.9305,0.99330306,281.02026,261.30737,0.9957046,297.0313,298.90063,0.9839999,281.71844,299.18036,0.9884161,294.62714,335.366,0.9616771,282.9551,335.79178,0.96926886
0.0,0.0,0.1331979,0.0,0.0,0.115013346,0.0,0.0,0.047464825,185.03017,187.2826,0.7369911,0.0,0.0,0.36338258,182.10025,207.1297,0.9702326,214.14964,205.8156,0.95624524,175.06003,233.35034,0.89057404,224.80705,231.65169,0.77386206,172.96414,253.489,0.71464217,221.60158,255.66893,0.55922264,188.58015,256.8903,0.98948,209.40248,255.94708,0.98657984,187.59613,294.4026,0.9833809,208.23077,293.50876,0.975964,190.61673,332.64493,0.96797615,208.69148,330.29453,0.9580719
0.0,0.0,0.18454038,0.0,0.0,0.102262154,0.0,0.0,0.07085929,718.5922,163.32147,0.5849586,0.0,0.0,0.42473716,704.6987,190.07272,0.96025485,758.22345,188.56262,0.9572886,691.656,225.95294,0.8871388,767.3406,224.37259,0.865329,705.58405,241.69432,0.7641232,755.6428,246.23209,0.7419766,709.73895,262.6229,0.9930514,744.93317,262.52054,0.9924475,711.34924,318.72897,0.990737,741.59674,320.51825,0.9907065,713.57654,369.78726,0.97438365,742.1679,373.75848,0.97530746
353.03433,199.92401,0.9000495,356.22247,197.2564,0.80682766,350.50055,196.96454,0.85564864,360.69968,200.14474,0.53777003,345.81696,199.42783,0.67552584,364.62558,217.22258,0.9764631,339.09103,217.97554,0.9868155,368.97778,232.9976,0.85364246,327.77734,238.33733,0.92682576,362.54318,229.78905,0.8035361,329.27255,246.71701,0.8754381,359.04477,261.46182,0.98943835,343.11542,261.7662,0.9920929,356.50214,296.9208,0.9861871,344.6416,296.97754,0.9884596,352.41794,332.77176,0.97547716,344.11722,332.45734,0.9782275
0.0,0.0,0.27120447,0.0,0.0,0.12052757,0.0,0.0,0.15296096,0.0,0.0,0.45549706,439.01834,164.6221,0.51196283,406.38635,191.29347,0.9475699,451.44092,187.24258,0.96144176,393.45377,226.70358,0.85443735,473.1011,216.90535,0.90935916,400.09476,241.62582,0.74317795,479.3814,222.43864,0.8255097,417.30673,259.88336,0.9890709,445.55893,258.46396,0.9911776,420.6842,315.44485,0.9770718,445.4915,315.6585,0.98286045,425.4786,369.35983,0.9302932,442.94272,374.36954,0.94156164
0.0,0.0,0.39285046,0.0,0.0,0.49886942,0.0,0.0,0.06060471,796.44116,145.1312,0.9118957,0.0,0.0,0.13768743,789.94366,177.27142,0.9936009,835.30005,173.95511,0.8782041,773.8331,219.57433,0.9858978,0.0,0.0,0.49379626,765.4921,254.32333,0.9425499,0.0,0.0,0.42113578,793.58777,260.55176,0.99524,823.5838,258.85028,0.977265,795.4517,325.87872,0.9897037,822.44586,323.47458,0.9561437,806.1805,377.6802,0.95617014,830.8276,371.14807,0.8977174
254.30463,207.59738,0.8157408,255.72044,205.5909,0.59244555,252.1422,205.1816,0.7999941,0.0,0.0,0.3190156,245.74939,205.90279,0.7465907,256.18832,219.78722,0.9498666,238.35492,218.32991,0.97935027,256.68903,232.67159,0.69702435,235.43938,232.25526,0.9087823,254.4239,232.65063,0.6394625,242.99962,234.6325,0.8391649,250.65012,253.4343,0.97072786,238.94215,253.01079,0.981974,249.02669,282.09903,0.9558077,238.29411,281.74777,0.9716474,248.14415,309.67508,0.93223774,236.71033,309.5481,0.9506182
665.35175,207.36127,0.89535403,667.98224,204.5307,0.82114595,662.6611,204.81087,0.8440066,672.28986,206.43512,0.57626206,658.91486,207.04329,0.64821684,677.8434,222.78511,0.96080995,654.2164,224.27042,0.971546,682.9956,242.09186,0.7670697,650.69147,244.5637,0.83823925,682.27875,258.47424,0.6893168,656.8521,259.46475,0.75314903,677.3445,260.70142,0.9328154,662.13873,261.80817,0.944369,681.9,289.1989,0.84911555,667.26587,289.9419,0.86992353,682.6826,314.87967,0.75175047,670.3536,315.2426,0.7751132
