0.0,0.0,0.23201849,0.0,0.0,0.10002223,0.0,0.0,0.0679816,319.83972,135.97646,0.6395267,349.32693,134.89458,0.5287567,308.92987,174.82764,0.98662215,367.02252,173.90735,0.9851208,301.30975,232.9117,0.96458477,390.4585,232.37364,0.9501378,292.39847,279.7594,0.9095048,387.73206,284.14792,0.8878965,321.7431,281.70184,0.9971951,363.61646,282.17633,0.9969139,304.2861,355.4052,0.9936779,364.88956,359.86774,0.9933373,298.15402,425.21982,0.9653145,369.07678,431.0753,0.9649513
0.0,0.0,0.08998628,0.0,0.0,0.06707714,0.0,0.0,0.04389474,673.19257,177.18999,0.7972574,690.8844,176.503,0.68251497,663.97363,199.86188,0.98604906,703.9413,198.83176,0.9873198,655.86444,230.62895,0.87971514,717.08044,227.99539,0.86803025,651.53564,251.28848,0.59337914,709.1132,247.00168,0.5635485,668.8631,255.07707,0.99351186,695.43823,254.58159,0.9938024,661.8328,302.84924,0.9808673,693.9078,303.11902,0.9783221,658.6896,350.1509,0.9526928,691.14185,350.13678,0.9477326
0.0,0.0,0.0669545,0.0,0.0,0.034053057,0.0,0.0,0.045182817,746.66327,186.89882,0.50628763,762.0552,187.73592,0.61489683,735.22363,202.87729,0.96693367,767.87836,204.87317,0.97120404,723.68604,224.98355,0.78203166,773.48303,229.43506,0.80015737,0.0,0.0,0.48347023,0.0,0.0,0.48955402,738.66455,250.90396,0.9902913,760.4822,252.02647,0.99047136,735.7264,289.39948,0.9791282,760.8973,290.60406,0.97685564,736.62476,326.7491,0.96066344,761.5945,328.45352,0.956943
0.0,0.0,0.28250492,0.0,0.0,0.14068277,0.0,0.0,0.23329742,72.97138,208.44748,0.54769146,82.932236,208.17484,0.7936756,65.49843,224.97118,0.978207,88.89602,224.03957,0.9864254,61.291805,245.43866,0.8133915,96.001396,242.8695,0.89927095,60.488464,261.3197,0.59481144,95.489235,257.21213,0.7090767,70.07747,260.53873,0.98758245,85.720665,260.25787,0.9902125,69.51162,288.13992,0.97249174,83.9946,287.90274,0.97637635,70.24041,313.8591,0.949884,84.01083,314.05048,0.95435125
0.0,0.0,0.13599096,0.0,0.0,0.09086295,0.0,0.0,0.07260097,166.60603,202.53798,0.53380597,0.0,0.0,0.4414495,163.81499,218.96819,0.96221083,186.41595,218.0622,0.9675848,159.5904,239.55066,0.822574,193.35545,238.67352,0.83187515,157.98885,254.24973,0.61518764,195.29707,255.37474,0.6212208,171.10786,255.65456,0.9866638,185.35692,255.54434,0.98737735,175.00545,284.44412,0.9728714,185.95624,284.36295,0.97182447,178.48734,311.4401,0.95144856,184.21985,310.42093,0.9498395
479.32632,176.30573,0.9478544,483.06985,172.29755,0.8836949,474.7948,172.41815,0.93282986,488.02463,175.00073,0.5320463,466.86252,175.01833,0.7786674,494.45932,198.73793,0.979314,457.70065,199.07053,0.9911249,506.14612,224.64215,0.8505689,446.95715,223.77634,0.9485163,507.36426,233.99722,0.806312,452.42007,227.82278,0.905555,487.11362,260.4033,0.9885655,464.098,261.00034,0.992833,484.83023,311.55707,0.978618,469.26328,312.25375,0.98527217,475.96234,362.06912,0.9497486,466.55197,363.06192,0.96156377
0.0,0.0,0.15128097,0.0,0.0,0.105992556,0.0,0.0,0.064270556,539.4592,178.62982,0.7063404,554.3855,178.06485,0.5321385,533.879,200.34229,0.9782155,564.7119,198.93181,0.97719324,527.3368,232.27972,0.896891,573.4131,228.94562,0.8629012,526.4207,259.79666,0.7186822,571.5374,254.87561,0.65779656,540.1941,256.65884,0.9928351,561.93866,256.1284,0.99261427,533.022,297.6048,0.98647016,564.6413,297.30667,0.9838591,529.20013,338.09232,0.97176164,566.45593,337.05652,0.96802765
0.0,0.0,0.15751198,0.0,0.0,0.09914213,0.0,0.0,0.09730479,796.4088,198.6662,0.65065837,810.19305,199.65588,0.6592634,785.8054,218.49825,0.96826273,817.8235,220.52888,0.9703725,772.9496,242.9972,0.79422355,823.5602,246.95027,0.79327095,771.63934,261.53552,0.53714204,823.17035,264.76923,0.52656204,788.205,266.29483,0.98546946,809.88306,267.25076,0.98584795,785.03375,300.98392,0.97708225,811.34424,302.02542,0.97503245,786.4092,335.0091,0.96508193,814.4151,336.30008,0.9625688
0.0,0.0,0.1684913,0.0,0.0,0.07545268,0.0,0.0,0.14256746,0.0,0.0,0.43046755,132.89084,207.12434,0.7168189,115.264084,221.17679,0.96882653,137.29204,222.03957,0.98351294,108.52405,238.71031,0.7896235,142.29741,241.35211,0.90829635,108.749756,250.69652,0.5743073,144.4741,255.49321,0.7291872,118.16692,258.05972,0.98989254,132.89362,258.4833,0.9926319,116.46787,285.30078,0.9799193,130.66142,285.5942,0.9838547,116.63402,311.05066,0.96443176,129.32368,311.77444,0.9691244
402.728,155.45667,0.92790407,404.77393,151.38669,0.86173594,398.09967,151.25381,0.8869856,405.77567,155.69313,0.54893637,385.72397,154.52722,0.6682186,408.06384,183.97054,0.9708772,373.98172,184.72339,0.94988585,416.58572,218.5072,0.8268378,373.5578,224.05266,0.62826,425.65775,260.71887,0.70522577,387.38995,261.14877,0.50170326,405.33774,256.73517,0.91689056,383.05252,258.21634,0.88687986,405.58905,310.85898,0.65304893,387.6293,313.0745,0.56402695,0.0,0.0,0.3820098,0.0,0.0,0.32303557
400.9953,155.94582,0.92062724,404.36633,151.12326,0.8754242,395.6241,150.54543,0.88076645,406.8539,154.95505,0.54841727,382.3234,153.03647,0.5815264,410.67834,185.8802,0.93540245,370.2788,186.18626,0.8928711,422.35025,222.75668,0.7557515,373.69363,226.94106,0.5207487,424.867,266.64438,0.6785346,0.0,0.0,0.46675435,406.53342,259.6257,0.86529726,380.28745,261.07605,0.823144,405.24268,316.25934,0.7062951,386.71808,318.2173,0.6218611,403.47256,361.71548,0.50992113,0.0,0.0,0.44293904
0.0,0.0,0.18604606,0.0,0.0,0.1474553,0.0,0.0,0.13834554,0.0,0.0,0.21357529,0.0,0.0,0.18960162,0.0,0.0,0.4252249,0.0,0.0,0.46583405,0.0,0.0,0.22313961,0.0,0.0,0.25683537,0.0,0.0,0.2051623,0.0,0.0,0.21993499,0.0,0.0,0.38527095,0.0,0.0,0.4141288,0.0,0.0,0.35042447,0.0,0.0,0.36759785,0.0,0.0,0.3633894,0.0,0.0,0.37853608
