830.0872,139.06985,0.97416615,837.52844,132.24359,0.9009014,822.4361,131.99202,0.97708523,0.0,0.0,0.42833978,809.565,136.12389,0.8933241,854.0,176.10954,0.8674922,789.36975,173.1997,0.98950535,0.0,0.0,0.4969928,757.7587,209.06187,0.96656054,0.0,0.0,0.48101747,779.128,199.99045,0.9231099,849.17456,276.10806,0.9285466,801.0497,276.01703,0.9786968,854.0,358.3294,0.8836134,778.79596,363.58112,0.96503764,840.4509,422.4617,0.74654007,751.7835,435.06116,0.87282795
706.8294,92.050354,0.9842695,712.4576,85.52976,0.89777803,696.97107,84.595345,0.9728591,0.0,0.0,0.4727471,677.6276,92.114006,0.9188928,720.97046,149.37689,0.9842041,664.56836,147.89426,0.9978986,735.2955,220.66844,0.90562385,645.0964,221.69308,0.9913216,751.4901,284.2159,0.9014712,639.28015,285.4411,0.9844431,718.0155,268.87634,0.9910556,686.3233,269.15158,0.9964688,705.2449,364.90686,0.9809848,709.98376,366.40845,0.99278766,670.75934,451.89786,0.9006965,701.45605,456.1469,0.94620717
0.0,0.0,0.073817536,0.0,0.0,0.04308502,0.0,0.0,0.039890874,255.12613,178.39801,0.6834579,273.9794,178.60063,0.64341974,244.787,202.03494,0.9861794,283.79855,202.48326,0.9893651,232.28358,234.50711,0.9331367,297.2452,234.36322,0.937525,228.4966,262.43723,0.77057683,299.44916,261.85657,0.7608984,251.33777,264.1203,0.99637836,276.51474,264.57135,0.99670607,253.77426,309.8961,0.9881529,278.98087,310.4329,0.9872155,256.24872,352.19714,0.96284544,278.73987,352.9259,0.9605312
401.89407,167.94766,0.95839715,405.41287,163.85782,0.89730555,397.3795,164.1417,0.9359648,410.7795,166.49373,0.5909071,390.3463,166.99336,0.8032079,419.59158,190.94252,0.9892805,382.61798,192.62903,0.9954163,429.35422,220.95679,0.92354256,384.15875,225.47621,0.9730281,418.57916,218.65112,0.89695466,410.9734,221.64694,0.9478239,416.57855,257.0247,0.9927712,392.6721,258.18088,0.99548703,414.82657,309.3147,0.9793983,398.93155,310.16467,0.98604727,405.45697,356.24817,0.9291264,399.73425,357.04578,0.94746125
464.43826,200.94168,0.93739027,468.3193,198.09436,0.8838291,461.78046,197.49698,0.9018905,473.3174,201.31538,0.64910346,456.98035,199.50305,0.72013044,477.87482,221.57077,0.98785675,447.27545,219.53912,0.9930154,486.26776,243.13641,0.9200131,434.64468,239.91905,0.9554776,486.96558,254.58945,0.8796095,437.08853,252.25513,0.9162353,468.82333,271.09558,0.9916614,449.54095,270.2087,0.9937448,465.3105,308.6247,0.9796775,448.79745,307.7073,0.98274845,460.75186,344.423,0.94895214,447.27365,343.19626,0.9544492
0.0,0.0,0.10671119,0.0,0.0,0.058095448,0.0,0.0,0.09460861,0.0,0.0,0.42165852,128.56816,216.55133,0.6188847,111.4997,227.20209,0.9739083,132.09218,228.10013,0.9798764,104.36781,242.35574,0.7956189,136.3489,243.59988,0.87924993,104.30372,255.1785,0.5508444,136.10112,256.71985,0.66290647,113.561104,255.87907,0.9871345,127.208374,256.2525,0.9888799,113.847984,278.1447,0.960266,126.07719,278.40186,0.96659654,113.120575,297.6886,0.92510194,123.62472,298.10248,0.9345109
0.0,0.0,0.19213331,0.0,0.0,0.13357356,0.0,0.0,0.121061735,72.12189,216.12129,0.6062517,81.53985,216.14272,0.5289955,67.89471,227.96501,0.9816742,86.683334,228.04733,0.980164,63.584946,242.31847,0.83719283,93.57263,242.52766,0.8149806,64.58177,253.88234,0.6419434,94.1125,253.60025,0.6053985,70.73419,256.24106,0.99156135,83.05307,256.3276,0.9913223,70.39548,278.14212,0.9824124,83.50629,277.93192,0.98180467,70.64288,298.81314,0.9705664,84.1216,298.82147,0.97008586
0.0,0.0,0.14025612,0.0,0.0,0.080809854,0.0,0.0,0.11090531,0.0,0.0,0.4532698,164.6439,212.7149,0.5812126,150.59918,224.58351,0.97453076,168.66426,224.88414,0.9785039,144.83876,240.34775,0.78760606,174.63507,240.66768,0.8517014,145.65001,253.63452,0.55671555,175.57248,254.10294,0.6333614,153.7591,254.47871,0.98832816,165.12125,254.67749,0.9894237,156.0013,278.19727,0.96857274,164.98706,278.1087,0.97229767,156.67421,299.72455,0.9436897,163.80243,299.98892,0.9491816
0.0,0.0,0.13126008,0.0,0.0,0.1544414,0.0,0.0,0.04090044,334.4542,217.18716,0.78252655,0.0,0.0,0.22465667,331.7428,229.66898,0.97759616,352.86295,228.63211,0.9419339,322.59204,246.08727,0.93876606,358.1173,244.05302,0.67593277,315.88657,259.4993,0.8194463,0.0,0.0,0.494461,339.977,260.4904,0.988734,352.64145,260.12515,0.9801165,336.8953,284.20746,0.97922987,345.64932,284.27075,0.9559069,343.1615,308.06363,0.9595843,347.41827,306.94135,0.9292365
587.9721,214.13748,0.79254586,590.09155,211.97806,0.7759647,587.24854,212.09128,0.57743603,595.36,213.43567,0.72194237,0.0,0.0,0.3201509,599.40735,225.92415,0.97019076,586.49506,226.17702,0.9491757,598.4044,239.18153,0.89445114,582.02026,238.78775,0.70822203,588.6663,237.5058,0.84090877,582.37823,236.55731,0.6611913,595.5667,257.74768,0.9649952,587.34753,257.5288,0.9528624,593.72296,283.7146,0.9336609,586.86487,283.57928,0.89968324,594.7678,307.31326,0.8837249,588.2262,306.5126,0.8443252
