0.0,0.0,0.1632242,0.0,0.0,0.13092452,0.0,0.0,0.04476056,363.00583,99.23891,0.8140291,0.0,0.0,0.3243116,349.0632,143.34644,0.9755315,420.58832,138.27975,0.899737,330.06583,209.21242,0.91069824,426.79404,200.97484,0.6173025,340.19067,233.95338,0.74800444,0.0,0.0,0.44479758,366.08295,257.90527,0.98954445,411.36252,255.40227,0.98039526,373.7133,366.2597,0.97296065,400.26193,364.94742,0.9542545,388.81897,460.27747,0.867593,395.77322,462.75397,0.82502466
712.05896,89.29725,0.9756756,716.5838,83.0587,0.81960887,704.2581,80.53166,0.9669094,0.0,0.0,0.244912,680.57965,82.22341,0.89854956,718.71326,133.70361,0.9750455,660.62976,132.5281,0.9928686,736.0548,196.75163,0.8940723,670.49634,201.92798,0.982752,737.70593,204.29729,0.87535083,711.3794,198.64685,0.97284126,722.18005,259.40552,0.98833394,680.2984,262.50052,0.99400383,749.1973,354.81287,0.97440773,699.68243,363.06744,0.9879447,726.3634,445.91165,0.8710327,680.412,458.55997,0.91598517
0.0,0.0,0.11746995,0.0,0.0,0.06704058,0.0,0.0,0.07273024,192.8971,199.93338,0.5442409,206.36017,200.20522,0.56405073,184.6542,216.99612,0.9809713,211.14888,217.96437,0.98684025,171.41756,238.43234,0.9291501,220.33002,240.87398,0.942852,168.1456,256.77393,0.81087625,223.33963,260.88177,0.8239741,191.6764,260.47928,0.9951959,207.51675,261.2317,0.9958555,194.98767,293.17673,0.98701084,203.97354,293.862,0.9867678,199.11052,323.23904,0.96839106,200.73376,324.24545,0.96767545
586.6003,171.82774,0.9658542,591.4248,167.26703,0.9058136,581.5314,167.70287,0.96007144,0.0,0.0,0.494903,573.17755,172.91943,0.8490886,602.00824,201.37616,0.9793077,564.7912,201.58054,0.9948342,609.44257,234.51567,0.83564895,551.3705,227.46407,0.9756884,607.25604,236.20337,0.8018094,557.4818,212.8256,0.9494565,594.33356,273.11493,0.9873438,571.2018,274.00638,0.9941837,586.56726,332.80075,0.9675661,578.64856,334.06586,0.98339176,579.8999,387.29422,0.89933515,580.2534,389.01602,0.93679357
0.0,0.0,0.22702819,0.0,0.0,0.14516373,0.0,0.0,0.17079784,84.32676,220.13857,0.53084314,92.34386,220.44832,0.5775908,79.85331,230.59845,0.9759601,95.4589,231.06653,0.97804993,75.079765,243.60812,0.7998113,100.07153,243.73155,0.8350865,75.72478,254.84851,0.61298037,101.11226,254.84435,0.6481148,81.98789,254.83014,0.9872155,91.92586,255.1315,0.987866,83.286674,273.6029,0.9740719,92.34586,273.4577,0.9758162,83.34382,291.07028,0.9602371,92.17643,291.3488,0.9625612
484.88235,214.88902,0.8822761,487.72668,212.71332,0.86831737,483.7473,212.74092,0.6964529,494.1682,214.56407,0.8193195,0.0,0.0,0.37209293,498.4881,227.36601,0.9882615,483.63287,227.5378,0.97714806,493.94376,240.47496,0.9507728,477.9326,239.7196,0.8280007,483.84814,235.48683,0.9114777,481.98135,234.8879,0.78007615,497.24832,259.34857,0.988052,486.3075,259.05673,0.9829312,500.6845,284.72806,0.9783983,482.53528,284.1636,0.96484405,503.34763,307.11795,0.95697725,478.73187,305.28104,0.9380621
0.0,0.0,0.12953208,0.0,0.0,0.10039308,0.0,0.0,0.08472009,143.33481,219.31992,0.52263886,0.0,0.0,0.4153449,140.2454,229.4316,0.9583072,157.3287,228.96016,0.9544517,134.90451,242.4622,0.75160986,162.28806,241.6563,0.7122221,132.96284,252.69313,0.50718737,0.0,0.0,0.46393457,143.3586,253.65967,0.9739004,154.62354,253.34966,0.97342944,144.20284,273.59677,0.9416252,153.40298,273.31946,0.9390276,145.80905,292.18372,0.918755,153.29079,291.61505,0.9164283
0.0,0.0,0.116586946,0.0,0.0,0.08899838,0.0,0.0,0.07425312,0.0,0.0,0.42320496,0.0,0.0,0.33150166,112.14583,234.44122,0.9323809,126.74766,234.16266,0.92891914,107.24905,245.8095,0.7145277,132.15503,245.78523,0.678079,107.10284,256.07242,0.5290591,0.0,0.0,0.48564893,114.8124,255.97144,0.97595584,123.77994,255.87732,0.9755687,115.63279,273.44064,0.9652848,122.22225,273.24524,0.96390414,117.12804,290.3802,0.95544726,121.847046,290.2982,0.9545344
0.0,0.0,0.07923862,0.0,0.0,0.05093702,0.0,0.0,0.050878488,0.0,0.0,0.36268184,0.0,0.0,0.38224974,235.9813,230.71779,0.9140437,255.05698,229.95607,0.91934514,231.37823,244.44437,0.75179327,260.00128,243.86237,0.7742081,230.67526,255.84029,0.5521511,260.45627,256.14343,0.58018136,240.29684,257.1511,0.96888375,252.55226,256.86023,0.97011906,242.81421,278.4446,0.93966925,251.57445,278.23056,0.939287,244.68082,297.33517,0.903756,250.94585,296.76263,0.9027085
0.0,0.0,0.16581148,0.0,0.0,0.126616,0.0,0.0,0.080869325,296.1002,210.06926,0.5632288,0.0,0.0,0.38786694,291.76892,222.89662,0.95809066,315.19308,222.38782,0.9407387,288.8104,238.14192,0.81925833,319.2945,239.43965,0.70050657,288.6299,248.4285,0.6136964,0.0,0.0,0.49418437,294.6071,253.46773,0.9778966,309.9057,253.05373,0.9741545,296.7597,277.09317,0.96062964,307.89566,276.98303,0.9510157,299.10187,299.5464,0.93394196,306.43478,299.15247,0.9225227
0.0,0.0,0.063105606,0.0,0.0,0.059926834,0.0,0.0,0.045967087,0.0,0.0,0.08761822,0.0,0.0,0.058452234,0.0,0.0,0.1275435,0.0,0.0,0.15005434,0.0,0.0,0.1549284,0.0,0.0,0.18481395,0.0,0.0,0.18022464,0.0,0.0,0.20150593,0.0,0.0,0.16438402,0.0,0.0,0.18527053,0.0,0.0,0.1912916,0.0,0.0,0.20977692,0.0,0.0,0.2277812,0.0,0.0,0.24877767
0.0,0.0,0.17994247,0.0,0.0,0.12785645,0.0,0.0,0.15287633,0.0,0.0,0.17144352,0.0,0.0,0.23960447,0.0,0.0,0.47660735,847.6537,227.03697,0.61589867,0.0,0.0,0.21659929,0.0,0.0,0.38381717,0.0,0.0,0.2014079,0.0,0.0,0.3102681,848.818,259.95276,0.59497005,849.05176,260.6322,0.6746829,848.2219,291.02405,0.5679519,849.8112,291.4764,0.6382804,848.20984,320.87012,0.59591323,850.04004,321.39795,0.6498267
0.0,0.0,0.07748597,0.0,0.0,0.04999443,0.0,0.0,0.04619521,0.0,0.0,0.25547674,0.0,0.0,0.25005478,802.3477,217.57938,0.74312437,818.34564,217.7014,0.7198577,0.0,0.0,0.40598923,0.0,0.0,0.38918966,0.0,0.0,0.27200434,0.0,0.0,0.26491442,806.3494,251.75827,0.8939695,817.979,251.87717,0.8934013,804.25366,283.1395,0.89890844,822.473,283.25473,0.8976996,801.5748,312.74005,0.881969,823.4165,312.55856,0.8817244
752.65265,181.47704,0.7204874,754.4162,178.98102,0.6635926,750.29846,178.9035,0.5550292,757.02203,181.06708,0.55184585,0.0,0.0,0.33291104,760.63605,195.64153,0.9283513,742.2555,195.75119,0.85281956,766.9837,212.25536,0.7480027,0.0,0.0,0.43322703,765.69293,223.50635,0.6547555,0.0,0.0,0.39918783,758.785,228.31108,0.92203075,747.2421,228.81651,0.8827585,758.92377,255.48773,0.915214,751.68726,256.1164,0.86689746,760.88354,282.1013,0.8959868,756.2005,282.44562,0.8538424
