0.0,0.0,0.003278377,0.0,0.0,0.0011842789,0.0,0.0,0.000742729,0.0,0.0,0.275349,0.0,0.0,0.15597335,557.72424,55.27471,0.8490297,680.9041,45.377754,0.8356359,521.9833,178.37614,0.7903093,689.2576,155.4023,0.7229744,532.86816,199.65443,0.5611271,0.0,0.0,0.49803826,574.17535,260.34073,0.97508746,657.2442,257.29474,0.9722448,559.0045,431.1689,0.7838364,656.53204,433.8923,0.76338905,0.0,0.0,0.17494458,0.0,0.0,0.16044486
0.0,0.0,0.16190773,0.0,0.0,0.08138823,0.0,0.0,0.09178315,240.92374,191.9059,0.58614606,257.47723,191.43546,0.6906292,234.28627,211.80815,0.9853849,267.86847,211.20184,0.9914511,228.70255,238.45888,0.90082437,279.25293,239.66966,0.9466876,225.98584,261.77432,0.7278848,280.03214,264.73654,0.8115352,241.45511,263.9012,0.99548763,263.8287,263.37094,0.99681705,238.64723,301.99664,0.98649967,263.043,301.39658,0.9894605,239.90251,338.79437,0.9665944,263.7475,338.33157,0.9723393
467.85706,150.89342,0.95053107,472.3706,146.7774,0.83019644,462.98624,146.59584,0.9306765,476.77188,150.33296,0.5162966,453.78067,149.66545,0.8360886,485.64307,179.80652,0.97038525,441.7674,180.56844,0.9922998,495.13046,217.87698,0.8358636,441.51605,219.62979,0.96935475,478.935,220.13403,0.78980464,475.48798,216.82979,0.93696195,478.00674,254.56972,0.9869026,450.58197,255.14223,0.99298215,465.34113,320.21445,0.9772224,456.47797,323.60342,0.98846215,449.00864,377.4979,0.9354571,461.17383,384.48114,0.9583995
0.0,0.0,0.056677353,0.0,0.0,0.06065134,0.0,0.0,0.023884382,0.0,0.0,0.22786987,0.0,0.0,0.060565665,0.0,0.0,0.47561565,0.0,0.0,0.30758986,0.0,0.0,0.40437722,0.0,0.0,0.14709961,0.0,0.0,0.29072472,0.0,0.0,0.12614009,843.04767,262.2121,0.58478,0.0,0.0,0.49253583,0.0,0.0,0.4872585,0.0,0.0,0.37620464,0.0,0.0,0.3851755,0.0,0.0,0.31347212
0.0,0.0,0.22212292,0.0,0.0,0.118218355,0.0,0.0,0.1825595,0.0,0.0,0.47747567,86.83215,219.15959,0.69607747,72.506454,231.04745,0.96817845,90.830284,231.10474,0.9825728,66.97877,245.099,0.7989897,96.81497,244.56833,0.90784603,66.37838,258.22092,0.6044832,97.18457,256.83063,0.74700296,74.09494,257.56326,0.9853387,85.906265,257.76785,0.9892239,74.5,278.23834,0.96902966,83.665344,278.53094,0.9752577,74.98349,297.29077,0.9471794,81.99889,297.84467,0.9543621
0.0,0.0,0.3908724,0.0,0.0,0.46106955,0.0,0.0,0.11196648,781.9163,212.37616,0.8621013,0.0,0.0,0.18635327,783.8786,226.61266,0.9763955,798.0143,226.06567,0.9186781,778.04254,241.89735,0.90999246,0.0,0.0,0.49324304,770.6725,247.40242,0.7812117,0.0,0.0,0.37986317,786.60474,264.66724,0.9713017,796.4423,263.4323,0.9473124,779.13995,290.1053,0.9368531,795.88196,289.30353,0.87199384,778.8547,313.4469,0.8834985,796.79626,311.03168,0.81087434
0.0,0.0,0.17910351,0.0,0.0,0.10280431,0.0,0.0,0.126647,115.26055,217.24304,0.5307083,124.768425,217.47787,0.5831008,109.82721,228.37097,0.9833497,128.27495,228.77853,0.98504144,104.00714,242.80336,0.8366912,132.95467,243.00146,0.8733793,104.07328,255.01646,0.6261868,132.89793,255.4695,0.67066187,110.78744,255.20097,0.99097,122.44498,255.35472,0.99144566,111.75335,276.01715,0.9747634,120.71466,275.85254,0.9766673,111.37764,294.67734,0.95512426,118.78005,294.9073,0.95802385
0.0,0.0,0.192189,0.0,0.0,0.07195446,0.0,0.0,0.16261609,0.0,0.0,0.32240304,387.74594,203.44527,0.7158532,370.27078,217.98386,0.9496842,391.4272,219.18779,0.97141147,363.62885,236.87753,0.68088585,396.46732,239.56381,0.86084974,0.0,0.0,0.47739562,400.85312,253.11597,0.6666607,372.38428,255.95764,0.98301125,387.39908,256.36087,0.9879887,367.58667,285.02576,0.971943,388.18073,285.12518,0.97963834,365.055,311.73798,0.9560249,389.84555,312.6274,0.9651577
0.0,0.0,0.14831617,0.0,0.0,0.106293045,0.0,0.0,0.110959366,0.0,0.0,0.4569073,0.0,0.0,0.43442997,149.37468,226.10156,0.96084434,165.20108,226.24425,0.95997334,143.39792,240.18059,0.7816781,169.40208,239.87175,0.7824406,141.93088,250.3143,0.59941494,168.62267,250.19159,0.59332365,150.1989,254.11453,0.986508,160.35985,254.00949,0.98649675,150.4489,276.1035,0.9730882,159.2217,275.9094,0.97323406,150.56563,296.7879,0.9572847,157.74533,296.73764,0.95770633
0.0,0.0,0.11060929,0.0,0.0,0.06682248,0.0,0.0,0.08968985,0.0,0.0,0.41645992,305.01553,218.99254,0.54738474,289.91827,230.78569,0.9533015,309.37228,230.9551,0.9604893,284.67557,246.10428,0.68006873,317.76852,246.39175,0.7655393,0.0,0.0,0.43495563,320.45297,261.16995,0.50963384,293.70178,259.44345,0.97743803,305.55475,259.65387,0.9797152,295.95615,282.42435,0.9514576,304.4023,282.20837,0.9573364,296.03506,303.39487,0.9216905,302.28067,303.7908,0.9298244
0.0,0.0,0.059587836,0.0,0.0,0.016964963,0.0,0.0,0.091445945,0.0,0.0,0.10315757,704.02527,208.3582,0.7290975,684.486,220.77888,0.70806,709.5343,220.01682,0.91209847,0.0,0.0,0.19608855,721.0544,230.82056,0.7856098,0.0,0.0,0.114579275,721.431,232.90594,0.5052374,692.55133,253.55269,0.9066591,709.03326,253.787,0.9554316,699.94745,282.86365,0.8880335,711.6648,282.59094,0.9485501,703.92004,309.77,0.87995034,711.64417,309.57452,0.93057954
0.0,0.0,0.1831247,0.0,0.0,0.17186457,0.0,0.0,0.075026326,338.48462,208.06099,0.6218973,0.0,0.0,0.25398573,337.4504,219.71315,0.9474743,353.42935,218.71196,0.9035104,332.31454,235.50876,0.8239967,359.7457,234.31653,0.58242697,327.7364,244.77092,0.6470983,0.0,0.0,0.42311838,343.3007,251.11472,0.971305,354.1688,250.5183,0.96110904,340.65546,278.23312,0.9542417,353.58017,277.85773,0.9322585,342.63443,304.19574,0.92513275,355.1889,302.96524,0.9008351
