0.0,0.0,0.14170823,0.0,0.0,0.13515043,0.0,0.0,0.058429256,206.34306,182.43396,0.8316099,221.16484,182.34378,0.53287625,198.10648,202.89182,0.9874127,231.08022,203.05812,0.98338264,187.8906,229.30719,0.9317151,237.62122,229.83813,0.8587735,186.33879,251.53574,0.75602525,234.47113,250.87254,0.6188391,199.42993,255.0647,0.99462044,220.60771,255.10115,0.9935762,198.27522,295.18985,0.9884016,215.2644,295.94348,0.983288,199.55978,335.257,0.9711549,212.03935,335.58932,0.96180826
0.0,0.0,0.24315287,0.0,0.0,0.06664144,0.0,0.0,0.23948665,0.0,0.0,0.25307652,95.366844,191.72546,0.8323576,67.88831,211.10855,0.957993,98.61663,212.47244,0.98058045,58.543224,236.726,0.6930545,104.91202,239.8869,0.9044536,0.0,0.0,0.48538926,105.479935,256.87122,0.7284849,72.21365,265.15466,0.9872176,92.72426,265.67847,0.9916345,73.222176,303.9245,0.97868353,92.129944,303.94095,0.98590523,74.13504,338.95303,0.9629552,91.187325,340.44217,0.97264165
0.0,0.0,0.17327619,0.0,0.0,0.050210018,0.0,0.0,0.16008475,0.0,0.0,0.3468891,157.28387,193.15196,0.8507621,130.9747,211.85022,0.97875196,162.87349,213.29915,0.99240315,120.61534,235.43501,0.8290981,170.40997,242.29529,0.9617837,125.92829,253.23872,0.6299294,174.02025,267.12796,0.8487231,134.16481,265.5645,0.99471045,155.69559,265.81744,0.997065,130.27303,303.65106,0.9866196,152.50897,303.41913,0.99204344,128.83511,340.0843,0.9683631,151.57599,341.1557,0.9783602
0.0,0.0,0.210373,0.0,0.0,0.25756907,0.0,0.0,0.04604081,631.9508,190.23076,0.8993334,0.0,0.0,0.26644844,629.4594,211.32864,0.98666984,657.23193,210.1358,0.95423007,624.21173,241.6812,0.947629,660.3397,239.34825,0.59755665,618.48584,266.85272,0.8165864,0.0,0.0,0.39378393,633.3817,264.58176,0.9930607,653.59564,263.66605,0.98605937,616.75916,303.0819,0.98981816,649.11865,302.97736,0.97403085,609.7309,344.4141,0.98042405,650.26196,343.1025,0.96126944
0.0,0.0,0.23539989,0.0,0.0,0.23055649,0.0,0.0,0.06498224,734.60034,156.73746,0.8334648,0.0,0.0,0.28881755,719.21436,183.84598,0.9828651,775.0354,184.16617,0.8930793,697.96985,217.52737,0.94696444,780.1603,220.27884,0.56792605,705.6521,239.0557,0.8287251,0.0,0.0,0.41399145,725.7083,263.33096,0.99208575,761.23065,262.61163,0.97952086,726.3326,320.0147,0.98894995,745.95264,317.01935,0.97305185,743.8677,378.11957,0.96964675,754.2667,372.02066,0.94828254
282.29605,191.98892,0.9338591,284.57376,188.86708,0.82263976,278.57416,189.03136,0.92096823,0.0,0.0,0.46920544,271.74612,192.38426,0.83317107,291.4938,213.77408,0.9835987,264.94376,214.05185,0.99516773,297.54874,237.35861,0.87043923,257.41693,239.07108,0.9754826,302.5434,260.4174,0.8280152,256.074,264.16043,0.94561476,287.93164,261.51657,0.99003637,271.5829,261.71457,0.9948266,285.66534,296.21567,0.9736009,272.92017,296.20123,0.9849782,281.09396,328.286,0.93916017,270.77057,328.56775,0.9598165
342.47598,204.72823,0.68046135,0.0,0.0,0.4185764,340.6675,201.96991,0.6002053,337.919,203.52846,0.52020705,340.5036,203.86385,0.80977625,329.77234,220.8985,0.9765362,342.57278,221.26372,0.9866224,321.4893,242.26717,0.79584074,349.9915,242.01138,0.9066384,324.5241,250.82452,0.659061,351.25998,249.92595,0.78498346,329.97845,262.8642,0.9845584,338.593,263.32843,0.98877037,332.14984,296.78973,0.9741184,344.24008,297.0508,0.98068327,331.68954,329.29758,0.9585853,343.87894,329.98544,0.9666814
0.0,0.0,0.24143209,0.0,0.0,0.13485289,0.0,0.0,0.112225,411.48508,156.44861,0.54802144,0.0,0.0,0.43480584,398.5427,184.2307,0.933062,449.66,182.49626,0.945266,385.32175,225.60953,0.82105654,461.6219,221.91685,0.84987146,393.96234,249.40514,0.7075731,461.5514,250.07451,0.73539037,404.64404,262.6726,0.9875959,437.04242,262.84094,0.9886629,407.2193,326.33548,0.9892174,431.8736,331.07385,0.9907635,408.86533,386.1189,0.97810936,426.59763,396.63916,0.98068905
0.0,0.0,0.14543186,0.0,0.0,0.2290612,0.0,0.0,0.03214855,791.2096,172.35847,0.9176123,0.0,0.0,0.24585815,787.65784,199.56442,0.97369325,821.18744,197.13148,0.914277,779.52246,234.02959,0.8647531,0.0,0.0,0.37781423,775.39575,264.85104,0.5741253,0.0,0.0,0.1863253,793.7889,264.34653,0.9726825,814.48065,263.1096,0.948804,794.6273,313.80167,0.9539807,808.96747,313.71277,0.8999017,800.9185,364.05426,0.91559577,807.80133,362.0553,0.8525432
0.0,0.0,0.109692976,0.0,0.0,0.0981487,0.0,0.0,0.06844057,0.0,0.0,0.11583178,0.0,0.0,0.07453584,0.0,0.0,0.16592975,0.0,0.0,0.2503364,0.0,0.0,0.14933431,0.0,0.0,0.2385776,0.0,0.0,0.15227063,0.0,0.0,0.20868738,0.0,0.0,0.17691112,0.0,0.0,0.22948694,0.0,0.0,0.15824434,0.0,0.0,0.19910206,0.0,0.0,0.12657861,0.0,0.0,0.15694095
