0.0,0.0,0.13922623,0.0,0.0,0.1131247,0.0,0.0,0.03634348,359.58908,102.31738,0.80646074,0.0,0.0,0.2940337,346.0872,147.21068,0.9755822,416.05206,142.4685,0.8845103,329.53665,208.03914,0.91749436,416.19583,199.92638,0.5840629,343.81982,217.0726,0.7601099,0.0,0.0,0.41751152,362.24512,261.44977,0.9894382,407.07202,258.61804,0.97855455,369.62845,371.73392,0.97039807,393.92703,368.27878,0.94523615,384.0699,460.535,0.8461263,388.03033,459.8358,0.78807366
728.09454,89.24877,0.9841017,732.06213,82.270424,0.8463931,720.0362,80.812706,0.98288095,0.0,0.0,0.21843909,694.0194,84.64288,0.94802356,731.9483,135.01164,0.97536975,671.0403,136.58766,0.9963058,746.7111,199.88173,0.8751229,681.8811,207.29425,0.9904012,748.5793,204.35587,0.85057163,729.8668,187.14084,0.9805535,738.4744,256.45245,0.990189,692.0472,260.95773,0.99615616,765.86475,364.1846,0.9685209,695.1123,372.009,0.98807144,761.90344,464.3309,0.81363106,680.70544,471.41962,0.89000297
0.0,0.0,0.12260049,0.0,0.0,0.07019138,0.0,0.0,0.07629028,192.61618,201.72154,0.5519644,205.9127,202.11331,0.5695064,184.21805,218.42155,0.9813778,210.65106,219.74164,0.98612463,170.77928,238.47495,0.9289883,220.36761,242.21461,0.936093,167.55904,254.92935,0.8080227,221.18555,261.65952,0.8082861,190.63309,261.47842,0.994862,206.48941,262.30017,0.995362,193.78091,293.3323,0.9861557,202.6846,294.074,0.98524636,198.26242,322.5627,0.96670824,199.89015,323.72345,0.96475714
597.21295,172.37689,0.9676124,601.30225,168.4629,0.8727152,591.9679,168.2301,0.95785886,603.34546,173.08391,0.5246657,580.766,172.2244,0.8897135,605.74725,204.86018,0.97545516,567.4818,203.88889,0.99353254,610.96246,237.62318,0.83546287,554.7208,235.74965,0.96783674,609.0926,231.55473,0.7778663,568.32135,225.96562,0.9336699,596.7765,279.40027,0.98122036,574.6022,279.84808,0.9897681,586.8225,336.91122,0.95921767,585.1473,338.5448,0.97855616,574.1215,386.12656,0.8836994,591.0014,389.39514,0.92179996
484.2773,213.50871,0.88442606,486.5302,211.37083,0.8381187,482.95276,211.46703,0.7672308,491.5934,212.82352,0.69166493,0.0,0.0,0.4819808,496.365,224.84943,0.97861516,479.87106,225.32555,0.97712463,494.70242,237.62653,0.9125894,473.92953,237.58366,0.8745917,483.62003,231.21118,0.87284654,478.27884,231.21608,0.83058524,494.6445,257.08594,0.9809059,483.06018,257.06375,0.97972155,497.6327,282.77728,0.9661434,480.47226,282.51575,0.95946443,498.3396,306.7136,0.94048375,476.56918,305.67325,0.9321003
0.0,0.0,0.09998338,0.0,0.0,0.06798835,0.0,0.0,0.07091143,0.0,0.0,0.48490095,0.0,0.0,0.44179624,808.1586,225.0843,0.95307034,827.32776,226.26503,0.9507933,801.5366,240.26115,0.7366543,830.64764,241.90881,0.7172123,0.0,0.0,0.4933094,0.0,0.0,0.47302818,809.2476,257.35812,0.97929025,822.8568,257.88577,0.97893023,804.15625,282.91098,0.95731044,826.0525,283.3361,0.9563095,801.7732,307.00104,0.91855985,826.60834,307.52713,0.9176913
0.0,0.0,0.2407231,0.0,0.0,0.1548728,0.0,0.0,0.18362518,85.862976,221.33597,0.51698303,93.70527,221.67111,0.57160014,81.373886,231.61668,0.9742055,96.38327,232.05478,0.97678816,76.29256,244.80771,0.79382443,100.22622,244.80211,0.8322232,76.71811,256.5853,0.6148438,100.52592,256.58997,0.65244955,82.81922,255.44496,0.9863282,92.31515,255.70108,0.9871265,83.65182,273.8799,0.97353834,92.40989,273.73962,0.9753983,83.30179,291.20502,0.96028435,92.10586,291.51877,0.96270895
0.0,0.0,0.11176356,0.0,0.0,0.081822075,0.0,0.0,0.057498045,0.0,0.0,0.46131307,0.0,0.0,0.32999554,291.42554,223.15628,0.9326639,312.49277,222.48553,0.8951085,288.51782,239.3563,0.77061313,317.15765,239.07344,0.6155609,290.29874,250.95354,0.55634475,0.0,0.0,0.42434782,295.7148,253.4471,0.9727137,309.50134,253.14166,0.96519774,298.1743,277.41205,0.9609577,307.58002,277.2213,0.9484571,300.40186,300.68692,0.94249076,306.794,300.06375,0.9292088
0.0,0.0,0.12818982,0.0,0.0,0.10153669,0.0,0.0,0.083949,0.0,0.0,0.45993146,0.0,0.0,0.34925875,139.96603,229.24359,0.93087935,154.79712,228.59787,0.9271642,136.67303,241.8525,0.70083684,159.86021,240.68004,0.67086416,135.91438,250.88162,0.5100226,0.0,0.0,0.47472826,143.14502,252.89203,0.9712762,153.08359,252.53911,0.97106767,143.61668,272.5943,0.95675963,152.0471,272.12473,0.95549935,145.33508,291.49686,0.93911433,152.3184,290.80444,0.9380683
0.0,0.0,0.12326437,0.0,0.0,0.092617124,0.0,0.0,0.08210669,0.0,0.0,0.41159347,0.0,0.0,0.35649395,112.37448,232.16208,0.9268446,127.83161,231.82288,0.92581826,107.741196,243.96648,0.6915334,133.29381,243.78831,0.669995,108.05388,254.0132,0.5082647,0.0,0.0,0.47963956,114.91435,254.74004,0.9725849,124.530464,254.66092,0.97282255,115.67739,272.65973,0.9607983,123.08654,272.47452,0.9601781,116.60703,289.93515,0.9495297,122.04763,289.87018,0.94944227
0.0,0.0,0.07047684,0.0,0.0,0.057577558,0.0,0.0,0.056094334,0.0,0.0,0.10617832,0.0,0.0,0.10380733,0.0,0.0,0.22218244,0.0,0.0,0.27025485,0.0,0.0,0.18921356,0.0,0.0,0.24916737,0.0,0.0,0.19182101,0.0,0.0,0.22997805,0.0,0.0,0.31700325,0.0,0.0,0.3557262,0.0,0.0,0.33885488,0.0,0.0,0.37070167,0.0,0.0,0.37157986,0.0,0.0,0.4008761
0.0,0.0,0.18522316,0.0,0.0,0.13032503,0.0,0.0,0.14873064,0.0,0.0,0.4512139,0.0,0.0,0.4870264,232.62811,232.15149,0.9456552,247.94574,231.71089,0.95007885,229.06314,246.28897,0.7081979,253.29956,244.35632,0.7577717,230.32034,258.82654,0.50129235,253.51212,257.03244,0.5461072,236.99794,257.13477,0.9610369,247.41373,256.82288,0.963702,237.93117,276.46265,0.90393966,248.6882,275.83478,0.9111312,238.29697,292.39764,0.8482796,249.72276,291.75272,0.8568954
0.0,0.0,0.1409373,0.0,0.0,0.09691856,0.0,0.0,0.12117363,0.0,0.0,0.16733776,0.0,0.0,0.24110804,0.0,0.0,0.49908045,849.42224,226.81538,0.61420226,0.0,0.0,0.24073839,0.0,0.0,0.38691726,0.0,0.0,0.20957159,0.0,0.0,0.29978114,849.10486,257.3591,0.63870406,850.2354,257.98108,0.70100236,848.7142,289.02487,0.5971525,851.8494,289.45203,0.6535589,847.8817,318.36588,0.60495967,851.878,318.92978,0.64907134
0.0,0.0,0.26746243,0.0,0.0,0.17746092,0.0,0.0,0.23848297,0.0,0.0,0.1668632,0.0,0.0,0.2867398,849.24915,225.25908,0.625754,845.9249,225.07007,0.7201599,0.0,0.0,0.30850706,0.0,0.0,0.489313,0.0,0.0,0.25588715,0.0,0.0,0.3747792,848.7586,255.24597,0.6695452,847.44836,255.37703,0.7181368,848.1745,279.78592,0.5646942,846.96436,279.49078,0.61581236,845.84955,302.59366,0.5325436,844.41455,302.5097,0.5738029
0.0,0.0,0.15467867,0.0,0.0,0.10196206,0.0,0.0,0.079507545,0.0,0.0,0.22663385,0.0,0.0,0.18647897,642.2774,203.934,0.78685963,649.2255,202.81891,0.7671512,639.3018,237.45744,0.587576,644.8666,236.50415,0.5542841,0.0,0.0,0.44223186,0.0,0.0,0.42628238,650.32227,273.80542,0.94053316,655.4325,273.42966,0.9369369,653.4233,329.8975,0.9419526,657.6293,329.6829,0.93719256,645.19165,380.31772,0.8928979,647.63824,379.13467,0.8889824
