0.0,0.0,0.24465023,0.0,0.0,0.06804116,0.0,0.0,0.24220748,0.0,0.0,0.26757827,94.878746,190.01837,0.8457257,67.68457,210.83234,0.9616461,98.824524,211.18997,0.982851,58.759197,237.49384,0.7032663,105.50213,238.36703,0.9116208,0.0,0.0,0.48903894,106.14082,256.7036,0.73759323,72.92993,264.57996,0.9883924,93.68922,264.73575,0.9925391,74.153366,303.52106,0.98040086,93.06058,303.26544,0.9872333,74.568016,339.22842,0.9661085,91.724236,340.3529,0.97523516
0.0,0.0,0.13401037,0.0,0.0,0.10864024,0.0,0.0,0.062443487,207.20566,182.40666,0.7643371,223.22948,182.4602,0.56836194,198.38565,203.17595,0.98562104,232.41797,203.44876,0.9858693,188.31311,230.60466,0.9130386,239.31416,231.11334,0.8846698,187.52565,251.73438,0.71980745,236.84186,251.28639,0.6594795,200.94395,256.41064,0.9945651,222.46593,256.56863,0.99450004,200.67561,298.17395,0.98713595,216.89037,299.0042,0.9844996,201.91629,340.43616,0.969429,211.95078,341.09488,0.9646014
0.0,0.0,0.26612583,0.0,0.0,0.31818435,0.0,0.0,0.06417202,634.04395,190.12029,0.9148003,0.0,0.0,0.32100746,631.7348,211.29025,0.98773044,661.51733,209.75743,0.96426755,626.8732,241.52762,0.94247586,666.04803,238.16194,0.6351205,620.45496,266.1044,0.802415,0.0,0.0,0.41765937,635.67126,264.03534,0.99259114,656.813,262.82132,0.98635584,619.7058,303.84702,0.9895867,649.62213,303.3396,0.97548556,616.6007,346.98624,0.98012197,651.9316,345.14117,0.9626828
0.0,0.0,0.15552993,0.0,0.0,0.050863322,0.0,0.0,0.12933186,0.0,0.0,0.3791592,159.52684,193.28209,0.8118426,132.36696,211.97833,0.97652483,165.36223,212.68379,0.9889788,121.786095,236.70322,0.8161074,171.43747,240.7921,0.9364878,128.09856,254.12834,0.595378,170.61171,262.8401,0.77761275,135.29153,264.66522,0.99380374,157.89375,264.69238,0.9959835,131.06613,302.9116,0.98630595,154.75922,302.68307,0.99043953,127.25618,339.71692,0.969198,152.10184,340.6361,0.9763159
282.81674,191.79045,0.92372334,284.91068,188.69266,0.80593157,279.54196,188.74681,0.91067743,0.0,0.0,0.42516786,273.02,192.12184,0.79703754,290.7947,213.9101,0.97531193,265.1135,213.97197,0.99137783,297.37372,238.14001,0.8437558,255.52283,238.281,0.9643651,300.62695,263.02887,0.8050356,256.1628,263.94687,0.93176246,285.57196,259.8431,0.9857226,269.8469,260.27573,0.9919938,284.04593,294.68015,0.9715669,272.3884,295.22702,0.98280627,278.29324,325.85748,0.95146304,269.55917,327.00146,0.966225
0.0,0.0,0.21832675,0.0,0.0,0.2223993,0.0,0.0,0.062119342,737.0599,158.70265,0.78688407,0.0,0.0,0.25338468,725.47186,185.01395,0.97395056,776.6089,183.95868,0.8799347,703.9295,219.90118,0.92209285,783.568,223.0376,0.5674488,709.76697,242.43176,0.76119554,0.0,0.0,0.3991439,730.77325,265.67633,0.9909149,762.83545,264.55258,0.9800305,734.9825,324.1365,0.9863207,750.52936,320.52563,0.9725857,749.8306,383.21814,0.9653948,754.2768,377.05148,0.9484338
341.6488,205.04353,0.54345995,0.0,0.0,0.2813226,339.5903,201.98486,0.5066398,334.0692,204.41908,0.57278407,338.53714,205.50333,0.8738173,324.48856,223.78531,0.979417,344.1241,224.8668,0.9929235,317.97433,245.8985,0.7322329,355.8655,242.7305,0.93051547,319.48392,258.07736,0.55288684,360.7122,247.97447,0.7858798,328.8609,264.7865,0.9850509,342.46652,265.80197,0.991585,327.63422,297.0657,0.9689058,348.98688,297.73434,0.9807326,326.03687,328.9,0.9502218,350.57797,330.0936,0.964461
0.0,0.0,0.17620987,0.0,0.0,0.09135846,0.0,0.0,0.085270494,408.98276,154.67857,0.50168425,0.0,0.0,0.45904005,395.33368,183.06224,0.93523467,446.75,179.73195,0.94531125,385.44577,225.72498,0.8189579,459.54898,219.97255,0.844926,390.33878,243.44646,0.67974883,460.06662,246.6586,0.71346974,402.9356,261.45102,0.9913408,435.7222,261.10556,0.9918867,404.58304,322.6757,0.9927642,430.34497,327.50952,0.9937079,404.04047,384.2115,0.9849979,424.45758,395.18082,0.9865882
0.0,0.0,0.25188467,0.0,0.0,0.38042483,0.0,0.0,0.039120078,795.3695,174.91396,0.9462597,0.0,0.0,0.18987797,793.7502,201.19322,0.9867432,824.61694,196.38092,0.9346822,786.2685,238.65012,0.93008894,0.0,0.0,0.3574944,781.5709,268.93076,0.73912764,0.0,0.0,0.2023551,803.581,266.5096,0.98816526,824.54095,264.60422,0.9716815,797.8929,314.9635,0.98094934,822.31177,314.386,0.9435043,802.94745,364.77936,0.96094537,828.8218,361.72714,0.9140209
0.0,0.0,0.029062299,0.0,0.0,0.0330787,0.0,0.0,0.017977918,0.0,0.0,0.052550863,0.0,0.0,0.018769696,0.0,0.0,0.06416924,0.0,0.0,0.06952931,0.0,0.0,0.1559737,0.0,0.0,0.14652972,0.0,0.0,0.19362287,0.0,0.0,0.17832108,0.0,0.0,0.11589241,0.0,0.0,0.122702554,0.0,0.0,0.13474922,0.0,0.0,0.13661496,0.0,0.0,0.10836347,0.0,0.0,0.11281445
