0.0,0.0,0.23287731,0.0,0.0,0.16397312,0.0,0.0,0.07081595,760.07587,183.59264,0.6938413,0.0,0.0,0.36030394,754.53204,211.77026,0.97386825,803.3792,208.19539,0.9551414,744.9536,250.93741,0.91594857,813.75867,246.55641,0.8266616,754.1686,276.56793,0.7903048,808.8556,273.9895,0.6852253,764.64844,284.64877,0.9930328,798.60425,283.60016,0.9905815,761.1089,336.9528,0.9895225,798.84375,334.775,0.9871029,767.1124,386.49847,0.97039247,806.6015,382.73453,0.9682644
0.0,0.0,0.09641345,0.0,0.0,0.06281955,0.0,0.0,0.055904627,534.15424,195.05403,0.59033453,548.1925,195.64319,0.53265095,526.30927,216.25732,0.9508315,556.27747,217.40376,0.95290655,520.2604,242.79239,0.76250124,562.35675,244.17644,0.7493395,522.8387,261.39523,0.5041069,0.0,0.0,0.47652474,528.72406,268.78644,0.9861544,549.58246,269.36276,0.9859747,524.52844,311.46585,0.9825021,550.0114,312.15305,0.9795674,521.2851,353.19952,0.9711222,549.86884,353.89844,0.96718687
0.0,0.0,0.12537953,0.0,0.0,0.06864265,0.0,0.0,0.080065995,386.3714,192.24971,0.55854666,402.87216,192.69643,0.6224365,378.53088,214.58253,0.9692775,411.30228,216.06516,0.98078716,369.91263,244.16957,0.85332143,419.4862,247.74022,0.91337633,370.0644,267.79108,0.65604526,421.21375,275.66443,0.7380859,383.26413,268.5212,0.99255216,403.78583,269.154,0.9939944,387.56558,313.40485,0.9867447,401.08264,313.80533,0.98787886,390.7169,356.10806,0.9701348,397.6138,356.53928,0.97174406
0.0,0.0,0.15988123,0.0,0.0,0.1440081,0.0,0.0,0.060879778,590.2227,217.07918,0.7219261,0.0,0.0,0.384481,585.0974,236.94238,0.96842796,614.5419,235.61798,0.94377613,576.9194,262.5389,0.8580204,623.92566,260.74124,0.66870016,574.9913,282.73193,0.63966864,0.0,0.0,0.4422083,589.8905,285.16037,0.9843428,608.99023,284.5095,0.97879034,590.3433,318.51935,0.97769076,607.62463,318.47385,0.96680206,591.401,353.29742,0.965143,605.971,352.44144,0.9533922
0.0,0.0,0.0876158,0.0,0.0,0.058907613,0.0,0.0,0.042293552,309.9074,206.4744,0.683308,328.13806,204.62422,0.61706424,303.29736,227.34036,0.9858312,340.8914,224.02345,0.9891312,296.4625,258.3627,0.9205371,352.06125,253.83575,0.93179166,294.31107,286.24036,0.72536767,349.1798,282.16537,0.74861294,313.18118,275.90244,0.9956357,337.36725,274.34726,0.9963659,314.38174,319.11346,0.9867775,333.4334,317.88202,0.9874937,313.1681,361.71024,0.9637276,327.55884,359.944,0.96527916
0.0,0.0,0.21383066,0.0,0.0,0.11014942,0.0,0.0,0.23093742,0.0,0.0,0.0785336,0.0,0.0,0.32473552,0.0,0.0,0.25785014,841.5326,224.78604,0.56438404,0.0,0.0,0.105523355,0.0,0.0,0.4710221,0.0,0.0,0.11646375,0.0,0.0,0.3666363,0.0,0.0,0.3662243,844.5954,293.51978,0.55268854,0.0,0.0,0.40839905,841.4507,348.6106,0.5826961,0.0,0.0,0.39569196,835.5495,404.55243,0.5311099
0.0,0.0,0.09677048,0.0,0.0,0.046555594,0.0,0.0,0.078078724,0.0,0.0,0.39159998,474.88196,231.70297,0.6317141,455.77402,246.79678,0.9584237,480.41397,246.98883,0.97665673,449.44943,265.82242,0.7865302,486.73972,267.8952,0.8986615,449.75452,282.0684,0.556117,488.80554,287.30182,0.7035455,460.60327,282.5152,0.98765844,476.4824,282.8107,0.99077916,462.85547,310.48065,0.9732587,475.53064,310.72287,0.97824436,463.86798,336.21658,0.9506984,473.11206,336.6474,0.9569589
0.0,0.0,0.1285021,0.0,0.0,0.10997603,0.0,0.0,0.06219286,636.4689,230.56825,0.64427274,0.0,0.0,0.32970032,633.4407,243.09523,0.97483295,653.6214,242.4058,0.9641177,628.75494,258.8699,0.83547795,659.5768,258.16165,0.70349056,627.0116,268.76968,0.6151151,0.0,0.0,0.46489912,637.11914,274.85226,0.98893833,649.9916,274.4865,0.9869201,637.4041,300.28488,0.9731026,648.07556,300.11667,0.9669088,640.8084,324.32385,0.94762397,647.7623,323.66913,0.93906504
0.0,0.0,0.089513674,0.0,0.0,0.05382612,0.0,0.0,0.054976728,0.0,0.0,0.3575656,0.0,0.0,0.39712656,427.89508,234.65753,0.9296884,448.61862,233.69846,0.9368221,424.49072,252.4471,0.7795605,452.41876,252.3338,0.8039913,423.25677,267.95306,0.58680725,453.78455,269.12073,0.61460525,431.3528,269.10446,0.97904015,444.61426,268.63986,0.98053485,432.78137,296.85797,0.9614856,441.3096,296.53784,0.96214616,435.32385,322.9156,0.9310312,439.2759,322.52948,0.93173087
213.56088,243.73282,0.6473076,214.80594,242.14177,0.5771076,0.0,0.0,0.4862881,217.76413,242.60628,0.529835,0.0,0.0,0.35064462,221.32405,251.1798,0.9739024,213.0397,250.91109,0.96827996,226.59633,262.81897,0.86550397,208.97743,262.20654,0.82011986,228.08826,274.0212,0.8065467,205.7446,273.3362,0.7557889,219.39525,273.9417,0.98707914,215.18091,273.72223,0.98594356,218.05226,292.82907,0.97798127,214.94508,292.50076,0.975722,218.48524,310.9737,0.9654777,215.73714,310.57816,0.9630206
