0.0,0.0,0.14641643,0.0,0.0,0.10343049,0.0,0.0,0.055855323,738.2658,148.80652,0.59024376,0.0,0.0,0.30799276,732.78876,179.07426,0.90978974,787.8321,173.2964,0.8931372,715.0731,222.12506,0.7534446,809.8306,211.88316,0.737065,715.3491,239.16211,0.5623895,801.75543,230.01735,0.57699645,748.2845,262.77582,0.97616243,781.75903,260.0263,0.9770387,755.2481,327.9203,0.97497684,775.0928,324.86044,0.97937256,764.4882,388.07965,0.9484358,778.0989,388.0233,0.9576275
0.0,0.0,0.11929256,0.0,0.0,0.05438222,0.0,0.0,0.051880546,394.88354,153.85854,0.5072402,0.0,0.0,0.47625512,382.62286,185.32106,0.9612809,440.42755,180.20267,0.9554392,370.68335,231.7829,0.8855282,461.82446,222.12614,0.8734118,379.12772,257.7728,0.73606336,461.55603,248.84396,0.7380538,395.91046,272.57755,0.9951776,432.79285,270.58533,0.9949065,404.16635,341.55746,0.9916009,428.26596,337.30554,0.99190086,407.30356,411.37225,0.9739832,420.7279,407.24002,0.97529614
0.0,0.0,0.20230953,0.0,0.0,0.2713536,0.0,0.0,0.046183877,661.8229,190.09236,0.9035034,0.0,0.0,0.20402196,657.8975,210.79337,0.99348193,685.16705,209.19637,0.9815623,642.3575,239.49324,0.9871732,696.6114,236.02364,0.87219757,627.15796,255.13905,0.9505924,687.0235,251.85416,0.7384423,662.17676,261.94064,0.9981305,675.367,260.84647,0.9965461,672.59686,305.1774,0.99625325,658.4497,304.83636,0.990842,693.55444,349.50592,0.9891732,651.6682,348.0506,0.97879857
0.0,0.0,0.23374027,0.0,0.0,0.09440792,0.0,0.0,0.18446662,84.593,189.40324,0.53594196,99.85855,189.83575,0.81598324,72.52728,210.73929,0.9797895,104.73743,210.97893,0.98786664,63.469093,240.04938,0.83701175,112.36303,237.81937,0.9145794,64.54226,258.88403,0.6216403,111.70171,253.2906,0.72501993,77.91155,265.57074,0.9927636,99.60395,266.1565,0.9942431,76.24851,305.2861,0.9854602,101.68455,305.81522,0.9869419,73.21519,343.8218,0.9691427,100.058395,345.22516,0.9711599
0.0,0.0,0.12410987,0.0,0.0,0.113073304,0.0,0.0,0.05093047,214.03354,181.00095,0.76388514,0.0,0.0,0.42006367,209.3826,202.44714,0.97312385,243.7469,201.61833,0.9643091,200.32967,230.65352,0.88724023,251.78145,227.73065,0.78989923,196.89758,253.50226,0.68461865,248.06615,251.46266,0.5442768,213.23206,254.5466,0.9900877,234.80293,253.81577,0.9877549,218.0484,297.5754,0.98319453,230.97879,297.0526,0.97626114,220.9284,340.65372,0.9611189,225.75098,339.15552,0.949664
0.0,0.0,0.13243906,0.0,0.0,0.049045805,0.0,0.0,0.11813993,0.0,0.0,0.37389165,170.98367,191.43315,0.73373455,141.05258,210.95444,0.958764,173.2324,213.63095,0.9821515,127.88835,237.81378,0.79725313,179.81349,243.18517,0.9372917,130.83133,259.11295,0.60729456,185.0515,268.26367,0.796106,143.85297,264.48645,0.9895845,163.53802,265.8874,0.9932093,145.48586,300.9118,0.9782694,159.13007,301.93152,0.9842137,147.70805,335.01196,0.9566229,154.7231,337.163,0.965252
271.88428,194.32835,0.8744013,273.9092,191.58623,0.7520082,268.77664,191.37268,0.81447685,0.0,0.0,0.498813,261.93088,193.87787,0.66159374,278.27612,214.43544,0.9775842,254.06058,213.1169,0.982822,281.6443,238.52583,0.86691207,248.57767,237.229,0.8954353,284.97977,259.94934,0.80245596,253.10284,257.37643,0.8254611,270.63516,259.37872,0.98177606,255.59341,258.9445,0.9840173,269.1193,293.48697,0.95783186,259.1903,293.26654,0.9604527,263.1803,327.13647,0.9106517,256.47324,327.13214,0.91466075
322.8739,206.5262,0.91784817,326.07104,203.9649,0.88830537,320.55988,203.60202,0.8176863,331.36578,206.8948,0.7535165,317.4008,206.0643,0.5197209,335.6744,224.39401,0.9903964,312.8236,223.55994,0.98712474,343.8968,241.60301,0.9456886,304.078,242.1272,0.87492615,343.24957,249.1204,0.9067841,302.12747,253.08781,0.81663054,326.539,264.39178,0.9923935,313.00476,263.58847,0.9906025,322.9582,295.79462,0.98375213,314.8362,294.88504,0.97705454,318.94928,326.67117,0.96637684,316.32904,325.38696,0.95705956
0.0,0.0,0.14650954,0.0,0.0,0.12250555,0.0,0.0,0.09235802,0.0,0.0,0.15334149,0.0,0.0,0.11967805,0.0,0.0,0.27754524,0.0,0.0,0.39967197,0.0,0.0,0.17005739,0.0,0.0,0.29454175,0.0,0.0,0.15989329,0.0,0.0,0.2459502,0.0,0.0,0.34160084,0.0,0.0,0.42602432,0.0,0.0,0.39073393,0.0,0.0,0.46186632,0.0,0.0,0.38839278,0.0,0.0,0.44922936
0.0,0.0,0.10513658,0.0,0.0,0.08357042,0.0,0.0,0.066277504,0.0,0.0,0.13841352,0.0,0.0,0.112920485,0.0,0.0,0.28557792,0.0,0.0,0.38325036,0.0,0.0,0.13367993,0.0,0.0,0.2060105,0.0,0.0,0.117208704,0.0,0.0,0.16111189,0.0,0.0,0.44598553,847.1264,266.83926,0.5169436,0.0,0.0,0.4584072,843.8945,317.6089,0.5104408,0.0,0.0,0.48364413,844.5767,370.0568,0.5273606
497.5856,217.46524,0.8108827,499.77744,215.52716,0.75775796,496.5513,215.31703,0.6508321,504.2591,216.89369,0.6322496,0.0,0.0,0.3899545,507.9384,228.02678,0.96265316,492.96753,227.45844,0.9502349,508.16272,240.97221,0.8698994,487.68097,239.3597,0.7718895,498.75793,239.83627,0.81413525,488.51788,238.89703,0.7208084,504.4063,256.75436,0.96207386,494.84988,256.38245,0.9550025,503.9119,279.24634,0.93860954,495.45706,278.7926,0.9204691,505.99164,301.1458,0.9068501,498.02576,299.93457,0.8869456
