0.0,0.0,0.05089653,0.0,0.0,0.060835704,0.0,0.0,0.0020619947,698.52325,0.0,0.9279961,0.0,0.0,0.06488718,687.9529,74.042496,0.98749244,814.2194,72.40655,0.90200967,631.98425,193.86914,0.97930306,843.8776,204.87956,0.70919704,594.1157,267.49115,0.914637,842.2541,300.29922,0.5692474,707.9933,309.74646,0.978383,780.5659,309.8118,0.948624,0.0,0.0,0.46091166,0.0,0.0,0.29089335,0.0,0.0,0.0243861,0.0,0.0,0.016000925
300.07687,184.79263,0.9610549,303.22794,181.3305,0.91117966,296.47647,181.26245,0.9395436,307.5053,184.88008,0.65047956,290.36987,184.48729,0.8087537,313.93973,209.42738,0.9933693,281.89392,210.42899,0.99708277,322.78333,235.679,0.95078945,275.33252,241.08931,0.9799066,329.9712,259.6559,0.92626494,276.73126,269.68527,0.9580041,310.48328,264.3306,0.99651814,291.23193,265.04398,0.99772626,308.2488,302.97845,0.991011,295.7514,303.43277,0.99327725,302.78387,339.58286,0.97639716,296.73224,340.1422,0.981125
0.0,0.0,0.14313228,0.0,0.0,0.04704655,0.0,0.0,0.14436351,0.0,0.0,0.32971948,201.65201,194.89584,0.80116457,177.46875,211.37276,0.97021276,205.38503,212.98138,0.99071854,167.58897,234.78377,0.8011055,211.64859,238.08665,0.9608487,169.7157,255.40784,0.5959336,216.66164,260.06186,0.8431547,181.79987,259.11,0.99246514,199.55214,259.914,0.99588096,182.13213,293.8895,0.98019516,195.00082,294.3837,0.98798454,182.4167,326.9734,0.95571434,190.28877,328.52386,0.9687723
0.0,0.0,0.29860592,0.0,0.0,0.09764647,0.0,0.0,0.30137885,0.0,0.0,0.36328742,86.05593,197.69142,0.8662807,62.89687,215.2325,0.9711632,89.39474,215.9516,0.98752046,55.724113,239.72835,0.72088635,93.662155,239.96729,0.9148935,0.0,0.0,0.4986019,93.67202,257.11984,0.7346896,65.813126,260.51303,0.9898762,84.08074,260.89523,0.99338794,67.022446,294.24365,0.9829988,85.25809,294.32428,0.9882097,66.73132,326.28726,0.97230655,85.43823,327.58817,0.9784574
0.0,0.0,0.11639903,0.0,0.0,0.06931113,0.0,0.0,0.067094795,449.80557,185.51694,0.6123901,467.30804,185.91037,0.61017895,440.5381,205.44922,0.9767774,477.0449,205.88356,0.9860459,428.77502,233.81923,0.8837219,489.6399,233.07597,0.93090385,427.34708,256.06155,0.6955549,490.07233,254.8808,0.7660839,446.89648,263.50754,0.99325895,468.89456,263.89423,0.99468553,451.7197,309.31482,0.98111045,464.78986,309.77194,0.9830791,456.49048,352.78314,0.9461715,458.59262,353.07812,0.9502784
0.0,0.0,0.16184603,0.0,0.0,0.09713867,0.0,0.0,0.09694895,125.15828,200.65573,0.6291741,138.44963,200.76567,0.6197401,117.97712,218.80846,0.9798421,146.98885,218.9863,0.98436385,107.42432,241.44803,0.85843337,153.97745,242.40956,0.87729776,104.10466,258.23404,0.6331866,154.98154,260.92245,0.6488398,124.209755,262.54532,0.9915193,142.67836,262.65552,0.99226284,121.711334,296.08054,0.9783403,139.06406,296.2016,0.9773497,123.759544,327.85358,0.95666534,136.2653,327.78595,0.9548427
367.17914,197.46973,0.9041833,369.8037,194.4593,0.78473026,364.07803,194.17781,0.87656915,0.0,0.0,0.4550779,357.12155,197.28392,0.72621936,375.5139,219.73174,0.97359484,348.80222,219.48912,0.9866192,380.77774,242.79332,0.83430374,339.9292,244.46785,0.9339668,379.38834,255.51366,0.77897733,340.3622,262.66608,0.8819636,369.06076,269.2933,0.98701197,351.6434,269.43817,0.99098796,369.3742,306.31772,0.979855,349.8796,306.47287,0.98481214,369.96323,340.24023,0.96644753,347.15988,340.53897,0.9723016
276.02133,203.00935,0.8701732,277.406,200.66191,0.5800731,273.8256,200.1297,0.9107562,0.0,0.0,0.17389885,266.9627,201.81178,0.895843,273.02972,221.20554,0.89049375,258.47568,219.3132,0.9836985,0.0,0.0,0.34000972,254.4029,235.7878,0.9331788,0.0,0.0,0.35469246,262.78934,244.31247,0.8644442,267.50195,255.94647,0.9168261,258.72537,255.61322,0.97141886,265.42358,284.18378,0.8993179,260.89038,283.83182,0.96535593,258.80392,311.79282,0.8978988,255.61447,312.18924,0.95353955
0.0,0.0,0.17399774,0.0,0.0,0.21159172,0.0,0.0,0.04852271,560.31134,198.59874,0.80894035,0.0,0.0,0.2040621,558.0228,215.01918,0.9748974,578.58655,214.78358,0.92038834,552.6048,237.99756,0.89883107,0.0,0.0,0.47548795,547.58325,258.33405,0.70069546,0.0,0.0,0.29324508,559.7178,258.9705,0.98500085,574.0312,258.5066,0.97169006,556.7474,294.97644,0.97392005,575.03577,295.14035,0.9429629,556.2185,332.1666,0.95620376,576.45984,331.31473,0.92233145
0.0,0.0,0.085830204,0.0,0.0,0.02468034,0.0,0.0,0.11891952,0.0,0.0,0.0750013,525.7243,204.1422,0.57639736,512.8148,214.6438,0.65658265,524.8316,215.01007,0.88472027,0.0,0.0,0.25110072,531.7828,227.94705,0.8062995,0.0,0.0,0.19548701,535.4139,233.44911,0.611946,510.03094,251.07379,0.916132,517.5195,251.36395,0.9577704,508.49506,284.43948,0.9086638,513.07825,284.58997,0.95416725,506.5847,314.83038,0.88711375,506.966,315.8208,0.930242
