0.0,0.0,0.24820384,0.0,0.0,0.08389354,0.0,0.0,0.09633883,382.27066,112.53185,0.60426617,415.2341,115.16214,0.67351,364.57925,155.0543,0.9887683,428.64526,160.27365,0.986914,330.8869,210.62987,0.96599823,452.44754,222.30266,0.9542923,304.63693,252.42877,0.8980901,447.3252,275.42593,0.8832583,377.91617,270.0309,0.9978156,415.79074,272.21484,0.9976615,376.83466,351.7323,0.9910823,395.47543,356.3243,0.9908312,398.73624,432.34805,0.9454387,390.01154,437.74826,0.94451535
0.0,0.0,0.092044026,0.0,0.0,0.07674321,0.0,0.0,0.038057,564.9454,176.52733,0.70775634,0.0,0.0,0.43750012,558.08386,197.4825,0.98160225,588.59973,198.26772,0.9782969,548.2218,226.27191,0.9320763,593.8562,229.75441,0.87977564,542.7718,254.7268,0.77407604,594.0485,259.22903,0.6727523,562.4878,254.41425,0.9935975,581.7028,254.8154,0.99290895,563.19806,295.50116,0.9806942,577.1782,296.32724,0.97478443,572.77277,334.03494,0.9458551,581.1027,334.6508,0.9340411
0.0,0.0,0.090480275,0.0,0.0,0.06736551,0.0,0.0,0.047117297,176.22731,204.26375,0.545649,0.0,0.0,0.41902056,170.86183,219.79701,0.9678949,194.33286,220.1291,0.9675165,162.80424,238.60919,0.8969449,197.95193,241.65544,0.8744929,161.96225,254.16133,0.73973215,198.18625,259.84772,0.7057298,173.22961,258.18784,0.9916665,188.17679,258.21112,0.9916317,174.16972,286.70844,0.98369724,183.61154,287.05865,0.9815672,173.6133,314.3735,0.9670429,179.4758,314.57773,0.9637499
0.0,0.0,0.19304448,0.0,0.0,0.083189525,0.0,0.0,0.16706926,0.0,0.0,0.45931834,89.93102,205.42598,0.77452976,68.24813,221.4992,0.9721142,94.82982,221.40654,0.984279,61.916565,243.03946,0.79802674,101.25057,241.42027,0.9058066,61.458134,260.24448,0.5748375,100.24444,256.57028,0.7157508,71.791,260.6588,0.98800915,89.26019,260.7259,0.9909286,71.36252,289.82007,0.9738991,85.646835,289.87778,0.97833693,73.36234,316.06,0.95022476,85.17964,316.91248,0.9556791
0.0,0.0,0.11142191,0.0,0.0,0.076588035,0.0,0.0,0.055803463,0.0,0.0,0.45581564,0.0,0.0,0.32298672,816.79144,210.8114,0.92354465,841.24615,211.63843,0.8570699,804.2733,239.65541,0.7711425,0.0,0.0,0.49169415,803.20703,264.99902,0.53728557,0.0,0.0,0.30246958,821.5162,266.0728,0.9529547,837.16266,266.9286,0.9292334,820.71625,301.16983,0.9107736,829.72455,302.23087,0.85614395,835.2619,331.01486,0.8200242,837.67944,332.55664,0.7512494
0.0,0.0,0.11380292,0.0,0.0,0.039792746,0.0,0.0,0.10126849,0.0,0.0,0.274402,506.61725,193.8592,0.6696779,482.75262,209.55779,0.89567184,509.77045,210.37987,0.9428183,479.27826,235.19556,0.5487079,515.9317,234.44667,0.79289776,0.0,0.0,0.35271975,517.2323,252.40483,0.54684824,486.17233,256.3209,0.96712834,505.6395,257.05225,0.9759797,480.60297,293.1221,0.9537753,510.2817,293.4911,0.963906,476.73364,329.07413,0.93555856,513.46686,330.22562,0.9458252
0.0,0.0,0.14877692,0.0,0.0,0.051069427,0.0,0.0,0.1478029,0.0,0.0,0.30624503,128.73149,206.71678,0.7754591,109.66796,221.22537,0.96112096,133.54109,221.32407,0.98495746,103.976105,240.28851,0.7326414,138.56204,242.37065,0.92895496,105.88039,250.88693,0.51026875,139.90028,256.85892,0.7665469,114.18348,259.85736,0.9890381,130.55902,259.84534,0.9933711,114.055305,288.50977,0.97687846,129.49724,288.14496,0.9850005,115.51685,314.74265,0.9583859,129.54054,314.926,0.96913713
0.0,0.0,0.1243199,0.0,0.0,0.033154495,0.0,0.0,0.119939595,0.0,0.0,0.23765968,752.18713,184.52522,0.78746057,723.2974,201.59843,0.94919527,758.7207,201.8252,0.976819,712.564,229.11577,0.61910033,769.21204,228.3164,0.8793327,0.0,0.0,0.37083808,769.4766,240.59023,0.6385428,724.3219,256.49173,0.9815409,746.8199,256.31265,0.9883102,728.3303,298.49274,0.9467395,745.4013,298.21558,0.9664373,728.52594,335.8197,0.8924193,737.91583,336.833,0.92229307
0.0,0.0,0.17969778,0.0,0.0,0.1704004,0.0,0.0,0.06500424,697.84924,170.89629,0.82132936,0.0,0.0,0.44240838,691.6453,194.78741,0.97834146,724.46344,194.51073,0.96171975,680.6461,229.62302,0.86377645,731.97595,227.39023,0.6503991,676.34125,259.941,0.6091639,0.0,0.0,0.37299514,698.77924,257.0511,0.9882719,720.2615,257.25235,0.9834235,701.49133,305.95724,0.97907764,722.7745,306.51102,0.9664166,705.0141,352.45288,0.95275885,721.7632,351.9017,0.93370026
311.9466,199.40155,0.7109303,0.0,0.0,0.4720314,309.3776,196.2568,0.734699,0.0,0.0,0.21404944,303.9644,196.68001,0.681594,318.5299,214.45808,0.7964248,296.3166,213.42815,0.93602943,0.0,0.0,0.25055975,290.9862,233.2238,0.74732774,0.0,0.0,0.23362736,293.52136,250.1832,0.61317354,314.20917,254.08041,0.8624458,300.129,254.19614,0.9298242,310.9182,286.64227,0.8769567,300.18484,286.71234,0.9363759,308.17252,320.34836,0.8855265,299.9027,320.38385,0.92892706
637.177,212.44833,0.603156,0.0,0.0,0.21181068,635.2193,210.0328,0.6873575,0.0,0.0,0.11710723,630.0527,210.16666,0.85878354,624.25757,219.70845,0.89120036,628.62463,220.21152,0.9809238,0.0,0.0,0.3822754,634.02765,233.62828,0.93708813,0.0,0.0,0.35386786,639.2431,232.74135,0.85366166,620.85,252.64337,0.94879854,623.95435,252.91377,0.98124874,622.7447,281.34445,0.9125539,626.444,281.2714,0.9691107,619.96936,310.02908,0.88061315,621.70636,311.09375,0.9436277
0.0,0.0,0.2351426,0.0,0.0,0.15414657,0.0,0.0,0.11570598,725.2344,182.57388,0.5251833,0.0,0.0,0.37305766,709.8547,202.59247,0.9478841,753.16254,201.82556,0.8462477,693.2458,237.3327,0.86077243,763.53503,232.59018,0.57292616,689.4094,261.94382,0.6843556,0.0,0.0,0.42602432,707.1623,261.12527,0.97913283,733.5855,260.24307,0.96270555,713.24194,310.25964,0.9744024,725.5741,311.2987,0.95705676,720.718,351.36884,0.94944763,717.7078,353.1639,0.9291912
0.0,0.0,0.3082346,0.0,0.0,0.2591059,0.0,0.0,0.19419548,0.0,0.0,0.28673172,0.0,0.0,0.14072897,519.92993,211.47635,0.78637516,513.7472,211.73766,0.6837841,0.0,0.0,0.4839521,0.0,0.0,0.29765913,0.0,0.0,0.36803475,0.0,0.0,0.23987798,521.079,258.52597,0.8693496,517.39233,258.51474,0.8380857,522.1389,295.29132,0.7883434,518.3578,295.04114,0.7457093,525.5519,330.90427,0.75190264,522.5918,330.97192,0.71552175
