131.97037,174.93167,0.87658083,135.98918,170.83105,0.86192214,130.13611,170.51053,0.69609815,145.26965,172.22403,0.71222794,0.0,0.0,0.2815275,154.9255,198.62894,0.9708995,125.12445,197.0047,0.9583075,159.99084,234.83931,0.9229369,115.221115,229.94069,0.8065867,151.14104,268.8054,0.8911719,109.53163,262.2444,0.77273935,142.88387,265.25467,0.9876545,124.90938,263.80338,0.98443353,136.9972,317.18124,0.98511827,123.964325,315.68185,0.977719,136.52982,366.66074,0.96657896,127.721245,364.4398,0.955474
0.0,0.0,0.08796794,0.0,0.0,0.06467773,0.0,0.0,0.043457203,242.02954,199.19035,0.78792065,260.80167,199.90103,0.6583488,231.49307,223.531,0.98707426,271.98077,225.06131,0.98502326,222.56964,254.74062,0.91061705,286.61673,257.16022,0.8650675,220.02707,272.31625,0.6655332,281.48492,272.54056,0.56970197,234.16844,287.4776,0.99358106,260.2115,288.15823,0.9928844,231.90385,332.67285,0.9798685,256.41873,333.92944,0.9739683,235.02544,375.20917,0.9403454,254.38664,376.6661,0.927317
0.0,0.0,0.1064187,0.0,0.0,0.053367686,0.0,0.0,0.079171136,0.0,0.0,0.39331323,690.9721,194.5297,0.595841,670.0579,212.55147,0.9489001,697.77814,212.3328,0.97301584,664.89056,235.95267,0.7221954,703.4019,236.4424,0.8735827,0.0,0.0,0.4622874,705.0541,259.90308,0.6386344,676.123,256.66397,0.98218495,693.6192,256.86993,0.98717576,680.1645,290.49966,0.9571016,690.54193,290.70117,0.9666299,683.7755,322.69113,0.92163473,686.74493,322.77942,0.9339693
0.0,0.0,0.22222556,0.0,0.0,0.07993038,0.0,0.0,0.16760382,0.0,0.0,0.46966186,522.5617,191.00815,0.81286085,492.30396,212.29774,0.9815072,529.1766,213.01152,0.98715496,482.45413,242.34428,0.8323663,538.0559,243.95306,0.89501286,489.8053,253.9791,0.60360926,536.6796,255.25333,0.6811672,496.35083,273.0277,0.9916436,520.9313,273.50082,0.9931404,503.87997,318.02017,0.9787139,527.26544,318.36343,0.98166716,502.62976,360.43042,0.9480447,523.4096,361.82974,0.95333195
0.0,0.0,0.19631276,0.0,0.0,0.11014559,0.0,0.0,0.1406107,0.0,0.0,0.49972668,651.49854,206.34074,0.6535433,629.7705,224.44307,0.9557527,657.3502,226.01079,0.96670717,619.5535,245.74605,0.74202543,663.9762,249.73843,0.824878,618.34924,265.9935,0.51103824,664.64264,270.12878,0.60412633,632.46716,268.32553,0.9812617,649.7614,269.0262,0.98422295,633.57574,301.83124,0.97160697,645.6039,302.62094,0.9747399,636.6115,333.48422,0.95812625,643.3718,334.803,0.9614993
0.0,0.0,0.081297964,0.0,0.0,0.062665984,0.0,0.0,0.040927887,463.32138,184.4927,0.56518906,0.0,0.0,0.4046639,455.10004,207.83781,0.9398212,486.59128,206.75752,0.9085107,447.131,239.06548,0.7832749,489.56192,235.11449,0.6069448,448.41638,263.76938,0.507126,0.0,0.0,0.34671405,461.26288,265.4748,0.9720906,481.45374,265.5156,0.9629951,467.53598,309.80005,0.9485433,479.78894,310.27902,0.9260834,469.0185,350.26364,0.88898396,474.2601,350.58325,0.8570023
0.0,0.0,0.046096157,0.0,0.0,0.01703607,0.0,0.0,0.03771543,0.0,0.0,0.23505086,306.42734,185.42888,0.5955483,285.59686,204.53133,0.86630785,317.14493,204.3336,0.9364882,0.0,0.0,0.49295717,332.47754,229.04362,0.7979131,0.0,0.0,0.28149047,332.33575,234.8841,0.52554035,298.00653,268.30844,0.97937495,320.59543,268.46686,0.98717505,298.2745,319.13718,0.978958,326.64072,318.4642,0.9862726,298.97998,371.22165,0.9639203,330.0476,369.86658,0.9733974
46.191402,188.23428,0.712062,49.303154,184.4144,0.7288947,0.0,0.0,0.3830663,54.35922,187.04694,0.7227793,0.0,0.0,0.13797584,60.438503,210.79886,0.97247285,33.32633,209.75404,0.8529599,70.306206,244.13397,0.9315829,0.0,0.0,0.36177963,70.76543,277.18726,0.86849624,0.0,0.0,0.3569409,53.048706,272.88785,0.98645,37.064594,272.33826,0.9633033,43.770885,321.01453,0.9847419,39.068924,320.64124,0.9522665,49.401028,369.73508,0.9691868,53.48941,368.7642,0.9280683
0.0,0.0,0.0848625,0.0,0.0,0.063743286,0.0,0.0,0.047342163,0.0,0.0,0.13831243,0.0,0.0,0.09604656,0.0,0.0,0.3204965,0.0,0.0,0.26258248,0.0,0.0,0.22061683,0.0,0.0,0.14782847,0.0,0.0,0.17204832,0.0,0.0,0.1207094,0.0,0.0,0.48343128,0.0,0.0,0.45450938,0.0,0.0,0.454352,0.0,0.0,0.41951904,0.0,0.0,0.34852627,0.0,0.0,0.3289068
551.345,202.35432,0.84455335,553.9218,200.01978,0.8316396,549.90015,200.0369,0.6266138,558.9862,202.22925,0.7762951,0.0,0.0,0.30373836,564.9744,216.286,0.981444,544.7633,217.61807,0.9499223,567.5494,229.87103,0.9352422,542.88574,232.31908,0.6839977,555.3178,220.65567,0.8864715,549.0372,222.44072,0.6426393,561.57196,253.61029,0.980005,548.38885,254.21909,0.9653288,561.26294,285.0567,0.9694512,550.4955,285.71204,0.9408402,563.34753,313.92346,0.93636966,554.91223,313.8373,0.8965122
0.0,0.0,0.17104492,0.0,0.0,0.13352676,0.0,0.0,0.112296596,0.0,0.0,0.41287056,0.0,0.0,0.30294496,401.07825,226.64925,0.92640567,414.09134,226.21912,0.91958624,395.03903,243.71477,0.71597415,417.3473,242.3252,0.6711171,393.30115,255.29608,0.55367684,416.38962,254.42357,0.5100064,404.4268,257.81445,0.97911835,412.32727,257.6104,0.9781175,406.99673,282.66577,0.97665125,412.7634,282.31006,0.97500324,410.1191,306.8073,0.96418864,414.23743,306.43558,0.9622878
809.3772,231.84735,0.6376112,0.0,0.0,0.4337358,808.43335,230.20374,0.5640319,0.0,0.0,0.2903074,806.06744,231.39546,0.5226261,811.58,240.79276,0.9267331,801.2225,240.40207,0.9569645,813.47595,251.9149,0.75140345,794.2443,251.6518,0.8767099,815.2546,261.44485,0.7001399,793.6163,262.03424,0.81507486,808.15106,263.3073,0.96138215,802.05115,263.25824,0.97094303,808.19995,279.77213,0.93611217,802.3765,279.7666,0.94981873,807.31757,296.3167,0.9159452,801.4718,296.5139,0.9296414
