354.52237,151.20464,0.9850462,359.0425,145.19449,0.9319933,346.60928,146.17232,0.9685338,364.76465,150.1181,0.63227445,331.11963,152.01732,0.8826039,380.99753,188.73207,0.99480224,310.6287,191.7049,0.99704057,404.9741,234.80763,0.9690195,290.54474,234.43523,0.9857744,409.29654,279.21014,0.94234955,308.2205,251.7208,0.97109836,375.13297,291.8949,0.99805343,329.36487,294.7519,0.99849904,380.12976,368.05746,0.9923719,325.3676,372.7226,0.9944332,378.14398,443.39,0.95919496,324.8588,444.9535,0.96654
584.944,145.23933,0.9654098,588.99646,139.12962,0.8050277,578.5137,137.96736,0.96874183,0.0,0.0,0.27233812,557.9952,136.84608,0.9206542,594.76996,177.88527,0.9560063,526.1742,171.6009,0.9937989,606.1453,231.56401,0.7131613,495.36487,217.91054,0.97454745,604.66736,282.43726,0.58759975,498.99677,262.12384,0.9279836,575.47296,282.7683,0.984938,530.7879,280.93088,0.9943083,576.516,354.9725,0.9590018,521.8836,352.3106,0.98443687,570.4771,422.8855,0.89703757,518.8601,419.91953,0.9423685
0.0,0.0,0.35175416,0.0,0.0,0.22322842,0.0,0.0,0.17761165,750.409,200.86339,0.7966167,769.16327,202.01694,0.7179853,740.1782,226.61885,0.99177754,778.6318,228.68118,0.9892412,728.3844,263.46072,0.9255548,790.5367,265.49307,0.8591251,720.6055,293.09268,0.7630533,785.4737,289.04776,0.63311905,743.4094,292.53067,0.99463034,768.8651,293.05563,0.9938399,737.22076,341.29877,0.98823345,765.52655,341.98392,0.98438525,738.81586,386.71506,0.96879435,766.85034,388.52808,0.9617504
0.0,0.0,0.05187738,0.0,0.0,0.035256974,0.0,0.0,0.024517477,687.6475,190.1916,0.6955667,709.0127,189.27394,0.62921476,675.5886,213.80023,0.9760124,719.7949,213.29033,0.97636765,664.0718,246.66739,0.8271052,724.20654,248.53566,0.8010234,0.0,0.0,0.4882889,0.0,0.0,0.45300457,683.7061,274.2353,0.99260676,714.50885,274.22095,0.99273384,677.15314,322.41907,0.9859401,713.657,322.81924,0.983823,671.7018,372.14398,0.96822685,712.1446,372.0937,0.96476316
801.3541,209.39638,0.86051065,804.282,206.24434,0.840029,798.39734,206.31343,0.7086377,808.7928,207.7425,0.7314551,0.0,0.0,0.38867688,816.19354,224.61008,0.9766708,786.80585,226.36183,0.94613546,823.72565,244.82387,0.90260863,787.51605,247.54076,0.6311521,807.66113,253.82861,0.8404289,802.263,251.80457,0.5785186,815.1834,271.30438,0.9722897,795.07544,272.64072,0.95503575,819.66144,307.28104,0.9505842,797.6215,308.61908,0.91259253,820.4491,340.05246,0.9056876,800.37085,341.11996,0.858802
0.0,0.0,0.08195336,0.0,0.0,0.061822727,0.0,0.0,0.032401767,611.68225,179.11397,0.5520621,0.0,0.0,0.3716183,610.485,205.06236,0.94505894,642.0276,201.49023,0.9494559,608.8646,244.56622,0.7779222,649.33997,240.06047,0.781979,0.0,0.0,0.49365667,645.7942,278.85687,0.5098107,621.2581,272.9313,0.97775704,641.26776,271.23657,0.97975826,622.00024,325.85068,0.9382104,632.76404,324.63712,0.93908167,624.8316,375.73953,0.8456911,626.7396,373.214,0.84869105
0.0,0.0,0.24237445,0.0,0.0,0.12895234,0.0,0.0,0.19265676,0.0,0.0,0.44753855,454.3417,233.8488,0.6435458,441.07764,243.60893,0.9613384,457.49792,244.79408,0.97622967,435.02878,256.42926,0.7781182,462.2151,259.36838,0.8770315,433.57147,266.2516,0.59289694,463.28903,270.74408,0.7063291,442.2176,269.55026,0.98307574,452.88702,270.19086,0.9865971,441.52853,291.3055,0.9688231,451.72543,291.8928,0.9731469,441.99152,312.45355,0.9492827,449.91553,313.33212,0.95395225
0.0,0.0,0.10696827,0.0,0.0,0.044059563,0.0,0.0,0.11430303,0.0,0.0,0.04602472,0.0,0.0,0.26675937,0.0,0.0,0.24815148,848.2591,231.65686,0.62055784,0.0,0.0,0.116448425,842.32654,265.83673,0.6363036,0.0,0.0,0.12755297,0.0,0.0,0.49860877,0.0,0.0,0.40439883,850.21375,294.35663,0.63245904,0.0,0.0,0.26434758,0.0,0.0,0.48213583,0.0,0.0,0.20909545,0.0,0.0,0.35759056
0.0,0.0,0.193625,0.0,0.0,0.14363562,0.0,0.0,0.13038173,0.0,0.0,0.48809582,0.0,0.0,0.41341603,223.83722,259.0019,0.95095664,238.9973,258.71835,0.9457493,219.7073,270.23944,0.7538881,245.20618,270.0142,0.72239447,219.8775,277.41644,0.5665902,245.9379,276.8292,0.53367937,226.71928,282.42365,0.97194046,235.637,282.36298,0.9707819,227.11812,301.47003,0.9458812,233.43385,301.2197,0.9433218,227.08577,319.34064,0.90986574,231.0669,319.30173,0.90746
0.0,0.0,0.10033562,0.0,0.0,0.06516286,0.0,0.0,0.08320653,0.0,0.0,0.2946024,0.0,0.0,0.4082235,271.87564,240.4363,0.8878818,289.71906,240.70616,0.9079806,265.48172,255.0742,0.58776027,294.15054,255.3034,0.66912663,0.0,0.0,0.3909753,0.0,0.0,0.44852477,274.9767,270.7942,0.94916457,285.9724,271.02332,0.9551004,277.56625,295.51285,0.8909925,284.88248,295.52557,0.9014166,278.35278,316.9737,0.8253543,283.18417,317.36133,0.83866185
