0.0,0.0,0.07747423,0.0,0.0,0.02525003,0.0,0.0,0.063179515,0.0,0.0,0.4233357,283.3173,176.15114,0.81701124,252.61949,200.67686,0.9843693,292.44724,200.93335,0.99487066,242.0111,235.26817,0.9124784,305.61237,235.5914,0.9813613,239.27403,265.49823,0.74700946,309.30487,264.0533,0.9029259,259.94586,265.85358,0.99695754,285.98328,265.76288,0.9983986,258.6493,314.03357,0.98683506,283.75516,313.7207,0.9922793,256.46133,357.34662,0.95332813,279.48956,358.27194,0.9684474
759.23175,142.64946,0.97868353,765.24976,137.77435,0.91889983,752.9904,136.78236,0.9576373,772.6885,141.93135,0.6651907,743.19135,139.78917,0.8554188,784.12744,175.79921,0.99171174,726.00507,173.75227,0.99658126,799.05566,203.92422,0.95000976,698.45386,213.5794,0.9837811,781.6274,163.9114,0.9224372,721.81903,200.19783,0.9687015,776.709,266.20828,0.99711215,740.74,265.99762,0.99808085,772.3358,347.4627,0.9932025,750.9847,351.2191,0.9958405,751.0599,415.77725,0.9675749,748.4958,426.13748,0.9764938
642.8244,114.80038,0.9849015,646.9226,108.24056,0.8800075,634.72815,108.02091,0.98054755,0.0,0.0,0.38569042,616.8765,114.72146,0.9412032,656.1194,163.94669,0.98192626,599.47644,165.05699,0.99847335,661.0996,225.3959,0.8962591,584.87384,234.61574,0.99522686,675.1926,273.85156,0.86879694,586.74603,297.1481,0.9865826,656.6788,280.2289,0.99551,615.9237,280.50833,0.99861467,660.91547,367.56375,0.9859094,596.18005,363.059,0.9955869,661.5254,450.78568,0.9322689,575.8738,444.37482,0.9675165
0.0,0.0,0.10977458,0.0,0.0,0.054916903,0.0,0.0,0.11118767,0.0,0.0,0.35480297,128.50883,216.60596,0.6614547,111.44471,227.08446,0.9665858,131.81871,228.00655,0.97777885,104.74294,242.08269,0.7403903,136.36916,243.17912,0.8825989,0.0,0.0,0.4946426,137.01921,255.51251,0.6715642,113.82917,255.76167,0.98416173,127.00933,256.1707,0.98737967,116.355804,278.94772,0.95591456,126.13617,279.1261,0.9663685,116.30747,299.74164,0.9205444,123.26525,300.28766,0.9353632
0.0,0.0,0.159651,0.0,0.0,0.08147752,0.0,0.0,0.15550275,0.0,0.0,0.4418196,85.44683,215.95207,0.7145888,69.33264,227.26074,0.9825838,89.853935,227.84601,0.98785233,62.569923,242.45795,0.81740695,95.103294,242.60876,0.91751313,62.908653,252.08226,0.5951162,94.9693,252.74367,0.746996,71.60049,256.47882,0.99085695,84.75065,256.6408,0.9925339,72.86646,279.45096,0.9724678,84.084465,279.33923,0.9786551,72.12209,300.2998,0.94855064,81.526405,300.62363,0.9577479
0.0,0.0,0.14421764,0.0,0.0,0.08732606,0.0,0.0,0.121150136,0.0,0.0,0.44188267,167.85512,213.09004,0.56420124,152.40729,225.04803,0.9692314,171.14513,225.8831,0.97400033,145.81068,241.5757,0.7755776,174.721,242.74365,0.8419986,145.74466,255.49385,0.54777753,173.67912,256.94458,0.6255683,153.76578,256.30515,0.98554116,165.9688,256.5605,0.9869348,155.19566,280.80502,0.95934165,164.67665,281.0783,0.9639536,155.61688,302.58777,0.9254169,162.24376,302.92725,0.93207324
447.84784,204.56523,0.8994455,451.0478,202.04976,0.86200565,445.5364,201.67703,0.7998492,456.21582,204.2701,0.7130484,441.27042,203.16121,0.5143335,461.50732,219.95227,0.98501146,434.2882,219.08359,0.97946244,466.23303,238.89963,0.91912687,427.18378,237.74846,0.83214504,458.69394,244.9904,0.86468655,434.7269,242.6613,0.7613925,456.2922,262.98376,0.9866751,437.92578,262.59628,0.98357534,458.34537,299.41965,0.97190136,435.7441,298.9403,0.9614054,458.64258,336.33838,0.9393115,435.20248,335.34174,0.92394966
401.86414,189.43422,0.874675,404.40057,185.94914,0.6703916,398.00443,185.55473,0.87163925,0.0,0.0,0.2720493,388.71658,189.18634,0.7838304,407.90903,212.9564,0.94553596,379.9977,211.20184,0.97952795,413.98563,227.2966,0.7047422,374.81046,225.342,0.9251204,408.83618,217.19125,0.67420477,390.06522,212.3395,0.87462527,401.4856,268.10352,0.9697712,383.555,267.88065,0.98239076,395.71582,313.06885,0.95094347,386.17035,313.08844,0.9704475,387.6616,354.25223,0.8922942,384.36536,354.9081,0.9247641
0.0,0.0,0.16091444,0.0,0.0,0.14943339,0.0,0.0,0.07393366,350.0403,213.1149,0.64994144,0.0,0.0,0.27634203,347.3456,227.08322,0.96087986,366.00464,225.88397,0.94234276,340.173,244.45059,0.79771334,368.49243,242.51567,0.6089982,335.82614,254.03435,0.5877574,0.0,0.0,0.41150215,351.45624,260.48102,0.97982097,363.64957,259.8871,0.97536725,346.93726,285.44995,0.95950556,362.7912,285.18292,0.94711995,348.60556,309.9505,0.92254984,363.76257,308.8894,0.9060144
0.0,0.0,0.3009198,0.0,0.0,0.14477271,0.0,0.0,0.3711849,0.0,0.0,0.08067384,0.0,0.0,0.4724196,0.0,0.0,0.41880304,838.0551,226.77174,0.8216859,0.0,0.0,0.12503958,825.9385,241.49182,0.73116946,0.0,0.0,0.14626816,824.0968,249.72066,0.60954887,848.003,264.2897,0.6124944,841.9421,264.57547,0.82131165,846.1803,294.41455,0.563337,842.3588,294.29675,0.7840288,846.12683,325.16693,0.60596764,843.0039,325.17535,0.7698276
497.09445,221.14987,0.81423783,498.62268,219.12025,0.78847736,496.34006,219.29674,0.64377445,502.83545,219.46114,0.7139006,0.0,0.0,0.34131306,507.74286,229.52122,0.98385274,495.10242,230.2653,0.9739542,511.85507,243.04407,0.9020843,492.9358,243.55954,0.792167,507.55643,250.05579,0.85084826,493.6407,249.9065,0.73860586,505.3254,257.7071,0.98551846,497.47498,257.79565,0.9817244,504.99588,279.5113,0.96368766,498.88983,279.36227,0.9535178,506.8537,300.91995,0.9288274,502.44995,300.67,0.91430265
