0.0,0.0,0.40007037,0.0,0.0,0.085970834,0.0,0.0,0.39304727,0.0,0.0,0.25712898,222.50922,169.79395,0.8501806,183.58102,195.97418,0.9461985,226.10779,200.31844,0.9872322,168.6332,242.92351,0.77068657,240.30664,242.47423,0.9682398,178.62592,276.71832,0.6483216,249.76794,267.46066,0.9094617,195.50403,276.95596,0.9886191,221.71819,278.85092,0.99474585,212.22533,329.48505,0.9815529,226.87198,330.7954,0.99192905,203.1925,378.0321,0.9573063,205.126,380.64398,0.9746217
0.0,0.0,0.08446592,0.0,0.0,0.04232964,0.0,0.0,0.06351729,284.85336,206.5887,0.57794714,303.3328,207.27531,0.737593,273.41656,227.45534,0.9832513,312.4084,228.6517,0.99006885,260.6863,255.72665,0.8951307,328.37125,257.61594,0.94250244,259.79205,275.59244,0.6831313,332.36356,276.10477,0.7656142,280.90573,282.0545,0.9944569,304.2217,282.88354,0.99569005,289.12555,321.29343,0.98267084,301.23334,322.15662,0.98487157,292.97977,358.5353,0.95388234,292.87704,359.92523,0.95760024
0.0,0.0,0.114194736,0.0,0.0,0.032752227,0.0,0.0,0.128762,0.0,0.0,0.27980688,568.09674,193.52472,0.84211576,542.3572,214.09485,0.9559754,574.66907,215.81038,0.9857913,532.68475,238.99048,0.7150826,584.4416,247.29114,0.9476622,0.0,0.0,0.4722823,590.0334,269.77698,0.7958055,549.7588,268.31458,0.989342,571.1059,268.83783,0.9943336,552.0094,308.9478,0.9776145,570.73584,308.80096,0.98753786,548.6216,345.71692,0.9564243,564.58563,346.38773,0.97141755
0.0,0.0,0.08794092,0.0,0.0,0.03699916,0.0,0.0,0.06446663,352.13123,196.21936,0.50586146,370.36536,196.31294,0.767756,341.24323,217.92339,0.9748828,380.6526,218.8328,0.9837059,331.5343,245.82677,0.8142678,390.97812,251.71573,0.89885956,335.50165,269.45935,0.53329456,392.96234,280.92813,0.6567674,348.76788,276.92416,0.99332666,375.24225,277.14905,0.9948238,347.4987,318.74014,0.9872133,374.73395,318.6409,0.98930407,346.98718,360.47272,0.9734109,374.07538,360.83777,0.9766025
0.0,0.0,0.13425463,0.0,0.0,0.07620942,0.0,0.0,0.08151643,0.0,0.0,0.43916968,689.4776,199.46225,0.52057517,671.0887,215.86769,0.95777124,696.37494,214.40358,0.96497834,667.76636,236.95033,0.7897016,701.0675,235.30772,0.82762015,669.247,255.574,0.56386065,701.305,253.79405,0.60981774,677.63947,253.83347,0.98464286,694.38165,253.28328,0.9866811,680.12317,284.55237,0.96825063,693.53827,284.061,0.9707822,682.8679,314.23108,0.9429936,693.8083,313.65793,0.9462532
492.17786,212.38263,0.862322,494.1533,210.21922,0.71096057,490.26816,209.71606,0.8123304,0.0,0.0,0.43588063,485.51758,210.47394,0.68502694,499.48672,226.37462,0.97151655,478.86108,224.8742,0.9837609,502.2565,242.17905,0.83057064,476.3854,240.95378,0.92035884,498.69305,240.64575,0.7755029,488.1407,239.3988,0.8674986,498.69928,263.61572,0.9854041,484.9311,263.52356,0.9893667,498.5118,293.8273,0.9784087,483.4253,293.64542,0.9833161,499.55243,321.7485,0.9638195,483.11523,321.23453,0.9697555
0.0,0.0,0.15950218,0.0,0.0,0.13837813,0.0,0.0,0.07084055,644.1698,216.30304,0.59150857,0.0,0.0,0.30883005,640.68933,230.23814,0.9522821,663.09216,229.33437,0.93802255,635.87683,248.74783,0.82236004,668.1814,248.43939,0.7031563,633.18085,261.86014,0.6331629,666.9004,262.54178,0.5071322,644.6563,265.99826,0.98057336,659.10754,265.37585,0.9781933,644.2695,294.87347,0.96823514,655.816,294.55728,0.9600619,647.1989,323.99164,0.95223886,654.24457,323.0853,0.9435581
521.7953,198.32509,0.8698123,523.91473,195.74731,0.7379649,519.1336,196.13678,0.8369932,0.0,0.0,0.4700512,514.63,198.27277,0.73104936,531.58875,212.1496,0.96300685,510.00958,213.55266,0.9833757,533.07495,228.8758,0.7244618,508.1095,230.9663,0.899006,524.1168,232.44215,0.6512072,515.6643,233.3275,0.81952506,530.12695,252.13164,0.9619622,516.1098,252.86885,0.9759143,528.60815,285.23016,0.90827775,517.02747,285.73148,0.9382678,528.1198,315.95688,0.83927655,520.005,316.5332,0.87817466
0.0,0.0,0.18196733,0.0,0.0,0.06777987,0.0,0.0,0.18248081,0.0,0.0,0.17386904,167.1224,207.07309,0.60971826,144.98398,223.88023,0.798968,165.77977,226.61003,0.88079804,0.0,0.0,0.3599749,162.29886,249.99483,0.6452337,0.0,0.0,0.24925698,0.0,0.0,0.44133016,146.57504,268.2509,0.9131555,160.77808,269.65665,0.93666375,147.79567,299.89246,0.91413635,160.70604,300.895,0.9373405,145.28247,331.88455,0.9163476,157.36205,334.18625,0.9340591
0.0,0.0,0.4772222,0.0,0.0,0.4961795,0.0,0.0,0.23113489,403.93607,211.05345,0.5771883,0.0,0.0,0.13153586,410.29556,225.37418,0.8957315,397.9993,225.4253,0.73774844,416.19403,245.87181,0.73895955,0.0,0.0,0.2941754,412.9617,264.43802,0.6051364,0.0,0.0,0.2627272,410.4937,263.84598,0.90032357,403.10693,263.78125,0.8353329,408.60248,294.96173,0.8659169,402.72653,295.0149,0.7675899,413.02158,324.69153,0.8209053,409.35645,323.90198,0.73357373
