0.0,0.0,0.29736233,0.0,0.0,0.36408725,0.0,0.0,0.063439935,612.4685,194.85808,0.9397335,0.0,0.0,0.31307632,609.8006,215.49301,0.9925875,636.6253,214.67345,0.97132236,604.8176,244.7484,0.96420103,639.21844,243.17213,0.63589865,600.16455,270.05823,0.8595027,0.0,0.0,0.4225065,612.2236,266.83337,0.9954411,633.0398,266.18872,0.99023646,596.82825,304.99283,0.99254096,636.13934,305.03214,0.97942847,594.39233,344.14883,0.98490775,647.978,342.7079,0.9681419
0.0,0.0,0.32612506,0.0,0.0,0.21615799,0.0,0.0,0.08447977,729.7214,159.40225,0.7608079,0.0,0.0,0.3680905,717.2876,183.83904,0.98841023,772.3898,181.99261,0.9790219,696.02026,217.34918,0.964703,781.56555,218.87796,0.9135948,710.0517,236.08609,0.89854497,771.81213,249.13731,0.8132712,722.72394,258.38577,0.9972006,760.6532,257.80496,0.9959811,717.7475,318.8421,0.993324,767.4181,315.12683,0.99120575,722.60675,372.9856,0.9696452,780.892,365.7796,0.9663883
0.0,0.0,0.3568256,0.0,0.0,0.089736514,0.0,0.0,0.38313293,0.0,0.0,0.27218658,96.13887,193.45459,0.90583676,69.79334,212.0574,0.970509,98.55519,213.96886,0.9898846,61.81093,235.76363,0.64952064,104.39007,239.83116,0.9261078,0.0,0.0,0.4414685,106.87467,256.4607,0.7587847,71.691765,263.41324,0.98874354,91.03315,264.0366,0.9937815,70.41793,298.58954,0.9799801,89.16462,298.63953,0.9887489,73.163574,332.2828,0.9646803,90.56062,334.13184,0.97655755
284.93628,189.43607,0.9582461,287.90573,186.17819,0.8834313,281.39163,185.99883,0.9477837,291.42615,189.54529,0.5223517,274.68106,188.75969,0.85530096,296.38336,211.32047,0.9884934,266.0501,211.31335,0.9968003,304.2431,235.5034,0.91358453,260.18164,237.21419,0.98397034,309.0525,258.20526,0.89013857,263.87872,260.87967,0.9658518,294.57587,259.07626,0.99432737,275.4742,259.56448,0.9971361,295.4877,295.94852,0.986686,279.1643,296.12885,0.9925175,293.16818,330.5998,0.9703499,279.9701,330.9718,0.98080647
0.0,0.0,0.17072015,0.0,0.0,0.06899122,0.0,0.0,0.13078925,129.15277,191.69077,0.5408438,146.54475,191.92665,0.7872127,120.25195,213.38419,0.9824636,154.48676,214.17438,0.9921508,111.77698,239.74924,0.85960126,161.2341,242.48212,0.94836414,113.54174,252.93217,0.6608899,160.23619,262.02902,0.80282366,126.42394,265.47183,0.99501,149.4303,265.5922,0.9966371,123.76267,302.2921,0.9886395,145.61398,301.9552,0.991074,126.240715,335.44592,0.9749086,146.12154,335.5016,0.97859436
813.4068,140.77306,0.52473813,817.4615,135.8307,0.67042804,0.0,0.0,0.1307896,829.49896,137.0045,0.86041355,0.0,0.0,0.09436206,826.92883,169.76112,0.9504244,851.6807,165.0926,0.554284,799.62885,221.73808,0.90291214,0.0,0.0,0.16648938,779.8051,258.5267,0.7970749,0.0,0.0,0.1995881,837.8036,262.8201,0.84452766,852.77545,260.4662,0.58601433,842.794,330.46573,0.7460007,0.0,0.0,0.44250977,0.0,0.0,0.46118996,0.0,0.0,0.27784324
351.68518,201.30922,0.86422753,353.11835,198.82556,0.6552638,349.2855,198.56401,0.8376264,0.0,0.0,0.4143291,344.21252,201.02782,0.80677664,351.25333,219.0948,0.96806985,340.5111,218.59213,0.98791933,353.10202,237.42143,0.77007765,338.44586,238.24362,0.9385494,355.57135,237.3189,0.709924,342.6396,243.62955,0.8774769,347.4568,261.48517,0.98297495,341.47217,261.41406,0.98965085,345.3219,296.59366,0.9730769,346.69244,296.37756,0.9825168,339.05225,330.89044,0.95501626,343.5093,330.80536,0.96732205
0.0,0.0,0.116658494,0.0,0.0,0.12772563,0.0,0.0,0.03720257,197.98967,187.55818,0.8271495,0.0,0.0,0.36733383,192.27681,207.20963,0.9840136,222.69125,206.42288,0.9687344,182.06421,233.0663,0.9322187,230.12926,231.10388,0.76189095,177.53508,252.24641,0.7651926,225.20833,247.18481,0.5149497,195.67581,257.23676,0.9936534,215.29045,256.85144,0.99078697,194.0358,296.37317,0.9885798,211.8831,296.8356,0.98026615,192.72484,335.96704,0.9736815,208.18083,335.636,0.96055526
0.0,0.0,0.15266755,0.0,0.0,0.098688826,0.0,0.0,0.042491626,408.5544,167.33821,0.5938972,0.0,0.0,0.2541853,400.47775,193.93394,0.96904165,445.8552,190.67696,0.9324091,390.21683,233.94812,0.94065195,459.29214,225.12613,0.83298904,394.8214,262.22247,0.8618454,456.8673,244.7661,0.7353485,409.0296,268.08853,0.99549156,437.21143,267.64755,0.99302554,414.6344,321.52875,0.9933195,430.77994,324.28903,0.9905764,418.53497,374.20905,0.9795757,426.74817,379.3484,0.97544336
244.92519,205.62804,0.8467686,246.65332,203.08765,0.6836688,242.5108,203.13661,0.8193997,0.0,0.0,0.38944703,238.00447,204.54854,0.7127096,249.99905,218.8632,0.9390643,234.23518,219.17001,0.97177,255.56564,232.09683,0.65354836,233.77538,234.40286,0.86801744,259.5005,238.64001,0.6074391,239.8402,241.42844,0.7915688,243.48018,253.34062,0.94927335,233.6017,253.37671,0.9676082,241.65938,281.77338,0.93112266,232.04526,281.74307,0.9543038,239.96078,311.3822,0.9123701,228.7837,311.7878,0.93514013
663.608,207.77388,0.8979871,666.43646,204.95299,0.87754196,661.37036,205.15428,0.7823656,672.19135,206.35162,0.7424096,0.0,0.0,0.4328383,680.0945,222.00276,0.97334814,654.6026,223.33345,0.9576491,685.1184,241.5563,0.88704133,649.3164,243.91264,0.74999875,683.15466,258.21057,0.8224252,653.42834,260.4097,0.68483657,678.8635,261.06058,0.95785993,662.1469,261.627,0.94597584,681.9698,290.66962,0.9137791,661.53705,290.8247,0.8813923,684.43524,318.8396,0.85112596,663.7398,318.13867,0.8140003
