0.0,0.0,0.16003014,0.0,0.0,0.16755466,0.0,0.0,0.030903287,353.4423,113.03075,0.84046173,0.0,0.0,0.1946127,340.90527,156.52635,0.973756,405.22906,155.32652,0.8381957,322.838,215.60475,0.9328507,0.0,0.0,0.47920915,335.04285,217.72783,0.81197846,0.0,0.0,0.37186834,349.82858,272.2042,0.98466915,391.0405,271.5261,0.9609141,357.19382,387.2396,0.95585465,376.88696,389.17755,0.89801013,373.4038,468.10162,0.7561063,370.63748,471.64734,0.63964564
786.0875,87.55413,0.9870357,787.72345,78.33323,0.8681477,774.49835,78.9927,0.9863077,0.0,0.0,0.18469368,745.1017,87.22898,0.951864,794.24316,143.27893,0.9736606,718.9269,142.44266,0.9950236,800.5765,215.8292,0.87379956,729.6579,219.4582,0.9865281,794.5185,203.88133,0.8287702,787.1472,206.3453,0.97163683,789.9934,280.03204,0.9824347,731.64984,281.35242,0.992073,820.32855,392.88058,0.8808039,721.32855,390.28964,0.94358,0.0,0.0,0.4375903,685.74805,463.77115,0.5553733
0.0,0.0,0.10596685,0.0,0.0,0.060057454,0.0,0.0,0.06714767,189.64258,201.28267,0.56244904,203.34738,201.23914,0.6004399,181.6406,218.20425,0.9773801,210.39952,217.83684,0.9834321,170.85219,240.73978,0.877947,220.09952,239.08215,0.90157133,166.88356,259.94717,0.675717,221.00891,256.91208,0.69960314,187.73846,258.29843,0.9920032,205.9576,258.42694,0.99290836,187.42844,287.96155,0.9782361,204.37282,288.20383,0.9778877,188.26515,314.69547,0.9543341,201.122,315.05502,0.9533703
616.53265,171.92601,0.96620977,620.7254,168.40643,0.8368716,611.1835,167.69868,0.9626741,0.0,0.0,0.45882583,599.19073,171.7083,0.91663146,624.8809,206.24414,0.97441757,586.11224,207.89575,0.99651295,632.1535,244.79555,0.80064094,577.98047,247.66692,0.9845046,631.8498,241.45976,0.72441834,589.3196,231.45593,0.956759,617.83264,283.23206,0.9899957,596.4651,284.9162,0.9962851,605.4982,338.87808,0.9847013,608.61255,344.08392,0.994643,579.2748,388.33652,0.96333474,611.5162,399.0726,0.981447
686.19916,180.13617,0.9218599,689.108,175.8011,0.67115283,681.2688,175.18451,0.9508001,0.0,0.0,0.13702683,669.0942,175.61595,0.914469,691.84314,204.18369,0.9062163,654.9695,200.99095,0.9898419,0.0,0.0,0.39590457,638.5052,231.64252,0.96516645,0.0,0.0,0.40242273,645.5489,237.10435,0.917942,686.8697,273.4116,0.9601061,663.7025,273.36166,0.98824024,689.34766,328.0758,0.9380172,675.4129,328.37296,0.981055,678.42554,381.164,0.88404447,669.38196,381.79825,0.9497842
0.0,0.0,0.11551924,0.0,0.0,0.076342136,0.0,0.0,0.0771949,0.0,0.0,0.43571228,0.0,0.0,0.44514057,227.38959,232.34082,0.9484668,242.60237,231.90689,0.95096266,225.62813,245.3413,0.71053624,249.48659,245.22409,0.72976416,0.0,0.0,0.4741387,0.0,0.0,0.4842763,231.08327,258.08685,0.9688492,241.90425,257.93365,0.97029704,231.39125,277.0895,0.92190915,242.96634,276.783,0.92530155,232.4803,294.07462,0.8814065,244.1631,293.75595,0.8861899
0.0,0.0,0.1806289,0.0,0.0,0.09546656,0.0,0.0,0.13927217,0.0,0.0,0.42353112,300.81345,211.46881,0.6129446,284.63028,222.70285,0.9515765,304.30127,223.40428,0.96327275,279.91083,237.692,0.7322988,307.27277,238.30481,0.81284034,281.55374,247.67497,0.52067053,306.92307,247.05495,0.60287327,287.36224,252.87572,0.98289526,300.7871,253.448,0.9848859,287.34824,276.40897,0.9751972,300.2694,276.97253,0.9764088,288.01703,298.80316,0.9653777,300.67767,299.57507,0.9660512
481.61722,213.50415,0.8875571,484.1839,211.52057,0.8247051,480.03433,211.30984,0.81222504,487.8433,213.75186,0.6314996,476.73303,213.24728,0.5824449,489.92935,226.6451,0.97069824,472.122,226.13841,0.97584325,488.4152,240.4506,0.8565277,466.6091,238.64891,0.87037843,478.6425,236.91646,0.80403954,471.49802,234.73457,0.81397307,485.0513,257.76932,0.9664773,473.3401,257.52777,0.9696019,482.8786,283.86307,0.93815744,471.81705,283.4941,0.9379831,483.31036,307.39075,0.9001565,473.26382,306.58453,0.8992503
0.0,0.0,0.2549414,0.0,0.0,0.11805467,0.0,0.0,0.22311921,0.0,0.0,0.3300564,99.1412,220.40105,0.67247224,85.921425,230.03325,0.9400284,101.08053,231.03459,0.9663303,80.15308,242.15749,0.6584342,102.63326,244.74353,0.8479042,0.0,0.0,0.47585285,102.06255,256.25354,0.67018396,85.89688,255.11763,0.96908724,96.011345,255.42032,0.9779197,84.52202,273.99338,0.9438587,93.26357,274.21652,0.95876926,83.70417,290.74585,0.9180845,91.68869,291.5681,0.93411297
0.0,0.0,0.121346794,0.0,0.0,0.0895431,0.0,0.0,0.08387964,0.0,0.0,0.48406225,0.0,0.0,0.4220743,142.89285,227.89984,0.9544481,160.0803,227.54926,0.95288825,137.06636,241.30501,0.72843266,164.80576,240.73717,0.71779805,0.0,0.0,0.47789377,0.0,0.0,0.4634976,145.19112,253.099,0.97388554,156.1366,252.83678,0.97396445,146.27336,273.04892,0.9423115,154.51105,272.8666,0.9418784,147.5978,291.247,0.9192901,153.46986,290.9426,0.9192413
0.0,0.0,0.27741444,0.0,0.0,0.18083857,0.0,0.0,0.18391892,116.2665,218.98486,0.52506405,122.968,218.74034,0.55155766,112.05272,229.2301,0.9644162,127.29777,228.89673,0.96708214,108.17881,242.02695,0.8153458,133.18913,241.83281,0.82004446,106.31072,254.25166,0.6457058,131.43436,254.46246,0.64829504,115.33542,252.81807,0.9808669,125.48308,252.82536,0.9815438,115.58114,271.71127,0.9658878,125.23444,271.74283,0.96463835,116.906624,288.69324,0.94737184,125.54109,288.5702,0.94556814
0.0,0.0,0.18497215,0.0,0.0,0.091673665,0.0,0.0,0.19109799,0.0,0.0,0.08196956,0.0,0.0,0.29309955,0.0,0.0,0.3258659,839.7299,194.09991,0.5886834,0.0,0.0,0.11656281,0.0,0.0,0.42508543,0.0,0.0,0.12825486,0.0,0.0,0.34093308,843.0878,242.26814,0.5337276,841.3083,243.64465,0.67959917,840.3408,284.1998,0.5719554,839.49506,285.1662,0.7037112,839.44073,322.2146,0.58158576,837.64886,323.59216,0.68452334
