0.0,0.0,0.27088472,0.0,0.0,0.2615794,0.0,0.0,0.026420746,506.17734,86.520584,0.93107533,0.0,0.0,0.22603025,503.7793,140.44943,0.99529535,580.5799,136.33775,0.96985155,498.30954,224.41284,0.983373,609.5359,224.35115,0.8073922,497.30246,298.14938,0.921541,596.1705,294.9502,0.6339094,524.44507,292.54782,0.9930742,584.7976,290.89163,0.9833444,478.16855,399.6977,0.9350196,585.0,404.7893,0.8666695,0.0,0.0,0.4390412,0.0,0.0,0.32814175
329.86185,174.73135,0.9665527,333.9007,170.99797,0.9085463,325.951,170.5535,0.9582829,338.6923,174.9366,0.56520736,318.9334,173.57999,0.8602842,343.70874,202.20096,0.9891689,308.03317,201.1024,0.997247,348.7655,234.43733,0.9148363,297.67645,232.99168,0.9865161,350.14508,264.3055,0.88823044,298.21124,265.3212,0.96929616,335.5433,262.84018,0.99412197,313.37833,262.66452,0.99721575,329.61237,309.38336,0.98465085,314.6999,309.128,0.9917223,319.13876,352.88947,0.95713633,310.17337,352.81604,0.9726061
0.0,0.0,0.29722843,0.0,0.0,0.32278973,0.0,0.0,0.085486576,772.93713,163.48802,0.72140086,0.0,0.0,0.1586525,770.23584,189.0322,0.9490055,809.08856,188.51012,0.77553827,763.2151,228.52846,0.87969565,0.0,0.0,0.42903814,758.54816,253.79259,0.7397366,0.0,0.0,0.35095277,775.46124,256.17838,0.9661596,805.0724,256.1421,0.9268701,757.0444,308.53372,0.9635793,808.35156,315.12335,0.92729735,745.7298,358.06403,0.92691296,809.809,368.4312,0.88917345
0.0,0.0,0.13447043,0.0,0.0,0.10943122,0.0,0.0,0.058483567,174.68063,197.00339,0.6976949,0.0,0.0,0.46641812,170.11969,214.14041,0.98173255,195.042,213.29156,0.98242724,161.94211,235.29976,0.91806734,202.09044,236.00224,0.90050274,161.9742,251.99062,0.76494014,205.47546,255.03279,0.7329356,175.68785,256.299,0.9937948,191.31624,256.03564,0.99405634,178.98575,287.70428,0.98548836,190.52866,287.8363,0.9841771,181.80724,319.4935,0.9679231,189.99255,318.63217,0.9656398
0.0,0.0,0.36977166,0.0,0.0,0.13910495,0.0,0.0,0.37342137,0.0,0.0,0.4552152,86.414604,201.08923,0.8909077,67.35899,219.18971,0.9796679,91.49095,218.49117,0.99214774,62.134697,240.50534,0.7402295,100.14027,238.93915,0.93124115,63.11563,256.79013,0.5032481,102.276436,255.70273,0.7568073,72.48758,259.5818,0.98771626,88.33212,259.353,0.99243295,72.56029,289.37967,0.97098136,85.863304,288.93286,0.9808522,74.115364,317.5831,0.9463697,84.766495,317.90567,0.95944774
0.0,0.0,0.12475126,0.0,0.0,0.06238167,0.0,0.0,0.09266685,0.0,0.0,0.44278392,133.65634,202.20546,0.63175285,115.089386,217.9673,0.9630463,140.39093,217.85228,0.9773193,108.56672,238.3223,0.78492486,145.15262,239.40591,0.8821887,108.89283,253.14955,0.554388,145.26341,257.20242,0.67616665,119.40179,257.71112,0.9888207,136.08339,257.6462,0.99119604,119.30948,286.9754,0.97866666,132.82578,286.8536,0.9815145,120.49164,314.55405,0.9615447,130.09123,314.42538,0.96483064
0.0,0.0,0.074367605,0.0,0.0,0.052017257,0.0,0.0,0.040164426,723.3503,173.66081,0.5938508,0.0,0.0,0.49236327,714.4657,194.82497,0.9397683,749.7824,195.88333,0.92863595,702.985,221.67775,0.71894145,757.28827,224.79947,0.6479211,0.0,0.0,0.41022015,0.0,0.0,0.34907782,722.90906,253.71935,0.9761336,745.2933,254.50441,0.97260386,726.54913,301.25247,0.9608013,744.0393,302.0663,0.9509032,728.70575,346.28894,0.91896373,739.7036,346.50064,0.90449417
389.74216,189.72194,0.9031852,393.1004,186.62001,0.8246736,386.56784,186.22516,0.85025823,397.4376,190.60345,0.564029,380.65356,189.37898,0.6374017,401.69727,214.03238,0.9768424,372.0275,213.42809,0.9837589,408.45438,238.56458,0.83621633,360.43164,240.54393,0.88217264,408.41302,251.85056,0.76618326,361.7409,261.5983,0.80536914,394.1883,270.25784,0.984577,376.0074,270.0846,0.98715043,388.6895,313.56586,0.9685489,377.79504,313.4221,0.9708185,382.22592,356.12036,0.940302,376.64636,355.72815,0.9429744
0.0,0.0,0.04536532,0.0,0.0,0.026720887,0.0,0.0,0.02353748,0.0,0.0,0.39710733,0.0,0.0,0.41867712,598.92163,199.14656,0.89944303,635.4737,196.28493,0.90246356,599.8502,240.27257,0.6106664,645.6612,232.39725,0.6371627,0.0,0.0,0.30267572,0.0,0.0,0.322898,604.5705,269.47162,0.9397128,628.6069,268.33105,0.9435298,606.58765,320.18994,0.79426014,627.79663,319.72104,0.80317384,614.0856,362.26,0.60329413,630.345,361.84332,0.61533505
0.0,0.0,0.05704849,0.0,0.0,0.05217935,0.0,0.0,0.036129165,0.0,0.0,0.11286629,0.0,0.0,0.065658845,0.0,0.0,0.22601573,0.0,0.0,0.2266544,0.0,0.0,0.2224436,0.0,0.0,0.20690453,0.0,0.0,0.21241665,0.0,0.0,0.19809726,0.0,0.0,0.3726188,0.0,0.0,0.38164258,0.0,0.0,0.41238585,0.0,0.0,0.41135645,0.0,0.0,0.4030093,0.0,0.0,0.40782613
414.91208,222.62572,0.66120195,416.73474,220.31448,0.59307164,413.40997,220.28816,0.5453605,0.0,0.0,0.43382394,0.0,0.0,0.33182728,423.99307,232.82777,0.9242129,408.58838,233.09503,0.90954715,428.17902,246.06923,0.71820205,407.1814,246.39793,0.6723619,424.35104,250.93732,0.65923816,411.33292,251.07549,0.62265456,418.92468,264.29196,0.95160884,409.40588,264.24118,0.94764227,418.37836,288.71588,0.9213214,410.87274,288.45038,0.9162263,417.60812,311.95908,0.8598574,411.8707,312.0021,0.8539004
664.606,205.62383,0.63165593,666.6045,202.91023,0.61093533,0.0,0.0,0.41225365,670.8025,204.85982,0.59386307,0.0,0.0,0.24482976,674.044,221.78273,0.912319,661.76215,221.8569,0.83245856,675.2853,240.64658,0.6792303,0.0,0.0,0.35490534,665.8284,247.56645,0.5608671,0.0,0.0,0.31099775,670.2055,265.36652,0.9049903,662.439,265.23016,0.86539984,665.702,300.46176,0.87201047,660.9569,300.60095,0.80589736,669.733,334.46313,0.83868366,665.4691,334.1622,0.7804995
