0.0,0.0,0.062408052,0.0,0.0,0.14592125,0.0,0.0,0.0018326732,717.68524,0.0,0.9691292,0.0,0.0,0.034370605,709.2197,75.91864,0.99179196,834.3606,64.363075,0.78076255,668.12085,200.16525,0.979836,0.0,0.0,0.29472774,629.115,292.10007,0.8564806,0.0,0.0,0.19560121,740.49097,318.41843,0.9700492,820.96204,312.7215,0.8764507,0.0,0.0,0.43261334,0.0,0.0,0.17020226,0.0,0.0,0.026376368,0.0,0.0,0.01231014
300.9709,185.96361,0.94927216,303.70447,182.27501,0.88245517,296.93463,182.75473,0.92600787,307.26352,185.82803,0.5937341,290.28848,186.84465,0.8027327,314.97812,210.61375,0.9913292,281.89917,213.43623,0.99603397,324.67368,237.05656,0.9252401,278.09933,244.86386,0.9694928,330.78815,259.74582,0.8825175,277.90796,268.6121,0.933582,310.5882,267.09842,0.9945592,290.73218,268.50778,0.99639267,306.86285,305.78305,0.98375535,293.65253,307.0148,0.98803246,301.20782,341.99396,0.9586789,296.09998,343.76617,0.9673752
0.0,0.0,0.14388868,0.0,0.0,0.047236193,0.0,0.0,0.15140177,0.0,0.0,0.33441192,202.02715,195.2615,0.8212649,177.47076,212.01257,0.9700291,205.7384,213.58699,0.9917305,167.7151,235.54675,0.814708,211.67834,238.85329,0.97040683,170.0288,256.6402,0.6241201,218.18994,261.3663,0.8760878,181.423,259.5119,0.9929022,199.41275,260.3215,0.99639064,181.95251,294.4664,0.98151565,194.59074,294.9605,0.9895046,183.27403,326.9145,0.95684755,191.06085,328.49356,0.9709533
0.0,0.0,0.29254365,0.0,0.0,0.09530201,0.0,0.0,0.29672986,0.0,0.0,0.3769484,85.90921,196.68568,0.874691,63.00115,214.64272,0.973031,89.813095,214.83116,0.9885816,55.79837,239.0209,0.7280564,95.173676,238.18498,0.9196679,57.963375,256.77032,0.50133526,95.69431,254.56299,0.7405097,66.41248,259.92612,0.99082106,84.87705,260.09286,0.99407417,66.993706,294.13834,0.9846794,86.165085,294.05954,0.98945284,65.6423,327.34744,0.9749039,85.64774,328.42526,0.9805822
0.0,0.0,0.17239012,0.0,0.0,0.10394246,0.0,0.0,0.10254035,126.765366,198.75772,0.6276461,139.88077,198.98601,0.6130347,119.73645,217.13101,0.97833306,148.50539,217.54106,0.98371845,109.51576,239.77196,0.84130377,154.67924,241.16406,0.87040687,107.63057,255.7832,0.60822666,155.58691,259.5527,0.637324,124.85751,261.79886,0.99091816,143.23453,261.92712,0.99186677,121.7932,296.04962,0.9780572,138.92284,296.19125,0.97757477,123.639206,328.98337,0.95723027,135.8705,328.8651,0.9561638
364.7294,194.54973,0.9241076,367.4601,191.67938,0.81369406,361.54346,191.46101,0.904988,0.0,0.0,0.45854813,353.887,195.31265,0.7689561,373.01654,215.58635,0.9781456,345.83878,216.75452,0.989988,379.54456,231.8247,0.8632885,336.44202,237.51619,0.95360744,374.87354,223.14175,0.8184081,338.42398,236.46725,0.9139341,367.5721,265.5952,0.98861235,349.6409,266.37775,0.9925095,368.03796,304.8217,0.97996396,349.15262,305.62817,0.9856263,369.49963,339.7687,0.96030545,347.1699,340.90543,0.96838176
0.0,0.0,0.24291576,0.0,0.0,0.24998844,0.0,0.0,0.07405935,562.03595,199.22868,0.82541203,0.0,0.0,0.31646222,559.617,217.64201,0.9846415,583.9527,216.16113,0.96078116,554.4362,241.9784,0.9255217,592.72485,238.79002,0.66659886,548.5046,263.34915,0.772939,0.0,0.0,0.4601186,563.87775,261.02344,0.9903689,580.20215,259.9307,0.9845917,557.5921,296.07727,0.98119557,575.1102,295.54944,0.9655149,557.7471,330.66934,0.9605382,575.54175,329.4806,0.9389178
0.0,0.0,0.19672574,0.0,0.0,0.099784,0.0,0.0,0.09215717,0.0,0.0,0.46687037,0.0,0.0,0.4252995,438.7749,202.40775,0.9456222,479.27493,199.63805,0.9428696,429.80545,235.71494,0.8772204,492.62854,230.07486,0.86554503,432.65726,255.65182,0.77081275,492.3178,254.42305,0.7650814,446.59802,263.01242,0.98918086,471.4922,262.40775,0.9885854,451.09476,309.8512,0.983748,464.417,310.53375,0.98394644,454.59073,354.91968,0.95981956,459.18683,357.14883,0.96110684
271.67514,202.24542,0.874804,273.07788,200.0792,0.61888283,269.4353,199.57448,0.90235144,0.0,0.0,0.21746701,262.9461,201.72246,0.8767437,271.82867,221.00073,0.91985977,255.147,219.24513,0.9849193,0.0,0.0,0.4500952,253.1797,234.77011,0.9340034,0.0,0.0,0.4462317,260.62015,238.15555,0.8706029,266.27774,255.70168,0.9433465,255.96608,255.34169,0.9779729,262.30923,284.33636,0.9276656,256.8414,284.09116,0.97153556,255.7984,311.76117,0.91788137,251.89087,312.19904,0.95858103
0.0,0.0,0.12942013,0.0,0.0,0.028219901,0.0,0.0,0.16507593,0.0,0.0,0.054948308,524.5573,202.39775,0.63733476,507.53366,212.47833,0.7386701,522.36884,214.2265,0.92656755,0.0,0.0,0.3459274,529.0418,230.2533,0.891334,0.0,0.0,0.2966639,529.51373,231.06163,0.7678482,501.5125,251.93048,0.95542854,511.25323,252.34866,0.9804129,500.44135,284.43063,0.9523615,507.17606,284.40598,0.980048,499.44406,315.05585,0.940563,502.47406,316.37708,0.96858907
