344.6188,150.81201,0.9866349,349.7394,144.8236,0.9298822,336.81616,145.97873,0.9750807,356.00516,148.97557,0.62202334,322.52704,151.38293,0.91295,371.8033,187.15858,0.99384403,304.67502,191.94116,0.9984566,396.95392,234.84245,0.95828974,284.38892,241.91904,0.99285805,399.54062,279.9571,0.9331777,291.41586,279.74237,0.9827983,365.8738,289.42914,0.9982691,322.7479,292.8027,0.99908924,366.63278,364.78876,0.9940568,321.64154,373.36908,0.9971324,359.90854,432.26367,0.97112805,321.30267,444.44852,0.9821547
577.0238,150.8727,0.9627894,580.67786,144.83365,0.79596126,570.89935,143.94768,0.9526264,0.0,0.0,0.29225752,551.2471,144.38914,0.89321977,586.125,184.0671,0.9665542,518.52924,177.32106,0.9950831,594.3559,238.35188,0.8631973,490.10934,218.7332,0.98534966,598.47363,289.27557,0.8350239,504.3605,244.91913,0.96944267,565.515,285.9546,0.9890042,519.1886,283.0012,0.99503314,567.24615,363.0952,0.9723684,510.8255,354.77,0.98800254,561.68964,428.70853,0.90146357,502.32648,413.77377,0.94260186
0.0,0.0,0.33767235,0.0,0.0,0.18393654,0.0,0.0,0.19413413,753.53595,199.19792,0.7539018,773.63495,200.77931,0.78218085,741.10394,225.78018,0.99161494,782.20294,228.75197,0.99048364,729.8333,262.90503,0.9189076,795.1184,267.69644,0.88295317,725.4595,297.71417,0.7405352,792.334,298.55386,0.6569671,743.4191,294.2975,0.99373627,769.84784,295.28265,0.9933037,742.2358,341.65714,0.98355585,765.025,342.61816,0.98027533,748.48846,383.83487,0.9533679,766.4045,386.30856,0.9467333
0.0,0.0,0.069859885,0.0,0.0,0.042582396,0.0,0.0,0.03418432,698.73865,188.71129,0.5793733,717.06836,188.31944,0.5396293,688.96234,211.14471,0.9574738,726.9718,212.08604,0.9466659,676.5356,239.52255,0.7503654,731.77625,246.44969,0.66448104,0.0,0.0,0.4374886,0.0,0.0,0.36292782,694.2002,271.8666,0.988436,720.5016,271.8441,0.9871731,685.8671,322.7386,0.9859536,719.7598,322.91083,0.9827696,678.5269,371.05127,0.9737384,716.2058,371.25665,0.96980333
0.0,0.0,0.03604078,0.0,0.0,0.02152459,0.0,0.0,0.01893703,0.0,0.0,0.41492882,0.0,0.0,0.43969378,605.1715,205.76273,0.935344,641.13617,202.04001,0.9580223,602.25256,248.19174,0.78686416,654.9922,241.8387,0.8818935,601.07135,288.31906,0.5037262,657.4268,280.82578,0.63977623,617.9922,277.00632,0.98423713,640.1781,275.28506,0.9880966,622.4525,332.6019,0.9513267,632.74884,331.08914,0.96109134,623.4901,383.40198,0.8482767,622.2184,380.8722,0.87045807
800.9218,210.20796,0.82847285,803.6712,206.95244,0.8217887,797.9131,207.0536,0.6446535,807.92053,208.1795,0.7312235,0.0,0.0,0.31644124,815.2268,225.13448,0.968387,786.615,227.04706,0.90947837,822.7542,245.95631,0.87969226,0.0,0.0,0.47592637,805.4702,255.55843,0.8067979,0.0,0.0,0.4455761,814.1791,271.11093,0.9606205,794.7754,272.46014,0.9279338,816.837,307.86948,0.9417999,796.9454,309.26834,0.8838993,818.5378,341.41556,0.90204734,801.5154,342.61557,0.8395453
0.0,0.0,0.21872479,0.0,0.0,0.1258401,0.0,0.0,0.16037045,0.0,0.0,0.48160625,453.9066,233.33157,0.59657735,440.16995,243.54218,0.96494085,457.40533,244.25693,0.975066,432.89316,257.20984,0.8139403,462.4117,258.25714,0.8692501,429.89795,269.83975,0.6360388,463.57184,270.38748,0.69742906,442.5083,269.79517,0.9862276,453.49252,270.35898,0.9881727,443.81314,291.75284,0.9755785,453.27832,292.3125,0.97703356,444.63263,312.98462,0.95988417,451.33798,313.71915,0.96122515
0.0,0.0,0.15246636,0.0,0.0,0.08615168,0.0,0.0,0.1335262,0.0,0.0,0.099541806,0.0,0.0,0.22441569,0.0,0.0,0.34003428,850.8191,222.6155,0.5522531,0.0,0.0,0.16687182,0.0,0.0,0.44788355,0.0,0.0,0.16943134,0.0,0.0,0.3621752,0.0,0.0,0.41793612,849.8013,269.01193,0.5455153,0.0,0.0,0.31957597,0.0,0.0,0.44071564,0.0,0.0,0.2764278,0.0,0.0,0.3644477
0.0,0.0,0.050105948,0.0,0.0,0.05829234,0.0,0.0,0.029380117,0.0,0.0,0.08148651,0.0,0.0,0.026118344,0.0,0.0,0.095050536,0.0,0.0,0.101280004,0.0,0.0,0.18664655,0.0,0.0,0.17075132,0.0,0.0,0.22723219,0.0,0.0,0.20939198,0.0,0.0,0.1332473,0.0,0.0,0.14092924,0.0,0.0,0.14099194,0.0,0.0,0.14404123,0.0,0.0,0.1212826,0.0,0.0,0.12665264
0.0,0.0,0.2874551,0.0,0.0,0.1818106,0.0,0.0,0.2552243,0.0,0.0,0.33019438,232.5331,248.3773,0.5167481,226.58435,257.8125,0.93441087,233.99806,257.93903,0.9452529,225.92345,268.63034,0.69118327,238.99084,269.04453,0.79289496,228.66063,274.88727,0.5526717,242.84805,274.86032,0.65137655,228.1084,281.52917,0.96650535,232.6238,281.72208,0.9700593,229.3943,301.03043,0.941515,232.60338,300.8587,0.9494948,228.59422,318.85327,0.90502864,230.33704,319.26843,0.91549873
