0.0,0.0,0.26483965,0.0,0.0,0.08521777,0.0,0.0,0.14995733,0.0,0.0,0.39176205,221.37415,162.37791,0.668451,179.67796,190.61163,0.9745662,228.22313,192.80434,0.9776865,169.81195,239.01567,0.929064,241.71771,236.20473,0.93776333,168.33145,274.62015,0.8418351,229.4419,255.03905,0.86728555,187.6653,271.3508,0.99706084,215.15933,273.31445,0.99709857,208.19286,331.81937,0.99501616,201.62114,338.75217,0.99533576,217.74294,388.65048,0.9836511,183.21869,398.3932,0.98422563
0.0,0.0,0.084496364,0.0,0.0,0.035592534,0.0,0.0,0.0661964,0.0,0.0,0.43666968,389.29663,211.19826,0.69914144,361.46762,229.6488,0.9725566,396.44934,229.81631,0.98138016,353.90668,254.42752,0.8245819,408.18103,254.07846,0.88672036,355.26486,270.2526,0.56957656,404.27197,269.28546,0.644511,367.4708,278.7163,0.9908579,390.18765,278.98166,0.99229336,372.43237,315.5854,0.9738163,391.46817,315.80682,0.9757401,376.02118,350.67035,0.94512063,390.29678,351.64676,0.94722056
0.0,0.0,0.24620251,0.0,0.0,0.13652346,0.0,0.0,0.124183804,0.0,0.0,0.4641177,0.0,0.0,0.40424427,523.55334,212.11592,0.9441216,558.9554,212.37975,0.9105526,506.79422,244.57938,0.87679225,567.41693,237.47728,0.77134717,504.65674,272.1566,0.76724195,561.1992,246.7139,0.66115385,530.0997,270.5597,0.9847074,551.19574,270.98315,0.97942674,537.89124,315.3266,0.98017704,545.7953,316.7957,0.9742226,537.14,356.39517,0.9591563,538.1883,357.90012,0.952041
0.0,0.0,0.17913042,0.0,0.0,0.07002488,0.0,0.0,0.15681878,0.0,0.0,0.44061917,644.7641,198.58997,0.79886687,621.21277,217.93155,0.97620165,652.18616,216.80397,0.9883107,613.88837,242.27219,0.7973577,663.41034,240.06033,0.9209456,617.9719,252.14647,0.55503315,662.20044,250.61746,0.7289423,629.6587,268.20084,0.99096525,649.3026,267.94604,0.9936271,633.58093,307.83365,0.97584176,646.5291,307.516,0.98138523,636.69727,345.2008,0.9467856,641.92487,345.2213,0.9551549
0.0,0.0,0.27327484,0.0,0.0,0.30477518,0.0,0.0,0.08615914,457.70813,201.41962,0.8575022,0.0,0.0,0.31864646,451.38504,222.43199,0.97991794,479.09003,223.19987,0.9370558,434.745,240.60269,0.88481265,0.0,0.0,0.4671909,431.74667,248.5925,0.6830249,0.0,0.0,0.2950152,457.0438,272.00174,0.97998846,474.01392,271.95316,0.96401954,459.53473,309.8398,0.96280026,473.75818,310.25146,0.92589086,463.15842,346.56027,0.93462676,472.33508,346.04263,0.893303
0.0,0.0,0.075553775,0.0,0.0,0.043106318,0.0,0.0,0.053178582,0.0,0.0,0.42293715,702.3559,207.11626,0.5437649,680.7806,222.0713,0.9500591,708.6818,221.79604,0.9625138,673.9411,240.53447,0.81398875,713.6015,241.48792,0.8743344,675.55304,256.35236,0.597455,715.55536,258.9503,0.6799446,685.1664,256.5997,0.985465,703.2054,256.6078,0.9874987,690.3652,281.5904,0.9686271,703.6628,281.67618,0.97118104,692.4513,304.97073,0.94722366,701.93396,304.96652,0.94994974
406.0336,189.69563,0.7968418,408.9821,186.6121,0.835319,0.0,0.0,0.4945143,415.99075,187.3808,0.8460483,0.0,0.0,0.20883329,423.34033,205.8777,0.9729874,407.55914,206.22362,0.8980754,423.7677,227.23442,0.9118792,0.0,0.0,0.4332691,411.8716,231.09697,0.8329393,0.0,0.0,0.4015661,421.81622,255.44821,0.9612939,411.86017,255.44356,0.9184822,424.92917,294.37512,0.94217235,416.76746,294.29977,0.8660816,430.34265,330.11963,0.88840765,422.2577,328.54333,0.7990385
0.0,0.0,0.09612393,0.0,0.0,0.0421433,0.0,0.0,0.07677134,0.0,0.0,0.19264631,0.0,0.0,0.43342718,144.95656,219.36229,0.8399465,163.95038,220.60602,0.89602804,0.0,0.0,0.48031932,160.77472,242.94142,0.66859645,0.0,0.0,0.3070909,0.0,0.0,0.43689883,145.38998,262.07132,0.94965315,158.31682,262.84567,0.9597666,142.96289,296.48492,0.9277537,155.27948,297.31314,0.9391255,138.59355,329.77884,0.9034736,148.41194,331.23578,0.91510814
509.5457,200.12596,0.75992835,511.4767,196.99274,0.56523114,506.08664,197.02892,0.8008849,0.0,0.0,0.1976214,498.61145,199.051,0.72465926,514.869,216.55418,0.85146624,489.23993,216.74141,0.9241877,0.0,0.0,0.36456802,484.84177,240.69751,0.70973814,0.0,0.0,0.3185141,497.60406,254.02428,0.58562535,511.55112,260.90796,0.8300037,494.45883,261.6635,0.8746388,509.10764,295.67804,0.54684913,494.9559,295.92953,0.6409879,0.0,0.0,0.379452,0.0,0.0,0.45409894
821.98737,225.31332,0.61403364,0.0,0.0,0.39322376,820.54364,223.62704,0.6252603,0.0,0.0,0.23163018,816.535,224.29475,0.6676983,818.21234,233.02684,0.9437219,811.8051,233.1849,0.96508515,820.44604,243.81978,0.70334345,809.04596,244.76793,0.8759571,822.5175,248.23427,0.6282454,813.884,249.83105,0.7953962,816.9878,255.6141,0.9573878,813.37994,256.19263,0.9666868,820.30743,272.61755,0.9172373,815.8406,272.8894,0.9379917,819.0556,290.04736,0.8837194,813.60986,290.98038,0.90660924
0.0,0.0,0.05688329,0.0,0.0,0.046389975,0.0,0.0,0.032948747,0.0,0.0,0.13713773,0.0,0.0,0.07485096,238.17415,210.01602,0.5375411,0.0,0.0,0.38629612,237.5537,233.8387,0.5016487,0.0,0.0,0.28503504,0.0,0.0,0.41267478,0.0,0.0,0.26103112,233.55647,259.41766,0.8731096,235.93845,259.35092,0.82762253,237.89427,306.69357,0.91539574,235.36797,307.07852,0.88064134,236.80534,348.1939,0.90234685,229.71,348.8265,0.8741512
