0.0,0.0,0.35657644,0.0,0.0,0.44767597,0.0,0.0,0.055791736,468.4237,52.5454,0.9493905,0.0,0.0,0.1982839,448.9532,111.77504,0.9832755,531.61163,107.6447,0.8624951,414.22513,187.72404,0.91530716,0.0,0.0,0.3351317,448.5745,199.98926,0.7534058,0.0,0.0,0.22928005,457.0255,267.2872,0.97674066,510.49982,265.32498,0.933672,456.59302,412.65128,0.8948474,496.9167,413.99377,0.7495374,0.0,0.0,0.46174398,0.0,0.0,0.31034458
0.0,0.0,0.12760328,0.0,0.0,0.13671607,0.0,0.0,0.041681565,767.12427,188.651,0.8414167,0.0,0.0,0.3641654,760.5225,209.7403,0.98972005,793.94684,209.77002,0.9834747,747.77704,237.72299,0.96280324,803.3133,236.3131,0.87615603,739.35565,260.17136,0.8623438,803.8427,255.84381,0.6850346,763.99664,261.02567,0.9963483,783.866,261.08762,0.99506193,770.4607,302.03925,0.9907099,780.72626,302.80984,0.98468,777.2444,343.28336,0.97499245,777.24603,343.52518,0.9637418
0.0,0.0,0.12984896,0.0,0.0,0.09901363,0.0,0.0,0.06414528,221.0497,194.97592,0.7290976,235.55904,195.01581,0.5755099,212.7393,213.80756,0.98422366,243.83655,214.751,0.98400486,200.8084,236.26648,0.90677726,252.05412,239.82814,0.87874895,198.02724,255.19292,0.71005774,253.00845,260.01343,0.65534216,218.42953,261.05942,0.9929803,237.73953,261.64716,0.9928871,220.29225,294.33685,0.9819993,235.11606,295.25107,0.9790556,226.24129,326.8431,0.95962644,235.70444,327.44162,0.9545172
662.74,206.62115,0.8927209,665.50055,203.82976,0.8771247,660.93915,203.9405,0.7122855,671.81433,205.20284,0.8060731,0.0,0.0,0.35965568,676.54956,220.63538,0.9882017,656.4565,219.03354,0.97740614,672.9929,239.59647,0.9517649,645.72504,232.76132,0.8097913,656.5956,233.23424,0.9191613,651.55347,221.96577,0.76923454,670.4355,260.46918,0.9887228,657.0204,259.27994,0.9831648,668.0807,292.5746,0.98020715,653.24927,291.43906,0.96477747,666.9789,322.7158,0.9551584,652.8992,320.65225,0.93162775
553.5271,133.47763,0.9132406,558.8592,128.4767,0.83685553,548.80676,128.26396,0.8099245,564.33276,135.74376,0.6207829,541.16956,134.78893,0.5369928,571.4266,174.67403,0.9735744,528.49646,172.39253,0.94045883,574.7874,224.15857,0.9108762,523.7589,220.56038,0.77706236,566.3304,218.87715,0.84410506,560.4988,214.16743,0.7230612,567.7025,268.1833,0.9775808,537.47,268.90005,0.9658769,570.53986,353.32047,0.96039593,543.502,354.65988,0.94258493,581.2624,428.99985,0.86279535,551.904,427.9494,0.82971776
0.0,0.0,0.16383097,0.0,0.0,0.09767168,0.0,0.0,0.15257326,0.0,0.0,0.43282312,90.41983,220.2623,0.62143046,76.026985,230.01997,0.9667932,93.209564,230.96135,0.97386205,69.828094,243.25453,0.74710935,96.108986,244.38268,0.84436077,69.64173,255.25436,0.5325122,95.28828,256.72906,0.64232117,76.57314,254.44409,0.98275226,87.98949,254.7089,0.9851541,76.96087,273.62247,0.9657894,86.75765,273.81525,0.9713155,75.782074,291.86246,0.9520268,84.070786,292.272,0.9582927
0.0,0.0,0.12857404,0.0,0.0,0.07874914,0.0,0.0,0.08207601,0.0,0.0,0.491131,0.0,0.0,0.46485233,109.592186,230.4977,0.97444034,126.99007,230.64217,0.9751966,105.48684,243.92317,0.8113979,131.55399,243.8749,0.8241321,105.210106,255.42732,0.5959496,131.30988,255.5667,0.603372,112.28324,255.0226,0.9888758,123.84433,255.08679,0.9890932,112.68537,274.23395,0.9759758,122.32571,274.03995,0.9765329,113.12215,291.8419,0.9632478,121.49414,291.72858,0.9641413
0.0,0.0,0.14824267,0.0,0.0,0.11451996,0.0,0.0,0.06936502,336.90833,208.61476,0.54907686,0.0,0.0,0.34446886,334.05502,221.40604,0.96280754,353.36655,221.12259,0.9498304,329.76703,237.62306,0.8598822,356.96222,239.69092,0.7628734,328.778,251.43355,0.68435407,357.21066,255.5444,0.5734063,338.45096,255.01134,0.9873841,351.27853,254.70573,0.9856419,338.11612,280.89264,0.9784944,348.2628,280.74817,0.9730585,340.75555,306.8425,0.9623751,348.88046,306.29507,0.95547414
0.0,0.0,0.14106849,0.0,0.0,0.096007586,0.0,0.0,0.10006651,0.0,0.0,0.49627185,0.0,0.0,0.4813764,142.73492,227.39696,0.9684853,159.44563,227.51465,0.96874815,137.20308,241.61574,0.8010894,163.36987,241.86473,0.8112533,135.74062,254.19089,0.5824535,162.40918,254.80066,0.5903414,144.11462,254.03642,0.9828256,154.94075,253.94751,0.9832675,145.11256,274.7308,0.9531443,152.72163,274.72504,0.95418483,145.82744,292.8292,0.91424215,150.93918,292.73874,0.9159497
0.0,0.0,0.04025555,0.0,0.0,0.040630493,0.0,0.0,0.026238434,0.0,0.0,0.11252411,0.0,0.0,0.05732192,0.0,0.0,0.18465772,0.0,0.0,0.16708687,0.0,0.0,0.19993263,0.0,0.0,0.1576892,0.0,0.0,0.19530214,0.0,0.0,0.16031925,0.0,0.0,0.3044884,0.0,0.0,0.29841468,0.0,0.0,0.36724553,0.0,0.0,0.351398,0.0,0.0,0.4084566,0.0,0.0,0.40105793
0.0,0.0,0.07209959,0.0,0.0,0.07084706,0.0,0.0,0.031590234,0.0,0.0,0.42971137,0.0,0.0,0.16290046,817.0874,225.22844,0.81949437,834.3653,224.72566,0.6992433,812.16693,241.38562,0.57681394,0.0,0.0,0.31225008,0.0,0.0,0.3640584,0.0,0.0,0.20441628,821.8676,258.6725,0.9057486,832.4958,258.60205,0.871264,825.0787,289.61664,0.8909618,830.63824,289.91675,0.8446896,831.219,320.8602,0.8619763,831.2636,320.16306,0.8212126
0.0,0.0,0.12625715,0.0,0.0,0.07699597,0.0,0.0,0.082417205,0.0,0.0,0.4569737,0.0,0.0,0.43665472,365.71463,234.15314,0.9544103,381.8156,234.29944,0.9569517,362.98367,247.21815,0.70127684,386.24213,246.88382,0.7303513,0.0,0.0,0.46330503,0.0,0.0,0.48087195,367.53806,258.68887,0.9742933,378.71545,258.67578,0.9752436,367.7217,278.63864,0.9506015,378.4748,278.26428,0.9527911,368.14774,298.12897,0.93292576,378.49725,297.9607,0.9355142
0.0,0.0,0.114592485,0.0,0.0,0.060322203,0.0,0.0,0.08970308,0.0,0.0,0.32217297,275.47833,219.63815,0.5159117,262.12567,230.39456,0.9193356,280.24283,229.8601,0.95048726,258.07962,244.88275,0.6997634,285.91757,243.64441,0.8430542,257.2477,255.64226,0.5130118,285.81226,254.59212,0.66500837,267.0422,257.1843,0.9757899,278.92078,257.15292,0.98149854,270.17477,279.51947,0.96096826,279.40768,279.3804,0.9684687,271.6408,299.6436,0.9436697,278.4735,299.26105,0.9512272
0.0,0.0,0.086944684,0.0,0.0,0.066142395,0.0,0.0,0.06284328,0.0,0.0,0.16981615,0.0,0.0,0.1607692,0.0,0.0,0.48799643,851.06006,228.69699,0.5270724,0.0,0.0,0.29101634,0.0,0.0,0.31934348,0.0,0.0,0.24653022,0.0,0.0,0.25686073,844.02527,261.80942,0.68188214,849.43964,262.32962,0.70681036,845.32733,294.9343,0.66079885,849.35046,295.3944,0.67382234,848.8978,325.96185,0.66738206,849.3256,326.53583,0.67870635
0.0,0.0,0.38803568,0.0,0.0,0.32998025,0.0,0.0,0.252519,0.0,0.0,0.38553926,0.0,0.0,0.217273,196.64098,232.73773,0.89322025,190.5952,232.61862,0.8743827,196.61197,244.50018,0.6757744,187.56064,243.89647,0.5847206,191.62433,251.00415,0.58092105,186.18587,250.52278,0.5031527,193.99135,257.13974,0.9532117,190.55792,256.8943,0.94876873,191.56042,277.14877,0.94230336,188.80429,276.84174,0.93519944,190.17206,296.00934,0.9247008,187.738,295.41,0.9179995
0.0,0.0,0.12126752,0.0,0.0,0.10349059,0.0,0.0,0.05396531,303.46927,219.66731,0.5294834,0.0,0.0,0.24770306,300.73602,228.89587,0.9439785,316.45538,228.56516,0.9019157,295.7317,241.94928,0.85015905,322.36743,241.21756,0.64405817,292.93295,253.37852,0.6985463,0.0,0.0,0.4889928,306.17538,254.52512,0.97960943,316.68958,254.48413,0.9720671,304.75555,275.21292,0.97141033,315.5928,275.27466,0.95649874,308.92078,295.74533,0.95600325,319.32773,295.2925,0.9397227
