0.0,0.0,0.2920285,0.0,0.0,0.09515911,0.0,0.0,0.18115546,0.0,0.0,0.44231364,142.39787,146.25676,0.7357742,96.961205,176.65695,0.9683442,148.66505,179.71341,0.98049575,85.01896,230.20634,0.8943396,157.7502,227.78722,0.93731713,81.03087,272.05502,0.7982704,154.343,258.69446,0.86261344,102.83233,266.2767,0.99313897,135.44087,268.78723,0.99430674,116.5733,330.94348,0.9883442,136.24237,338.62518,0.990598,118.08024,386.5567,0.9619673,121.295845,396.68674,0.96649855
0.0,0.0,0.3289868,0.0,0.0,0.16783525,0.0,0.0,0.18280312,439.06354,190.67328,0.5308171,458.16196,190.3375,0.54533345,425.70908,215.21417,0.9707111,465.40915,215.04913,0.95122564,413.3988,251.14938,0.9108001,476.01544,245.61528,0.84296197,413.7555,278.53726,0.79649955,478.36258,258.86612,0.72400063,433.52155,275.62103,0.9915119,457.26337,275.60904,0.98884004,440.8144,321.59747,0.986432,447.82132,323.21634,0.983104,444.20056,363.99344,0.9661297,436.93585,365.66483,0.9609966
0.0,0.0,0.10446974,0.0,0.0,0.052107558,0.0,0.0,0.055153806,346.02493,214.9198,0.6222054,363.33484,214.15134,0.6920551,336.68127,233.30992,0.98542136,373.7005,231.84947,0.98921824,325.189,259.26114,0.90173304,386.45233,258.056,0.9268315,326.46414,280.07834,0.7023543,388.54498,279.18134,0.74293846,344.80225,282.2115,0.99464345,369.83926,281.52524,0.9957027,342.25803,318.82092,0.98201835,374.66443,318.2082,0.9841023,338.6861,355.44766,0.9531703,375.28467,354.8183,0.9575759
0.0,0.0,0.0817559,0.0,0.0,0.034997355,0.0,0.0,0.06455091,0.0,0.0,0.3662025,617.4143,195.95729,0.662728,593.0279,216.68648,0.95762694,624.30005,216.46262,0.97525454,586.0563,245.04237,0.81178117,630.3619,245.77725,0.90885746,588.5632,266.18774,0.5888782,632.5316,268.14105,0.7247276,600.29425,268.70862,0.99212706,621.17926,268.80133,0.9940555,604.1714,308.39005,0.98640776,622.0489,308.2414,0.9888333,604.52936,346.44003,0.97337824,619.9651,346.59567,0.9767495
551.9459,202.65868,0.9012016,554.24335,199.78033,0.8004415,549.26654,200.11987,0.85287917,557.9541,201.78038,0.54386,545.2165,202.53603,0.6905739,564.0806,218.91608,0.9807403,540.04913,220.54245,0.98967475,570.6468,237.43318,0.87073016,533.3894,240.4811,0.9415068,570.9796,253.69339,0.81975436,535.82587,258.58813,0.8950095,563.43115,259.60602,0.9889419,548.15564,260.61105,0.9922679,564.8608,290.40826,0.98080647,548.7056,291.04416,0.9853947,566.2462,320.15433,0.96457136,550.9132,320.68567,0.9705847
0.0,0.0,0.08855784,0.0,0.0,0.053746376,0.0,0.0,0.057618644,692.583,203.32242,0.51162624,705.2694,203.14386,0.5627865,684.8156,217.76917,0.9677935,711.27026,217.77306,0.9750488,675.0017,235.33287,0.8414205,718.4589,236.52475,0.8709018,674.35156,249.5649,0.6180919,718.36273,251.5434,0.6534213,689.6402,253.67001,0.98965573,706.6924,253.89874,0.9909276,690.62695,280.64743,0.97737235,705.75244,281.1002,0.9777827,691.8287,307.49747,0.95864034,704.34247,308.0108,0.958733
289.88303,212.90166,0.7460042,292.34528,209.46188,0.76810706,0.0,0.0,0.4354443,300.12762,208.59747,0.77341634,0.0,0.0,0.20692891,307.363,223.11235,0.9641711,296.669,222.1138,0.91218317,309.85562,244.47322,0.8803697,291.81845,241.75194,0.54958475,306.378,260.35822,0.797818,288.0136,255.88321,0.50685585,307.2595,265.02457,0.9784032,301.18668,264.03876,0.964732,306.60825,301.634,0.9818279,300.01334,300.53403,0.965886,310.53314,338.1892,0.9759748,302.23587,335.43042,0.9614026
483.83163,202.58002,0.53727263,0.0,0.0,0.41559985,0.0,0.0,0.3897756,0.0,0.0,0.4228259,0.0,0.0,0.37473392,489.7708,217.21423,0.9320809,478.84885,216.8269,0.9125451,496.441,238.01842,0.7235144,483.54407,238.63521,0.60453576,498.37662,248.61238,0.60052514,0.0,0.0,0.49034762,489.78345,256.62888,0.9598961,483.2956,256.63776,0.95310676,488.60605,289.00632,0.94563204,484.28598,289.09836,0.93332607,488.42307,322.5008,0.92306286,485.01645,322.30856,0.9106204
0.0,0.0,0.10718654,0.0,0.0,0.11697505,0.0,0.0,0.03374591,214.79543,214.17018,0.6428134,0.0,0.0,0.17936109,214.59924,228.05972,0.92605335,234.31305,226.22537,0.8283886,211.60472,248.75166,0.78188396,0.0,0.0,0.4044907,208.84592,261.17572,0.5409216,0.0,0.0,0.25677717,221.6054,263.9409,0.93802047,235.39474,263.2164,0.9028513,223.72676,290.59232,0.8767904,239.84387,290.35046,0.80184627,224.93494,317.65628,0.7973649,242.14989,315.88882,0.7226593
0.0,0.0,0.21919791,0.0,0.0,0.18110964,0.0,0.0,0.13602494,0.0,0.0,0.44158545,0.0,0.0,0.2686527,639.7544,224.37712,0.8837943,646.6654,223.27568,0.8380776,639.2141,244.20262,0.5860983,0.0,0.0,0.4309607,0.0,0.0,0.39118716,0.0,0.0,0.28808668,638.0731,259.3796,0.9110608,642.6444,258.7055,0.89541936,637.5862,286.97952,0.8590153,641.28076,286.51895,0.83400524,637.8692,312.37503,0.79719096,640.46063,311.91827,0.772699
0.0,0.0,0.183816,0.0,0.0,0.14515956,0.0,0.0,0.08230403,0.0,0.0,0.4388118,0.0,0.0,0.21036494,173.80676,219.41904,0.9092989,187.40317,219.66893,0.87813723,173.84361,243.32176,0.73601985,193.37195,242.91704,0.5806893,173.07263,252.67418,0.57824963,0.0,0.0,0.43918842,173.5048,263.70593,0.96429414,183.17274,263.53918,0.95857316,169.19069,298.4959,0.9486918,180.89052,298.54245,0.9348472,169.7233,331.77078,0.92506206,180.29388,331.50055,0.9109305
