0.0,0.0,0.08421984,0.0,0.0,0.15003994,0.0,0.0,0.005216633,782.8745,0.0,0.7251793,0.0,0.0,0.011404896,775.1176,64.221466,0.8618292,0.0,0.0,0.3169255,759.7315,204.16168,0.8730597,0.0,0.0,0.11334457,765.8141,330.98642,0.6660954,0.0,0.0,0.099325165,795.0511,357.04654,0.70036227,0.0,0.0,0.37078786,0.0,0.0,0.09243776,0.0,0.0,0.024814472,0.0,0.0,0.012427682,0.0,0.0,0.0049670883
0.0,0.0,0.21851365,0.0,0.0,0.21168414,0.0,0.0,0.075418785,570.95953,199.49852,0.79057807,0.0,0.0,0.36470222,565.5305,217.86598,0.9871104,592.25165,216.5073,0.9764223,556.73114,242.88284,0.95047444,600.829,237.48752,0.8290146,548.6255,263.54922,0.84626496,594.74536,251.1432,0.6529555,569.00806,261.95422,0.99340546,585.44135,261.2454,0.9910287,568.6209,295.3516,0.98421097,578.21783,295.3074,0.9750244,577.33923,327.62292,0.96120125,581.04175,327.38715,0.94580925
0.0,0.0,0.13733657,0.0,0.0,0.08078933,0.0,0.0,0.086561084,129.5106,194.20961,0.5881607,144.638,195.16682,0.60719055,121.41759,212.71965,0.9684172,153.01997,214.1614,0.97876495,110.956795,236.06993,0.8309408,157.17172,237.88327,0.888861,113.71542,251.20064,0.62297547,155.79823,255.05734,0.69263065,122.20657,259.186,0.9909582,143.06007,259.55643,0.99243367,121.98141,293.14044,0.98539364,139.33095,293.4716,0.98605436,120.473404,327.18707,0.9727348,134.6436,327.53088,0.9732816
299.94928,185.6897,0.9457251,303.07318,181.98473,0.90030354,296.13168,182.29973,0.9037924,307.46594,184.77048,0.68621165,289.71457,185.44653,0.7094262,315.108,208.3659,0.99216956,281.24802,210.31032,0.9943341,322.59158,235.28491,0.94495636,275.89746,239.96783,0.9513236,324.34106,258.1051,0.90769595,275.99588,261.651,0.9084759,309.23947,264.3417,0.9949378,288.5667,265.30087,0.9956424,306.5064,302.92963,0.9868324,291.0339,303.78635,0.98702514,300.88922,340.0912,0.96701336,292.83362,341.18317,0.96761984
0.0,0.0,0.12279234,0.0,0.0,0.0455144,0.0,0.0,0.111752294,0.0,0.0,0.3947085,202.30014,194.7299,0.77926034,176.77167,212.24747,0.9765811,207.03111,213.149,0.9925086,165.49863,235.93051,0.8560451,215.85034,237.90582,0.9694706,168.4228,255.93243,0.6691701,221.55591,259.0538,0.86924374,183.18068,260.23242,0.99445033,201.91017,260.8898,0.99692804,183.97252,295.24432,0.98354393,196.23166,295.69913,0.98966134,185.53476,329.09186,0.9602707,190.8195,330.25116,0.97132665
0.0,0.0,0.35125557,0.0,0.0,0.093036115,0.0,0.0,0.3794218,0.0,0.0,0.2894342,87.170685,195.42706,0.90621376,63.120914,213.36647,0.97272635,91.22803,214.70894,0.99272245,55.01767,237.9909,0.6925116,99.44656,238.87572,0.95615786,54.678734,260.42776,0.50030637,105.05761,257.7025,0.83953327,68.31818,260.2848,0.9903454,86.88637,260.793,0.995471,67.64803,293.79373,0.9808004,85.55896,293.66342,0.9908398,67.31009,325.56946,0.9655902,83.54145,327.052,0.9799427
360.39648,195.35231,0.9073478,363.5202,192.69641,0.810871,357.76782,192.31332,0.8665802,367.44354,196.77147,0.53937197,352.40048,195.72833,0.70523506,370.78497,216.76967,0.98012,344.08963,217.25723,0.98922753,376.92596,233.5767,0.86890477,331.88937,239.6392,0.93551564,369.66656,230.11316,0.8210859,332.1735,250.42102,0.88504,363.6178,266.1479,0.9888603,346.81836,266.34244,0.99173635,361.5853,302.42285,0.98005015,348.8074,302.50104,0.98343396,359.24387,337.31876,0.9567016,349.45093,337.27197,0.96181643
0.0,0.0,0.15278861,0.0,0.0,0.08240259,0.0,0.0,0.0763032,0.0,0.0,0.4279034,0.0,0.0,0.37846795,433.85037,195.70981,0.9127789,476.6391,193.26088,0.8986917,423.04013,229.3634,0.8060876,488.57602,221.22916,0.7690232,424.50635,248.37794,0.66589856,491.8068,239.42154,0.63817483,442.85663,255.55516,0.97854656,469.64655,254.99323,0.97635114,443.79156,304.37897,0.9728674,462.09262,305.86505,0.9716517,446.17224,353.80338,0.94182074,455.5979,356.6726,0.94109833
0.0,0.0,0.2000832,0.0,0.0,0.24625926,0.0,0.0,0.050853875,660.2424,188.70052,0.9058154,0.0,0.0,0.3232733,656.6238,212.15085,0.98143756,689.7764,211.3493,0.9458701,646.7713,242.68286,0.9062337,694.38477,241.98401,0.5332266,640.49615,267.91907,0.69360673,0.0,0.0,0.30563554,660.9953,268.10815,0.9843092,683.3036,267.28976,0.97074306,652.24066,306.3425,0.9733496,679.25714,306.20862,0.94044113,651.56036,345.59415,0.94865745,679.27765,343.91364,0.9084044
264.85342,205.0129,0.85776037,266.23755,202.76642,0.6956177,262.32834,202.68726,0.81627434,0.0,0.0,0.41852555,255.88193,204.28438,0.714738,269.14072,218.74355,0.9687243,248.30241,218.00471,0.9826912,273.21088,232.51888,0.7890228,242.95349,231.59743,0.8977021,266.57062,232.48885,0.7270628,251.80159,230.12518,0.8285624,263.32962,254.85852,0.97778124,249.82945,254.73514,0.9835029,262.02695,284.36566,0.9597867,249.64075,284.32272,0.96855015,259.93222,312.1866,0.9266894,249.53189,312.52,0.9388753
0.0,0.0,0.103552386,0.0,0.0,0.0247842,0.0,0.0,0.14509049,0.0,0.0,0.09968895,514.9409,207.22421,0.7516758,491.66553,216.36218,0.7803095,515.51086,218.07376,0.9318145,0.0,0.0,0.2906222,521.29443,232.02626,0.83278114,0.0,0.0,0.1946728,520.4983,232.96455,0.6076721,487.87732,252.32236,0.939873,504.3964,253.20502,0.9699746,490.62567,284.3387,0.9287449,508.6199,284.95197,0.9652534,487.3883,315.6482,0.9164401,506.6932,317.63138,0.9497472
402.5532,224.30052,0.5725542,404.31653,222.19916,0.55212253,0.0,0.0,0.37613577,408.81073,222.81078,0.50933737,0.0,0.0,0.18349396,412.82443,233.50734,0.92262745,400.8927,233.1235,0.88036627,415.44217,245.71513,0.77663517,397.95605,244.68974,0.5852611,410.03333,247.48703,0.7140333,399.67554,246.21367,0.554456,408.84622,262.07574,0.95966125,401.55692,261.71707,0.9499353,407.69574,285.19467,0.94935435,401.6681,284.75934,0.9346706,407.69586,307.30798,0.9146707,402.74088,306.73206,0.89684254
0.0,0.0,0.04375109,0.0,0.0,0.04854417,0.0,0.0,0.016094869,0.0,0.0,0.22173074,0.0,0.0,0.043763362,0.0,0.0,0.4918654,0.0,0.0,0.3797721,0.0,0.0,0.44965148,0.0,0.0,0.256949,0.0,0.0,0.35695297,0.0,0.0,0.22896492,702.5665,268.3918,0.842528,710.9735,266.97592,0.80875117,691.23,321.69635,0.90536284,701.65216,320.62164,0.8730734,686.27466,370.5924,0.8930175,697.34283,368.36353,0.8692711
