0.0,0.0,0.466092,0.0,0.0,0.44333184,0.0,0.0,0.18618551,546.5872,163.58662,0.7440184,0.0,0.0,0.28207368,548.0406,188.21736,0.97182864,571.3486,186.11958,0.88748896,537.0878,222.45271,0.92698705,575.336,216.24872,0.6492171,522.70593,210.71188,0.81004876,568.90826,212.94624,0.52104753,555.4436,250.19067,0.98386455,567.39777,249.38258,0.9683917,552.1455,298.82034,0.9754302,552.38525,300.68542,0.95523304,568.3749,342.62787,0.9399817,546.87244,345.09308,0.91523755
475.27173,167.80447,0.9195383,476.8835,163.66084,0.6096652,471.61374,163.38364,0.92892337,0.0,0.0,0.23219153,458.99414,163.71599,0.9059012,471.9413,187.83006,0.9411547,442.86713,187.78337,0.9938834,479.63513,216.04803,0.7157723,437.1875,219.9007,0.98301667,493.2847,207.19489,0.67921376,470.89862,212.93382,0.95834273,468.72552,255.44875,0.982796,449.6956,256.9904,0.9941433,468.42404,306.67307,0.97313434,455.75305,309.6002,0.9912509,458.94608,356.7368,0.93996304,451.99286,361.74927,0.97038496
772.5235,130.20699,0.7949721,0.0,0.0,0.28829718,768.0592,124.14918,0.843702,0.0,0.0,0.11793167,750.9893,129.14664,0.87915486,756.0647,165.57903,0.8688602,733.0948,164.88863,0.9807811,755.03357,218.43654,0.5607644,727.0499,215.34894,0.96043164,771.3833,245.24734,0.5449566,766.75287,248.24182,0.92157197,754.9115,263.2304,0.9543687,737.513,264.95306,0.9833508,780.23785,337.03348,0.93088543,760.24615,337.10403,0.9752587,776.23596,415.54102,0.83257645,746.5901,414.52466,0.9068293
699.1257,120.48962,0.85896134,0.0,0.0,0.35827875,692.17126,114.116646,0.893814,0.0,0.0,0.11269571,670.81757,123.57093,0.9065357,679.57306,171.17145,0.8531405,652.49994,172.52321,0.9861953,673.8934,235.43056,0.5240654,647.0891,236.28831,0.9687706,703.4495,212.97241,0.52208513,691.32434,220.02635,0.92977244,684.23883,301.84372,0.9142644,664.82245,304.54028,0.97157246,675.957,408.06,0.7360639,664.959,411.16605,0.8933723,0.0,0.0,0.33456364,0.0,0.0,0.49174523
0.0,0.0,0.3901599,0.0,0.0,0.27459264,0.0,0.0,0.24207903,0.0,0.0,0.4002515,0.0,0.0,0.36228532,242.1275,223.75934,0.9262151,245.01369,224.47173,0.9392703,232.01923,243.36905,0.7398528,233.9306,243.10645,0.75345665,223.10864,256.93808,0.6066394,223.22214,255.82523,0.6131329,243.19893,263.9042,0.96164787,245.08409,264.27002,0.96473956,243.85992,296.376,0.91941226,244.52563,296.67,0.9198003,244.00403,324.5712,0.8592091,242.85968,324.82407,0.862751
332.3616,210.20758,0.7064756,0.0,0.0,0.39544296,330.09354,207.7199,0.70828086,0.0,0.0,0.18455249,324.18622,209.41777,0.721401,334.9768,226.11621,0.9279368,316.806,225.69115,0.97685087,337.2991,246.03809,0.6247649,313.0975,246.84601,0.92367667,335.17108,259.05023,0.5706938,319.20135,261.66177,0.8550809,333.31836,266.0736,0.9728074,321.22528,266.35547,0.9857803,333.32413,295.19205,0.9581146,318.904,295.56735,0.97792804,330.57208,322.59985,0.93466926,313.12274,323.51617,0.9589574
93.534676,214.63005,0.7740739,94.915886,212.54984,0.6838837,91.525635,212.61035,0.76456386,0.0,0.0,0.4116831,88.02161,213.57597,0.63175946,100.65002,224.21344,0.97537154,82.38777,224.4799,0.97874314,105.60302,236.48868,0.84663445,76.63802,237.52122,0.8963135,104.17956,244.86458,0.80190855,79.92907,246.21115,0.8507865,97.21916,251.94847,0.9872362,86.13441,252.22502,0.9885334,96.656105,273.31757,0.97473675,86.64386,273.50592,0.9776627,94.219315,293.63202,0.95847744,86.63695,294.1348,0.96249723
703.6889,122.53094,0.80941683,0.0,0.0,0.19320096,696.8826,116.284645,0.91341084,0.0,0.0,0.014067753,674.2261,124.22071,0.9478626,677.9763,164.79343,0.7943458,656.09094,171.49144,0.97229743,0.0,0.0,0.22617163,649.2581,235.51132,0.9389201,0.0,0.0,0.24201094,694.17334,219.3807,0.8508304,685.53394,280.15082,0.69782096,670.7499,286.1875,0.8826763,0.0,0.0,0.07808749,0.0,0.0,0.24545522,0.0,0.0,0.013994878,0.0,0.0,0.039785657
123.23508,207.05849,0.69225883,124.77641,205.10883,0.60325795,122.09507,205.16623,0.51597124,127.34538,206.51726,0.5317795,0.0,0.0,0.36580375,131.88289,217.70598,0.9638954,116.582436,218.44781,0.95060456,136.16101,230.47386,0.87694395,115.28696,231.63434,0.7750967,131.80498,238.90666,0.81938386,119.65666,236.56908,0.71508545,129.26302,246.04134,0.9793584,119.42516,246.4398,0.9750323,130.13269,268.5265,0.9697925,119.959755,268.88608,0.96072525,130.78574,289.0538,0.95140314,120.23426,289.23865,0.94131684
0.0,0.0,0.26941445,0.0,0.0,0.12645184,0.0,0.0,0.23059452,0.0,0.0,0.20104063,0.0,0.0,0.49905136,348.46652,220.3367,0.86262107,354.17667,219.809,0.924033,351.4298,237.3251,0.5280078,358.2999,236.19182,0.77867675,0.0,0.0,0.42158622,360.2105,247.6185,0.6318763,352.67566,251.7545,0.949493,357.07788,251.77687,0.9648909,353.2373,279.91852,0.93476903,357.1375,279.7096,0.95454705,350.23386,306.27747,0.91230065,352.84357,306.08264,0.9327327
258.3767,204.08614,0.88329226,260.8659,201.34305,0.88464683,256.06342,201.74559,0.74394065,266.29916,202.8418,0.80272734,0.0,0.0,0.3973599,275.58502,218.74577,0.9801523,251.56296,220.17459,0.9559383,285.41882,237.48082,0.8990931,248.90012,239.3266,0.6510262,286.53296,256.0491,0.80428535,246.61523,253.64159,0.5517603,272.16287,256.88846,0.9639667,257.13644,257.18448,0.94519347,271.3083,282.57382,0.90677196,253.98186,282.82083,0.8470213,270.6383,309.89783,0.8411778,255.02176,309.70578,0.7760385
593.9649,207.01018,0.5539569,0.0,0.0,0.32593665,591.8355,204.13156,0.6017164,0.0,0.0,0.1757915,586.674,204.5751,0.663035,589.59143,218.85806,0.8353211,581.9991,218.54044,0.9005614,0.0,0.0,0.39021516,583.0994,238.01593,0.72509503,0.0,0.0,0.32975385,592.9986,246.74466,0.59894866,585.58673,257.81342,0.83877426,581.18866,257.90002,0.87667245,584.8345,291.04565,0.7114812,581.36346,290.67694,0.785731,581.009,320.6909,0.5349755,577.77264,321.54245,0.61203605
