0.0,0.0,0.22586486,0.0,0.0,0.1263476,0.0,0.0,0.05335336,359.8211,119.914505,0.7080634,0.0,0.0,0.45599005,344.71597,160.47787,0.986542,411.38385,162.20132,0.97572404,323.25702,218.3466,0.96439195,431.3057,223.19908,0.89775574,304.5197,268.84775,0.9033994,420.91446,271.3995,0.80994457,352.87875,273.4171,0.99709225,396.1512,274.826,0.99564856,344.01688,352.04163,0.9937028,385.11945,356.95453,0.9908336,352.4343,432.84412,0.9654457,384.45474,437.08856,0.9580172
0.0,0.0,0.24586174,0.0,0.0,0.22645432,0.0,0.0,0.07061859,560.6348,176.41032,0.7936887,0.0,0.0,0.31414792,557.71576,198.54459,0.9878275,583.09845,198.6122,0.97826904,546.5482,229.07043,0.9546225,590.01825,230.88057,0.8491985,534.94745,257.01974,0.8611969,588.36615,257.98477,0.6925524,557.98517,255.13594,0.99455607,573.9041,254.35126,0.9929588,552.6212,295.6976,0.98599154,567.18414,295.55493,0.97901744,556.9366,334.64407,0.9615363,568.2577,334.20944,0.9492715
0.0,0.0,0.1822338,0.0,0.0,0.093909204,0.0,0.0,0.13877122,77.5729,207.61629,0.5417477,89.71484,207.65675,0.7327117,68.932175,223.29305,0.97478414,95.42659,223.02419,0.98351145,63.390724,243.55978,0.8194531,101.40449,241.4406,0.8922729,63.295425,260.03687,0.5939635,99.87067,254.97939,0.6886329,72.55475,260.4852,0.9892274,90.22408,260.5925,0.9912293,70.787964,289.3298,0.97764105,87.641335,289.60248,0.9797948,69.98756,316.34634,0.95818895,86.14503,317.06805,0.96056056
0.0,0.0,0.105886325,0.0,0.0,0.04065896,0.0,0.0,0.08339463,0.0,0.0,0.32950625,751.2245,188.66495,0.6758163,727.50006,207.07509,0.95876074,759.3768,205.26288,0.97830385,719.82587,232.86404,0.74656165,772.39136,226.80093,0.8998134,720.35315,246.65718,0.51102716,773.7786,235.74805,0.70247495,733.2958,256.3322,0.98859906,753.1191,255.44221,0.99227035,735.63806,295.24362,0.96968496,749.0041,294.46103,0.97878623,734.23773,331.158,0.9361502,739.4956,330.91635,0.9507085
0.0,0.0,0.15200643,0.0,0.0,0.14625822,0.0,0.0,0.05630749,170.03084,202.62099,0.7356806,0.0,0.0,0.35129344,167.23555,219.59709,0.97991806,190.29327,218.30132,0.9683326,162.54256,239.78468,0.9187907,196.67506,239.76837,0.80386025,161.21146,254.77838,0.765,194.79184,257.33145,0.6037179,172.90681,258.2159,0.99136764,187.53458,257.56198,0.9891874,174.82416,286.8056,0.9829627,184.08905,286.56464,0.9757534,178.10368,315.44382,0.965478,183.63315,314.12616,0.95502126
0.0,0.0,0.15541062,0.0,0.0,0.033233486,0.0,0.0,0.21280591,0.0,0.0,0.18642053,517.35626,191.91168,0.8874009,495.29327,207.01335,0.93932974,521.20386,208.95639,0.98785675,488.33505,229.86267,0.5085495,530.41113,233.17397,0.9467476,0.0,0.0,0.31036386,531.715,249.79086,0.78377664,495.92685,257.04956,0.98349935,513.68317,257.6177,0.99311996,492.73096,295.71634,0.963431,514.4688,295.82614,0.9842561,483.7624,332.0583,0.9319087,506.2451,333.59354,0.9625792
0.0,0.0,0.07702176,0.0,0.0,0.04338618,0.0,0.0,0.042099886,812.88416,192.7059,0.5026291,0.0,0.0,0.48655397,803.977,211.13506,0.9525577,834.76886,213.25185,0.9543104,796.1676,236.53328,0.7627277,836.52527,240.38116,0.746739,0.0,0.0,0.49443886,0.0,0.0,0.46216565,806.88196,262.8466,0.98249465,828.5559,263.9054,0.9821805,800.497,299.71036,0.96216923,829.048,300.8245,0.95641154,799.17957,334.94748,0.9252183,831.07605,336.2849,0.9169442
0.0,0.0,0.16769426,0.0,0.0,0.061341297,0.0,0.0,0.16309384,0.0,0.0,0.32494032,128.32034,208.56424,0.77083457,110.77491,223.08257,0.9633023,132.70355,223.22758,0.9864268,106.149864,241.40526,0.7440583,137.53625,243.61249,0.93610114,109.12931,251.48422,0.53117985,140.44855,257.4055,0.7886107,115.22498,260.27402,0.98967254,130.28358,260.4028,0.99393266,114.983376,287.84174,0.97848004,129.35428,287.66757,0.98639464,115.36373,313.5055,0.96194226,128.50934,313.71548,0.97234154
451.5492,180.99086,0.9059279,454.47162,177.98874,0.82793725,448.04773,178.08916,0.8481419,458.39926,180.83453,0.5986243,441.82806,180.79294,0.6661971,462.40695,198.86975,0.9751018,436.46634,199.67006,0.97783077,468.24066,218.87587,0.8347584,439.2926,220.54921,0.8460097,460.20367,215.42882,0.76705945,456.7378,213.94884,0.7693002,458.21155,246.89285,0.9568688,441.01755,247.54002,0.96036285,453.2879,286.15475,0.8662294,441.62076,286.94028,0.8710781,447.13278,319.01157,0.7140617,441.39,319.92703,0.7221766
0.0,0.0,0.05309227,0.0,0.0,0.07104469,0.0,0.0,0.01340214,689.28625,171.5259,0.7478015,0.0,0.0,0.15214914,682.4715,196.23456,0.9632021,715.545,196.33052,0.8732447,670.4912,229.71666,0.92610854,715.592,231.1998,0.51483923,667.505,253.32225,0.74287087,0.0,0.0,0.3096334,683.6676,259.26718,0.9872613,704.59125,259.12054,0.9734751,684.7604,306.20642,0.9791008,695.15216,306.9621,0.94898546,696.7708,350.5054,0.9459179,698.97174,350.797,0.89727
0.0,0.0,0.39478722,0.0,0.0,0.08691418,648.88806,207.4764,0.52602255,0.0,0.0,0.06185808,644.16156,208.09482,0.8310883,630.8543,216.99551,0.8296581,638.6899,218.8625,0.97555375,0.0,0.0,0.36437404,644.14526,230.92236,0.95797884,0.0,0.0,0.35445553,652.45953,225.98126,0.89308643,624.80865,251.2486,0.96006596,630.08405,252.26987,0.98693883,628.6187,281.33884,0.9467086,632.49603,281.8616,0.98345584,622.6808,309.15186,0.9306496,624.90204,311.1372,0.9704551
