587.7634,114.685234,0.97362876,592.0712,109.37443,0.815894,580.6054,109.06444,0.96347725,0.0,0.0,0.40674236,563.87854,115.24466,0.92001104,600.37024,160.42743,0.9881594,547.6023,165.00554,0.998302,612.3667,222.1089,0.9209612,532.21625,230.16913,0.9945746,619.609,264.3558,0.8787564,536.3957,286.82993,0.9836278,603.1736,269.9501,0.9978672,568.7568,275.5709,0.99922013,610.5689,344.02307,0.99479276,579.44025,357.752,0.99820745,592.8693,416.1113,0.9784385,568.64124,439.1127,0.9891817
0.0,0.0,0.062260505,0.0,0.0,0.026434977,0.0,0.0,0.046261057,266.58838,171.3526,0.57770556,288.27188,172.5305,0.7842656,252.18523,195.46307,0.98697203,296.07495,198.36205,0.99380434,232.28465,228.43286,0.9342487,307.3489,234.75545,0.9722858,229.90608,257.94827,0.7739618,312.3747,265.354,0.8586486,259.24213,264.08057,0.99765414,286.90182,265.43384,0.99838436,260.90005,313.3218,0.99250495,284.1705,314.3925,0.9938822,261.78653,359.037,0.97354627,279.13727,361.20938,0.977097
706.87146,148.07437,0.9613787,713.5124,143.80943,0.8674735,700.98694,143.1772,0.9382587,721.48517,147.37712,0.53881925,690.92804,145.44975,0.80440724,725.81805,179.67523,0.97651607,678.65857,176.1468,0.992667,736.05383,211.96262,0.87253326,665.2425,205.20349,0.96932405,721.9341,197.15753,0.81908345,681.8912,192.49832,0.9357583,712.5412,265.63864,0.99274385,685.7691,265.3794,0.9958228,697.2114,340.7819,0.99227715,706.39734,345.59845,0.9958747,676.134,409.03818,0.9796118,721.08014,420.54706,0.9865356
386.79584,175.12273,0.8995327,387.9195,172.14726,0.5520292,383.24872,171.17667,0.9291105,0.0,0.0,0.12270765,371.27194,173.39955,0.92247057,385.72162,200.24593,0.9638861,357.35,196.003,0.9946313,391.26022,228.36453,0.7150292,355.01953,224.17845,0.98436826,391.25348,222.90302,0.690982,381.96146,218.45988,0.96090484,383.27563,257.38757,0.98978806,363.18268,256.71643,0.99642986,385.76862,303.88095,0.9799448,361.57605,303.6401,0.99308044,381.9212,346.00876,0.95147145,352.9029,346.69138,0.9777424
0.0,0.0,0.13237716,0.0,0.0,0.077847615,0.0,0.0,0.11392704,0.0,0.0,0.4400977,168.45033,210.77722,0.58579266,152.91153,222.31583,0.9719525,172.11101,223.13257,0.9767833,145.54727,239.11893,0.7908751,176.37045,240.12685,0.86082053,145.0552,253.28755,0.562703,175.63248,254.59486,0.6505047,154.2961,253.83492,0.9874107,166.62936,254.0668,0.9887326,155.80968,278.8673,0.9624181,165.2662,279.04062,0.9671748,156.05104,301.32953,0.9257961,162.96004,301.6776,0.9331524
0.0,0.0,0.122899964,0.0,0.0,0.059198316,0.0,0.0,0.12191244,0.0,0.0,0.40833646,129.54202,216.18394,0.7135927,111.75269,227.05583,0.9801641,133.81967,227.85107,0.9868976,104.93684,242.40971,0.8001969,139.51775,243.12952,0.9165115,106.63686,254.30434,0.55721146,140.25781,255.35608,0.7302995,114.67629,256.5207,0.99002004,128.94933,256.85077,0.9920752,116.38215,279.61282,0.9677241,128.34592,279.61557,0.97567856,115.94653,300.66373,0.9389033,125.999565,301.15082,0.95086163
0.0,0.0,0.14179008,0.0,0.0,0.075440966,0.0,0.0,0.13353564,0.0,0.0,0.44190893,86.32717,215.62057,0.67032266,69.36428,226.90913,0.97648174,89.51631,228.16597,0.98249465,62.442085,242.66684,0.78323585,93.370995,244.30573,0.8833125,63.53774,255.9281,0.53784186,93.047554,257.65375,0.67120934,70.512314,256.86465,0.9864564,83.884865,257.36124,0.9885202,70.08992,279.6789,0.9589126,83.89412,280.04477,0.9665854,68.59356,300.285,0.9248426,81.49957,300.99405,0.9359201
0.0,0.0,0.10653961,0.0,0.0,0.07160433,0.0,0.0,0.06286437,754.4372,209.16785,0.56961584,766.5807,209.61559,0.5262043,747.83264,225.72314,0.965363,773.96466,226.90483,0.97516835,736.89874,240.42982,0.8563086,785.34875,242.49004,0.90100974,737.3724,235.40302,0.66642493,786.18536,236.82027,0.72960734,751.0272,270.07553,0.9871978,766.8079,270.58197,0.9894638,751.78687,303.59705,0.9680219,762.6803,304.40314,0.97065765,753.8578,334.69107,0.9224587,758.1532,335.13226,0.92623985
437.12054,207.28688,0.9082675,439.28983,204.37428,0.81330717,434.20004,204.56271,0.86767465,442.38177,206.33725,0.51901346,428.90906,206.55719,0.69936967,448.27374,223.89275,0.9794582,422.4321,224.09286,0.9882053,457.1972,244.00868,0.8728777,416.19135,242.8198,0.9358697,458.46988,253.62244,0.8260635,418.15643,246.62178,0.89101154,442.78397,265.8748,0.9894455,426.8476,266.1852,0.9922495,441.31192,299.02084,0.98401606,427.91565,299.44073,0.987253,438.79178,331.95422,0.9711642,427.2261,332.58835,0.97541195
0.0,0.0,0.2611032,0.0,0.0,0.072508596,0.0,0.0,0.26227924,0.0,0.0,0.18611187,472.61456,197.00204,0.78464556,453.02127,212.93053,0.93341273,475.88837,212.58836,0.9766654,452.3089,234.96536,0.55360496,480.35938,235.21097,0.895356,0.0,0.0,0.37810034,483.6758,252.80333,0.7187914,457.5814,255.7208,0.97338796,473.3376,255.45035,0.98577476,458.86716,289.46753,0.9408471,473.1053,288.6151,0.96848464,460.43716,320.741,0.90309614,473.72943,320.8095,0.93819773
0.0,0.0,0.3087054,0.0,0.0,0.111927524,0.0,0.0,0.3444801,0.0,0.0,0.08863985,652.6338,199.90282,0.54560566,650.909,217.05067,0.7117594,641.73157,216.01558,0.8701843,0.0,0.0,0.33319575,629.98315,237.95871,0.74050725,0.0,0.0,0.29442957,631.04877,256.54398,0.5959564,649.88806,261.3509,0.90254366,643.9616,261.62784,0.93756545,650.9572,296.26578,0.87925816,645.09204,296.5647,0.9214602,644.70996,327.58215,0.8365782,637.20123,328.41772,0.8801658
0.0,0.0,0.09679768,0.0,0.0,0.049372647,0.0,0.0,0.106841594,0.0,0.0,0.056774773,0.0,0.0,0.21355222,0.0,0.0,0.2319117,0.0,0.0,0.43366536,0.0,0.0,0.12717398,0.0,0.0,0.40387258,0.0,0.0,0.14626504,0.0,0.0,0.34512687,0.0,0.0,0.43539688,844.9616,264.55933,0.5707298,0.0,0.0,0.4865301,844.35144,298.3312,0.620619,846.3025,328.30737,0.53097975,842.8948,329.05136,0.6330635
0.0,0.0,0.49355367,0.0,0.0,0.47418046,0.0,0.0,0.3242413,0.0,0.0,0.48184294,0.0,0.0,0.19478501,506.73172,229.69254,0.92911494,496.23953,229.86163,0.8849987,510.32413,242.30406,0.76958394,494.52896,242.45526,0.5621827,506.76556,251.07619,0.6706474,0.0,0.0,0.49509123,503.79294,256.2156,0.95791703,497.83203,256.07556,0.94734216,503.69836,277.36954,0.93340045,499.12244,277.30627,0.9142822,505.3493,298.33044,0.9155641,501.77582,298.10962,0.8976027
