0.0,0.0,0.05075577,0.0,0.0,0.015425625,0.0,0.0,0.0470101,0.0,0.0,0.45842955,233.82343,199.20059,0.86389387,197.3784,222.7384,0.9825163,242.74657,224.25737,0.9922489,184.17772,257.286,0.853598,256.92444,260.11365,0.9516908,186.0011,280.75012,0.56932026,257.88718,282.5834,0.7496626,206.27379,289.4354,0.9957551,237.10725,290.42618,0.9972395,205.30812,336.99274,0.9847103,243.03334,337.6266,0.9888398,210.3252,381.30972,0.95469457,250.77072,383.155,0.96340144
0.0,0.0,0.054312553,0.0,0.0,0.020671286,0.0,0.0,0.04398779,0.0,0.0,0.31141275,459.64606,182.58197,0.6534944,429.54456,204.27138,0.9565301,466.30145,204.45988,0.9801887,419.22342,239.16841,0.76183265,471.53723,238.52611,0.91363066,0.0,0.0,0.48646724,471.08594,267.3138,0.6892687,434.98096,267.39096,0.9929349,459.19922,267.78702,0.9952734,437.2886,314.32526,0.9827816,457.00052,314.7646,0.98729855,437.5477,358.71387,0.9604799,450.8712,359.8796,0.9681551
0.0,0.0,0.08747574,0.0,0.0,0.052093152,0.0,0.0,0.050075028,497.60956,191.9959,0.5560711,515.68677,191.49788,0.59697926,489.1237,214.95482,0.97534806,525.2572,212.38838,0.9830073,481.83527,248.99043,0.8755877,536.7534,239.15967,0.91108286,481.8822,272.2866,0.65998673,530.4106,253.26581,0.7121446,498.18118,273.42145,0.9936401,520.7282,272.8291,0.9947378,502.37982,319.3438,0.9836659,515.1634,319.30704,0.9846732,505.15033,364.97543,0.9559893,508.10852,364.8555,0.9576653
0.0,0.0,0.08524573,0.0,0.0,0.04888537,0.0,0.0,0.05458799,0.0,0.0,0.4266374,682.83276,194.02199,0.5015145,665.07184,212.95581,0.95137197,691.36237,211.43039,0.96635914,661.44556,238.07416,0.76189685,698.2728,235.15108,0.841259,659.67145,259.91068,0.50656253,698.7347,256.33426,0.5988975,672.41907,257.13077,0.9869875,689.4188,256.67957,0.98929507,675.5304,292.27994,0.972785,688.39703,291.93973,0.9756325,679.1395,327.02545,0.9517137,686.607,326.2577,0.9549731
97.79624,188.47694,0.8736934,101.47284,184.77896,0.84153247,95.3925,184.59044,0.727788,108.253555,187.7679,0.6708169,0.0,0.0,0.34401882,117.754395,213.19272,0.9754632,84.96472,212.21365,0.96873885,123.180695,246.12605,0.9248162,76.801674,240.78825,0.8542054,109.59291,270.26215,0.88698864,72.41556,261.0857,0.81043404,109.3607,275.53622,0.9898498,87.344055,274.814,0.9881505,108.64405,321.65338,0.986226,81.180176,320.912,0.9810166,113.28467,366.68344,0.9702354,81.41191,365.3293,0.9618062
563.0838,204.32742,0.8978586,565.9775,202.13867,0.8854371,561.91956,201.85527,0.7477936,571.16644,204.48897,0.8000783,0.0,0.0,0.38751584,578.0456,218.96425,0.988937,555.9935,219.47447,0.9765593,583.52594,234.01653,0.9618116,552.4956,235.25089,0.8401957,575.11365,230.03336,0.932345,558.0523,230.77759,0.79994875,574.5439,256.43246,0.9913509,559.8114,256.55927,0.9865165,578.2911,286.26224,0.9849554,560.0842,286.17593,0.9731982,580.9616,313.7093,0.9690461,561.16113,312.72247,0.9524882
0.0,0.0,0.09262675,0.0,0.0,0.054967962,0.0,0.0,0.05146769,0.0,0.0,0.4424163,0.0,0.0,0.4714071,276.42725,215.00781,0.9325869,309.8749,213.93436,0.93431854,266.95328,245.9895,0.7324523,322.2268,247.41512,0.74258906,0.0,0.0,0.46973318,0.0,0.0,0.48616257,286.4417,279.71692,0.97457844,307.23746,279.17178,0.9756669,293.12622,325.6831,0.9621621,302.73575,325.16226,0.9621078,299.01422,370.83047,0.9226113,298.6288,369.70483,0.9223585
0.0,0.0,0.4472146,0.0,0.0,0.36762273,0.0,0.0,0.2249103,168.81073,186.78157,0.71563745,0.0,0.0,0.48461467,164.31439,212.5208,0.97101814,185.2666,212.32257,0.9615106,155.8824,245.38876,0.8437913,183.92807,244.89888,0.7114412,150.58234,270.4837,0.6695093,176.43166,269.7688,0.5200361,169.5685,272.80942,0.98429626,183.44853,272.77982,0.98111063,167.6764,320.76514,0.97982705,179.10951,320.87628,0.9721752,169.76463,367.02264,0.9600621,176.75375,366.6555,0.95006895
0.0,0.0,0.187951,0.0,0.0,0.07114042,0.0,0.0,0.17760375,0.0,0.0,0.21631068,647.68524,202.58453,0.6274205,630.6715,219.14713,0.90014213,648.2842,221.14597,0.9530239,624.29205,242.11066,0.52433217,649.53503,245.46304,0.80646026,0.0,0.0,0.3550261,647.6324,260.6033,0.59179133,631.44745,265.556,0.96870863,642.787,266.46082,0.9791126,630.6853,301.44858,0.95628846,637.8933,302.22394,0.9693756,630.86145,336.64893,0.935531,632.1534,338.49658,0.9499225
0.0,0.0,0.48655775,0.0,0.0,0.32499996,0.0,0.0,0.47315434,0.0,0.0,0.22904289,0.0,0.0,0.49075726,408.59894,223.76439,0.8753662,401.8824,223.98094,0.9035538,410.75873,240.76028,0.53882647,399.89612,241.09541,0.6981212,0.0,0.0,0.45893717,401.72775,254.03033,0.58731824,406.44363,257.21136,0.92482525,403.2449,257.54205,0.9352205,405.9603,282.42953,0.8696854,403.8589,282.36554,0.889494,403.7422,304.50015,0.81974524,401.26038,305.15018,0.84066343
