0.0,0.0,0.23164995,0.0,0.0,0.06482568,0.0,0.0,0.15285714,0.0,0.0,0.32872638,107.18922,137.21754,0.69257736,58.52308,169.9287,0.9623572,110.21986,172.9409,0.97346354,42.4661,226.19826,0.87891525,120.9871,224.92601,0.91909707,43.285713,268.55426,0.74945617,114.246315,253.07204,0.81915075,61.856396,267.18277,0.99500614,93.71078,268.87866,0.99549484,70.72758,341.17816,0.990342,86.52343,344.79724,0.9915308,75.64325,413.57404,0.9667182,72.62593,416.98178,0.96908915
0.0,0.0,0.12979542,0.0,0.0,0.06946676,0.0,0.0,0.09256528,597.1882,198.57936,0.52677184,612.64825,198.66681,0.6614791,589.63074,218.98256,0.965859,620.6063,219.28334,0.983844,580.7985,245.86984,0.8428062,629.54816,245.16937,0.9413754,582.44543,263.3874,0.64920807,633.4021,263.0646,0.8021032,595.84326,267.77344,0.9900524,615.0006,268.19037,0.9932203,600.9597,307.89813,0.9766534,613.468,308.20425,0.9822741,601.12177,345.29007,0.9450597,607.0124,345.37863,0.9546525
0.0,0.0,0.15664765,0.0,0.0,0.032644644,0.0,0.0,0.15471506,0.0,0.0,0.17348431,418.2531,184.04417,0.72432107,383.48206,209.75137,0.87623656,426.42477,208.69434,0.97558117,379.14874,242.85994,0.63706946,449.532,227.45767,0.95250165,395.37033,253.88011,0.5038949,450.40173,210.06161,0.86634445,391.4771,275.52972,0.9882931,419.7555,276.0258,0.9948902,398.7531,322.84418,0.9862131,424.28177,325.3615,0.9944507,384.10895,365.15158,0.97253835,418.0631,372.12936,0.9847398
0.0,0.0,0.095784634,0.0,0.0,0.06722654,0.0,0.0,0.044727,334.9531,211.12537,0.67874444,351.38385,210.45328,0.5594473,327.74948,231.19081,0.9815817,361.20218,230.27028,0.98381674,316.46048,256.13406,0.90048426,370.5227,255.66234,0.9000375,312.63693,274.62708,0.70102334,371.96066,273.65167,0.69738495,333.53748,279.93448,0.9933002,354.6683,279.47067,0.99400467,335.96878,316.2519,0.9814299,354.31607,316.22644,0.9815089,337.71497,351.88083,0.9553715,352.09567,351.3824,0.95561564
547.59735,205.14072,0.92344403,550.36035,202.60631,0.86496645,545.5201,202.66948,0.8695957,555.0152,204.37254,0.66045356,542.9994,204.40427,0.68229854,560.81934,220.65773,0.98619264,538.5578,220.9611,0.99142087,566.7421,239.49652,0.9041532,531.9174,239.37666,0.93952876,570.2685,258.0773,0.85234725,528.0332,255.70941,0.889237,557.8532,260.23523,0.9871618,544.6417,260.45322,0.9900456,556.5624,290.5843,0.9677078,548.0538,290.57364,0.97230893,556.4018,319.14435,0.9290576,550.99896,318.7091,0.9364378
0.0,0.0,0.08961932,0.0,0.0,0.06734685,0.0,0.0,0.047364086,688.62164,204.95998,0.5679023,0.0,0.0,0.43620637,682.8614,219.70512,0.9655042,706.94366,219.60709,0.95973974,675.89813,237.91028,0.8719005,710.95416,239.32117,0.81807244,675.6558,253.31325,0.67954886,711.8778,255.47406,0.60744774,688.14716,255.47365,0.9894364,704.00757,255.63692,0.9884151,690.2098,282.19278,0.9804494,703.71295,282.56726,0.9761395,692.8125,307.43976,0.96501213,704.9877,307.40387,0.95911515
465.98657,195.8582,0.86783135,469.18683,192.87134,0.8661854,463.88846,193.31982,0.6651219,476.86383,195.01338,0.81182295,0.0,0.0,0.3108438,486.76782,212.2016,0.98665047,458.2526,214.1997,0.9660688,488.32324,230.95332,0.94324154,454.9167,233.06801,0.70365274,466.5563,220.15086,0.89844406,462.17285,220.79782,0.65466386,481.6797,256.04837,0.9900121,461.82214,256.48926,0.9825501,485.82767,291.1045,0.9864659,458.3962,291.50058,0.97232246,488.1186,327.0775,0.97389495,459.52966,326.68185,0.9555345
0.0,0.0,0.07816776,0.0,0.0,0.05647379,0.0,0.0,0.039027758,153.42488,204.1034,0.5337209,0.0,0.0,0.36104575,145.39897,220.83508,0.92593694,173.86221,221.93373,0.9036226,135.05064,243.611,0.72527015,174.7722,242.26373,0.59392893,0.0,0.0,0.47692987,0.0,0.0,0.35783163,147.95848,264.56912,0.9759192,167.32219,265.20258,0.9706463,143.78783,299.80026,0.9707373,165.3801,300.70392,0.9594586,142.82271,334.0535,0.95438063,165.40398,334.91995,0.9415609
0.0,0.0,0.21688668,0.0,0.0,0.08843896,0.0,0.0,0.2095036,0.0,0.0,0.16050124,647.4306,208.74689,0.54792494,639.7743,222.20291,0.8085505,648.3586,221.95418,0.9081588,0.0,0.0,0.4263942,652.29346,238.56223,0.775621,0.0,0.0,0.3321,655.6121,251.61368,0.6137132,642.87665,257.9517,0.92136854,648.63586,257.895,0.9507544,641.268,286.58926,0.8961148,644.99005,286.18713,0.9348354,644.63605,313.1514,0.86737454,645.6447,313.06726,0.9049505
0.0,0.0,0.16044639,0.0,0.0,0.17914411,0.0,0.0,0.04622874,210.77728,215.3291,0.74649954,0.0,0.0,0.21409792,210.41492,229.93324,0.9613872,231.69461,228.30742,0.8939045,204.78792,250.25237,0.8718287,0.0,0.0,0.48363274,203.50186,257.6381,0.66815424,0.0,0.0,0.31584916,223.09122,267.84763,0.9593445,238.0297,267.296,0.9313263,223.31552,293.8466,0.90391326,241.45062,293.51828,0.82852215,225.66524,321.4678,0.81690145,245.27141,319.32516,0.7334607
0.0,0.0,0.41425535,0.0,0.0,0.37364578,0.0,0.0,0.23882587,318.27258,210.96452,0.5254058,0.0,0.0,0.29432088,316.41754,228.03967,0.8854099,320.80984,228.15346,0.87120074,308.43515,248.85483,0.6077495,0.0,0.0,0.49111938,0.0,0.0,0.4687738,0.0,0.0,0.3760977,316.21027,269.634,0.90327,319.196,269.6326,0.89823455,317.87762,303.8179,0.8810235,319.47644,304.0455,0.8644198,321.4963,337.94202,0.8600726,320.33707,337.69672,0.84744155
0.0,0.0,0.44332284,0.0,0.0,0.26576117,0.0,0.0,0.34637374,0.0,0.0,0.36781007,791.21484,225.23917,0.5416683,787.86597,234.28244,0.93848556,790.8032,234.55896,0.9586418,788.7629,245.49104,0.724634,792.2719,245.34276,0.8254801,788.8547,252.00246,0.6157979,792.99976,251.48085,0.7054193,787.81854,256.9983,0.965528,790.7489,257.36377,0.9719024,786.26105,275.90866,0.945307,793.29065,276.14758,0.95306367,784.9461,292.62943,0.92164326,794.84216,292.95483,0.9299081
