0.0,0.0,0.36638373,0.0,0.0,0.108103916,0.0,0.0,0.21859166,0.0,0.0,0.45426372,166.50636,151.5316,0.7039718,123.75453,182.87614,0.98328745,170.15784,184.46376,0.9834131,105.5787,233.98206,0.9311481,182.16164,229.9019,0.9389893,103.16649,272.38913,0.82640487,177.76045,253.44818,0.8456848,131.10077,274.8456,0.99598974,163.29146,274.28812,0.9961357,124.46436,342.02457,0.9935533,168.89392,335.82635,0.99400926,130.08565,409.37827,0.9774329,181.83067,399.00684,0.97871405
0.0,0.0,0.16389771,0.0,0.0,0.044127475,0.0,0.0,0.16808619,0.0,0.0,0.39895537,625.60016,197.68277,0.9014938,599.8613,218.59895,0.9851171,631.8972,218.12543,0.99610704,591.2477,245.05142,0.8532363,641.663,246.53831,0.97786695,594.4464,265.72168,0.64711857,646.17194,272.50735,0.8860231,608.22064,271.3734,0.9964982,630.63446,271.42755,0.99827254,607.19183,311.23737,0.98904574,636.5233,310.81158,0.9939307,606.8588,348.52557,0.97238684,640.8259,348.87146,0.9818542
0.0,0.0,0.20041513,0.0,0.0,0.040777843,0.0,0.0,0.2337367,0.0,0.0,0.20178738,482.75732,185.76588,0.9040098,449.9109,208.40335,0.95879066,488.04886,208.10635,0.9914784,444.8655,239.09337,0.61440843,498.09787,231.48149,0.9586397,0.0,0.0,0.40081564,492.7303,217.1157,0.8225218,459.32333,272.0669,0.98858225,485.67636,272.5498,0.995285,465.47104,318.5727,0.97231704,490.30426,318.53552,0.98828286,460.99762,362.9959,0.9364859,484.54944,364.1372,0.96567255
0.0,0.0,0.14201932,0.0,0.0,0.053876914,0.0,0.0,0.122110896,0.0,0.0,0.47863266,380.09558,211.60435,0.8134824,353.6472,231.7074,0.98127294,386.4989,232.18816,0.9909498,346.73895,259.19537,0.84356856,398.43744,258.00882,0.94162303,348.45294,277.33124,0.61937624,401.74228,272.09357,0.7740621,359.5944,280.5592,0.99353737,381.0966,280.96375,0.99561274,359.13058,316.28177,0.9824592,379.23602,316.5648,0.98688287,359.2151,350.5679,0.9598193,376.96323,351.80002,0.9669716
556.56134,203.86801,0.91667676,559.095,201.09135,0.85769033,553.9895,201.2341,0.8520038,563.2383,202.86345,0.6608985,549.9527,203.02269,0.6366618,569.0142,219.39398,0.9872032,544.4046,220.0515,0.9900529,574.55786,239.49368,0.9119681,537.8314,240.78178,0.9225658,573.2623,256.82938,0.8534426,537.3289,258.75525,0.8612155,566.15936,261.02658,0.98885834,550.4427,261.42407,0.9903938,566.9549,292.57437,0.97050685,549.1629,292.84546,0.9714518,567.6407,322.4044,0.93926346,550.91394,322.5644,0.940077
0.0,0.0,0.084017485,0.0,0.0,0.06381412,0.0,0.0,0.036701072,428.8707,197.43335,0.551774,0.0,0.0,0.31315565,421.12067,218.26514,0.9332692,450.57745,219.23886,0.8737184,409.79514,244.15321,0.6854249,0.0,0.0,0.38099796,0.0,0.0,0.3894074,0.0,0.0,0.19439845,429.4522,271.47052,0.9711934,448.8642,272.42026,0.9557292,432.13785,312.58188,0.960594,448.97607,313.71948,0.9329395,437.51294,351.87802,0.9392117,448.18253,352.3128,0.9099622
0.0,0.0,0.05828409,0.0,0.0,0.03405665,0.0,0.0,0.0396591,0.0,0.0,0.43799633,704.4605,205.51753,0.5265965,684.98804,219.6108,0.95962423,710.5422,219.15175,0.9704634,676.0636,237.19084,0.8405287,718.65173,236.5706,0.8862927,674.37726,251.79552,0.62889206,719.33954,250.31367,0.6905673,689.9611,254.59727,0.9904709,706.25275,254.68173,0.99190664,692.63257,280.2123,0.9810368,705.9621,280.5335,0.98223156,694.57227,306.0459,0.9640901,704.98956,306.33157,0.9652542
275.05725,210.91682,0.81840795,277.8653,207.75899,0.8230435,273.29547,208.00743,0.582748,285.2721,207.94511,0.7342022,0.0,0.0,0.22368935,295.6649,223.10709,0.96394014,270.89413,223.5418,0.9205474,304.03186,242.52023,0.9002458,264.4557,239.63472,0.638427,295.97818,246.31516,0.8505803,269.40704,236.40276,0.6183416,293.0523,265.5211,0.9724878,278.0879,265.60986,0.95723015,289.8333,303.01993,0.96857846,281.92685,303.04764,0.9444733,287.2337,339.46466,0.9422987,285.49832,338.43423,0.91212845
0.0,0.0,0.15392329,0.0,0.0,0.16220623,0.0,0.0,0.047889527,214.56836,213.79805,0.694409,0.0,0.0,0.21608393,211.7606,228.52591,0.95676214,233.62097,227.81161,0.87975794,205.5296,247.55331,0.8567646,0.0,0.0,0.4508922,203.64644,256.58008,0.65153337,0.0,0.0,0.29839578,219.6488,265.2798,0.962962,234.68846,265.19208,0.93562764,221.95139,290.90213,0.92741454,237.85075,291.21106,0.8667018,226.54915,316.8125,0.8678582,242.71709,315.99033,0.80021966
0.0,0.0,0.43693793,0.0,0.0,0.35137075,0.0,0.0,0.33870822,807.9545,226.47557,0.5162821,0.0,0.0,0.46765706,807.0629,235.5856,0.9688996,810.8217,235.73628,0.9668864,805.5573,246.47989,0.8291071,810.4735,246.4911,0.8178304,805.22314,255.10173,0.7175993,808.2412,255.28226,0.7040304,806.5267,257.60217,0.9831271,809.15845,257.6425,0.9826796,806.29504,274.7781,0.9706105,808.4686,274.6346,0.9696138,806.39935,290.9978,0.957718,808.0551,291.0092,0.9568105
