0.0,0.0,0.17546687,0.0,0.0,0.22672679,0.0,0.0,0.05413274,819.2199,178.45444,0.73612106,0.0,0.0,0.14732406,806.96387,207.4223,0.9399562,0.0,0.0,0.4944308,792.71893,247.61232,0.85453826,0.0,0.0,0.13417508,800.6194,274.62375,0.6507369,0.0,0.0,0.117260225,818.4601,282.34595,0.9362712,847.2886,281.22482,0.78786325,827.6473,340.64026,0.9237334,846.54675,340.09018,0.7623073,835.9919,399.23593,0.848515,839.67285,396.64117,0.70302725
0.0,0.0,0.15640377,0.0,0.0,0.08643279,0.0,0.0,0.080306716,339.97702,200.87082,0.5650233,357.80875,199.7139,0.6061715,334.45532,221.34354,0.9778562,369.17407,219.08646,0.9855698,328.09332,254.04393,0.8798781,383.05493,251.05447,0.92600775,322.9699,281.91168,0.70067215,382.33493,277.44748,0.7783298,341.63254,272.83658,0.9941999,363.58078,271.60837,0.9956934,343.9025,320.8969,0.9885048,361.72028,319.8092,0.9907646,345.39362,367.14273,0.9703681,357.9956,365.97113,0.9750278
0.0,0.0,0.17537889,0.0,0.0,0.16095127,0.0,0.0,0.07150622,620.1131,214.49893,0.7529237,0.0,0.0,0.44316837,614.76263,236.08478,0.974732,645.1402,234.98158,0.9661873,607.64886,263.0909,0.88370883,651.97107,261.92282,0.78956485,607.22845,283.3318,0.6882652,649.51117,282.19562,0.56575686,618.6301,284.94318,0.98875797,638.20135,284.44995,0.98687,620.9063,320.59744,0.9824822,636.0602,320.63705,0.97690713,624.01215,357.39563,0.97055703,634.87274,356.51187,0.96380347
0.0,0.0,0.122498944,0.0,0.0,0.079426534,0.0,0.0,0.06326637,557.221,191.91313,0.67298555,575.22504,191.61302,0.6471508,546.967,214.64449,0.9797196,584.13763,214.55179,0.97973377,541.0086,244.70183,0.8427607,589.9429,245.32805,0.8213236,547.94745,266.87173,0.5573987,584.11835,267.16626,0.52511483,553.3442,270.49142,0.99136776,578.26135,270.8003,0.9914062,553.4145,315.36633,0.9804936,576.67145,316.03613,0.97834516,555.4314,359.91583,0.95584023,577.36676,360.47977,0.95214415
0.0,0.0,0.05507716,0.0,0.0,0.03335696,0.0,0.0,0.033322085,408.883,186.98474,0.50725555,426.73865,187.37796,0.5478085,399.93637,211.37279,0.96674806,434.10318,211.933,0.9749401,388.71976,245.31427,0.8705111,442.30814,245.07452,0.9014456,383.27548,276.89325,0.64696306,443.8477,271.77213,0.69249165,403.85828,271.20282,0.992994,424.59024,271.67285,0.993964,409.44595,316.0958,0.9847074,419.9025,316.98367,0.9853952,414.5377,359.4108,0.9596746,415.29813,360.72717,0.9607228
0.0,0.0,0.109990895,0.0,0.0,0.048942454,0.0,0.0,0.08767562,0.0,0.0,0.36667728,491.7059,233.00237,0.6475251,469.0694,247.07466,0.95757776,496.33768,248.05042,0.9752508,461.74414,267.02484,0.76980495,501.23648,269.6838,0.8847107,463.59824,284.3449,0.5403719,501.45416,287.77072,0.6802893,472.59326,284.9625,0.9864291,490.50766,285.5603,0.9897932,474.75568,312.63965,0.9725929,489.7974,313.13013,0.977874,476.4076,339.55615,0.95019937,488.68182,340.63528,0.95694643
0.0,0.0,0.13890368,0.0,0.0,0.117667295,0.0,0.0,0.06468915,656.69775,234.77562,0.5803553,0.0,0.0,0.2536131,656.2955,246.07356,0.9516597,670.1913,245.22525,0.9273768,656.2051,262.40988,0.7431021,676.32324,261.3204,0.5597938,654.50665,274.08698,0.5072841,0.0,0.0,0.34794658,657.3399,276.0886,0.9734946,666.72217,275.4795,0.9682723,657.46533,301.7398,0.95161533,664.2853,301.18362,0.9400688,659.93475,326.84885,0.92722505,663.95074,326.0035,0.9148352
54.65668,239.6377,0.56476825,0.0,0.0,0.46449345,0.0,0.0,0.47209436,0.0,0.0,0.35053235,0.0,0.0,0.3596729,62.314922,249.41177,0.92162645,47.46134,249.72495,0.923506,67.67535,264.16342,0.6973868,42.711216,264.43307,0.72860616,66.796394,276.60602,0.62578756,42.499588,277.16333,0.65190107,59.188168,279.34848,0.9643551,50.931374,279.44873,0.96524906,57.91032,303.31262,0.9476498,51.4466,303.1136,0.9495372,56.899696,325.80893,0.91641927,51.567734,325.6092,0.9190333
0.0,0.0,0.12387627,0.0,0.0,0.06592736,0.0,0.0,0.1334435,0.0,0.0,0.28565857,464.31665,218.69986,0.5849751,447.72745,231.033,0.86715,467.78607,231.22061,0.91220677,0.0,0.0,0.43155786,471.62225,248.7094,0.6705307,0.0,0.0,0.25377062,0.0,0.0,0.41719067,450.97522,266.01407,0.90487635,464.2437,266.04443,0.9233544,450.969,295.41718,0.8032936,465.1101,295.04895,0.8442865,450.25772,322.21472,0.6936549,463.76968,322.35843,0.7383337
0.0,0.0,0.11110313,0.0,0.0,0.067032516,0.0,0.0,0.09137823,0.0,0.0,0.4177528,307.65836,236.06882,0.5330157,293.6884,245.86784,0.96059805,311.38474,246.44322,0.9674974,288.73822,259.17227,0.72897977,315.42764,259.97906,0.80920565,0.0,0.0,0.48226756,315.3232,270.32928,0.56490296,296.09924,271.52866,0.9803075,308.22748,271.72955,0.98260224,296.47488,292.97647,0.9590747,308.09735,293.09055,0.9642522,296.97488,313.31522,0.9420625,307.22885,313.5042,0.9479294
