832.17804,73.76083,0.95393133,833.16205,64.143684,0.72135514,818.453,65.135956,0.96654475,0.0,0.0,0.1048758,789.4088,74.03839,0.90777,840.0904,129.37018,0.8207485,766.03705,133.41167,0.9731671,0.0,0.0,0.4564282,764.5766,211.02087,0.94114846,0.0,0.0,0.42794967,819.178,196.14111,0.89285314,837.00073,288.6062,0.88670737,782.1838,291.51215,0.9566085,854.0,403.688,0.6912708,775.16156,405.18622,0.8667855,0.0,0.0,0.35691252,721.5396,458.4336,0.5174165
0.0,0.0,0.21182255,0.0,0.0,0.19026174,0.0,0.0,0.048849225,349.53088,115.135345,0.8327074,0.0,0.0,0.26473212,338.4083,154.12943,0.98361963,398.88977,155.09233,0.918446,317.64734,205.85767,0.9477474,398.2343,213.1021,0.6596103,323.3995,232.26973,0.84374875,389.65506,236.59854,0.5116099,345.08124,258.95895,0.9957705,383.8593,258.38498,0.9905323,349.708,347.45044,0.9939903,373.6751,347.3473,0.98771054,357.66284,431.80502,0.9757354,366.28696,431.39188,0.9631529
0.0,0.0,0.12946405,0.0,0.0,0.059906825,0.0,0.0,0.09571191,0.0,0.0,0.47537506,202.08296,201.76685,0.6695772,180.75056,218.54544,0.97554713,207.91872,217.9513,0.98503125,171.21407,241.41093,0.85391784,217.29921,238.8007,0.9130529,168.08467,260.13705,0.6502031,218.29198,255.60683,0.7272862,186.09245,259.01465,0.99183357,203.55241,258.93866,0.9934121,183.73767,289.22104,0.97865695,200.47658,289.14905,0.9804554,184.0143,316.7196,0.9564493,197.39058,317.17743,0.9586673
700.728,174.9116,0.9677048,705.58636,171.14708,0.91660476,695.35645,170.55057,0.95400184,710.51184,175.81328,0.64696383,684.97437,174.7406,0.8271142,715.74994,203.7394,0.9729162,671.5165,204.8066,0.9866085,719.99786,238.85938,0.8309617,655.69684,238.50237,0.9302602,711.51196,242.76743,0.729987,666.1634,240.94188,0.85438687,710.10657,268.64993,0.9826346,679.49524,270.3951,0.9875793,716.50085,330.06873,0.9753321,681.10065,333.47833,0.98297,712.4158,383.24136,0.94783694,675.9494,388.684,0.9594867
630.4377,165.43944,0.9729275,634.28046,160.81966,0.87622416,624.00726,160.93848,0.9680452,635.7272,165.33403,0.50888205,610.9448,166.03177,0.9152024,637.5332,199.66866,0.97593313,599.2738,201.8669,0.9955711,641.3899,241.41454,0.8203068,590.6485,242.04941,0.97921866,646.031,239.28973,0.7553121,599.14795,228.51926,0.94931996,632.35706,279.23102,0.9855797,608.0601,281.17377,0.99363685,631.3088,342.10165,0.9691927,614.43365,344.63696,0.98686594,620.87695,398.27332,0.9122282,611.1489,402.31726,0.94900316
0.0,0.0,0.17618302,0.0,0.0,0.08891672,0.0,0.0,0.14188129,0.0,0.0,0.38954845,296.26407,211.29938,0.62485886,280.5147,222.93436,0.9445218,300.14987,223.49329,0.95866835,276.27982,238.61195,0.69368714,304.07773,238.58676,0.7969275,0.0,0.0,0.47716942,302.37875,248.14558,0.5788265,282.49484,252.97095,0.9793591,295.8325,253.32884,0.98213744,281.80344,277.149,0.96999264,294.33752,277.52695,0.9725591,281.67154,300.5194,0.9587355,293.85223,301.2812,0.96073186
478.7553,213.93695,0.75971156,480.71768,211.59708,0.670946,476.8985,211.48438,0.7108282,0.0,0.0,0.41690123,473.41766,212.73817,0.51472914,487.57672,225.68198,0.96026146,467.92163,225.26581,0.9645457,488.14685,240.20723,0.7866516,464.02582,239.78296,0.8314454,477.64465,238.72357,0.7413039,472.882,239.01794,0.7819741,482.4185,259.05045,0.9796608,469.39398,258.89743,0.980838,481.52515,286.2316,0.95809734,469.98038,286.0858,0.96055144,478.2072,311.39996,0.9225009,470.61856,311.44775,0.92623484
0.0,0.0,0.29205227,0.0,0.0,0.13070159,0.0,0.0,0.27013135,0.0,0.0,0.31424832,98.85474,220.15039,0.7106039,86.60585,229.80176,0.94022,100.75263,230.64557,0.97207403,80.9065,241.78003,0.6435971,103.18678,244.02045,0.87678313,0.0,0.0,0.47350135,103.5357,255.21536,0.71765625,87.24304,254.1698,0.9684588,96.5724,254.45505,0.9796897,86.373604,272.4335,0.94077635,94.561745,272.57773,0.96097124,85.646805,288.75085,0.9144196,92.874084,289.43817,0.9364246
0.0,0.0,0.102360494,0.0,0.0,0.06925032,0.0,0.0,0.07893366,0.0,0.0,0.40108976,0.0,0.0,0.44166863,143.99641,228.30487,0.94220275,160.91795,228.01968,0.94641775,138.48799,241.06805,0.67943895,165.68346,240.69765,0.72236973,0.0,0.0,0.43135282,0.0,0.0,0.46675205,145.91026,252.67355,0.9712433,156.54945,252.48055,0.9728598,146.68573,272.16882,0.9419414,154.50168,272.01166,0.94537795,146.96005,289.65274,0.922761,152.27612,289.58502,0.9268164
0.0,0.0,0.12202748,0.0,0.0,0.10207724,0.0,0.0,0.06482868,0.0,0.0,0.49439734,0.0,0.0,0.26154822,230.32835,228.92462,0.9266049,242.9337,228.04868,0.9108488,227.60837,241.67438,0.70692766,246.21939,240.53415,0.59280246,0.0,0.0,0.49312404,0.0,0.0,0.39053068,232.69922,253.74937,0.9592778,241.19498,253.29501,0.95588446,231.63124,274.41708,0.93061876,238.66853,274.03055,0.9210991,232.44957,293.3997,0.89772373,237.54172,292.48624,0.88799304
0.0,0.0,0.26365143,0.0,0.0,0.18088344,0.0,0.0,0.16725676,117.87372,221.91298,0.54255277,124.4511,221.75726,0.51480997,113.852615,232.07405,0.96171755,129.12547,231.76302,0.96194714,108.6829,244.70975,0.81747586,135.01161,244.0817,0.8010491,105.59496,256.83838,0.64808583,131.92369,256.23984,0.6263298,117.06655,254.65965,0.977088,127.08224,254.61482,0.976933,116.81742,272.62613,0.95672107,126.31355,272.63943,0.95298386,117.5912,288.06964,0.9322132,125.8329,287.86224,0.9276032
