0.0,0.0,0.32047036,0.0,0.0,0.1617792,0.0,0.0,0.10454833,328.71884,134.44604,0.6739489,359.89923,133.89229,0.5091371,317.63077,169.30145,0.9793021,379.7692,171.718,0.98101234,307.5044,226.79161,0.9389799,403.88382,230.49843,0.93472695,304.80722,278.02194,0.872232,402.0394,279.164,0.8626204,327.9401,276.26193,0.9942761,372.61432,278.3462,0.9943408,309.5703,352.9254,0.99091715,374.57227,362.57407,0.9914179,299.26187,421.65103,0.9622804,375.56146,436.67065,0.96442354
0.0,0.0,0.12821795,0.0,0.0,0.09109851,0.0,0.0,0.07815074,74.616135,209.73146,0.6644481,86.53166,209.73256,0.5384901,68.704,224.14935,0.987975,92.41726,224.20398,0.985691,61.124172,243.4683,0.876488,99.075676,243.31842,0.8407838,60.581036,259.8282,0.65459555,97.99379,259.74753,0.5981415,71.419525,259.55792,0.9951448,86.88293,259.61414,0.994753,70.15285,287.40848,0.9865546,86.91821,287.33505,0.98534226,70.32328,313.4809,0.97236866,86.30609,313.42395,0.97073126
0.0,0.0,0.109553486,0.0,0.0,0.04397625,0.0,0.0,0.09147279,0.0,0.0,0.4586705,758.33704,186.22404,0.76049167,731.0477,202.93933,0.9729811,765.01746,202.93367,0.98517007,721.6786,227.88634,0.765047,775.5023,225.01697,0.8881139,0.0,0.0,0.4828247,773.123,238.15147,0.62942874,736.94226,251.73538,0.99191403,759.14886,252.11601,0.9938607,736.32196,290.7838,0.9814262,757.25867,291.1938,0.98426014,738.5796,328.83496,0.9645261,755.3974,329.8867,0.9679446
0.0,0.0,0.08944067,0.0,0.0,0.07521984,0.0,0.0,0.040210836,673.97394,177.13455,0.85015416,692.1247,176.50294,0.67645144,664.03235,198.7333,0.9869648,706.47906,198.20518,0.98564285,653.4013,227.04475,0.86856383,719.9662,226.70888,0.81202376,650.0961,242.73997,0.54676807,0.0,0.0,0.45735073,668.78436,253.99677,0.99326456,696.9512,253.60449,0.99282646,661.33936,302.45886,0.9832997,695.14105,302.85757,0.97863346,658.4917,351.51175,0.9628118,692.1378,351.34735,0.9549298
0.0,0.0,0.1441832,0.0,0.0,0.103202775,0.0,0.0,0.071185134,166.80185,202.25203,0.5790756,0.0,0.0,0.41602656,164.58165,218.60109,0.9660876,186.86479,217.49242,0.96800125,160.41466,239.35863,0.84582275,194.09154,237.89178,0.828653,158.00435,254.86879,0.65008146,195.67319,255.14221,0.62185764,171.74593,254.91893,0.98727846,185.82793,254.65706,0.98731077,174.9116,283.71136,0.97329026,186.40878,283.51678,0.9705073,178.28023,310.69055,0.9506998,185.10023,309.43542,0.9467837
0.0,0.0,0.057902556,0.0,0.0,0.0623498,0.0,0.0,0.017039184,545.15533,177.90448,0.78122216,0.0,0.0,0.26491246,540.924,199.81091,0.9817426,571.28235,199.49707,0.96436745,530.784,231.86536,0.94141424,578.8325,230.8119,0.77702427,525.66595,257.957,0.7903567,577.8376,255.01123,0.5280508,543.7855,256.6583,0.9955082,564.56464,256.4618,0.9933769,540.7357,298.0107,0.99049777,567.1478,298.5552,0.98298556,536.26965,337.95154,0.9772654,564.3644,337.67456,0.96511036
0.0,0.0,0.116897844,0.0,0.0,0.081685886,0.0,0.0,0.053471297,801.16156,199.36888,0.5789388,0.0,0.0,0.42465937,793.2039,218.38008,0.95265985,821.2768,217.28726,0.91847634,784.5807,243.08878,0.78012127,828.2224,239.65895,0.5733676,786.8695,261.13165,0.5230867,0.0,0.0,0.34288576,797.9149,266.10596,0.977768,817.7667,265.67203,0.9705422,789.6908,302.04913,0.96753603,815.8257,302.0228,0.9533284,789.5335,336.0904,0.94509476,820.35675,336.17368,0.92862636
472.41266,179.22621,0.92775965,476.35608,175.1105,0.85843086,468.00256,175.26485,0.90008795,482.48428,178.72427,0.54080075,461.15158,178.9649,0.70639193,490.94128,204.88728,0.97305197,451.438,206.14342,0.9843286,500.05164,233.6441,0.81257945,435.39764,238.92737,0.9029712,499.14377,252.41106,0.74473417,434.39188,266.26846,0.8316406,480.71222,267.61826,0.9853365,456.9663,267.9432,0.98869145,477.269,315.6462,0.97598785,463.51624,315.82794,0.9798211,463.52026,361.98807,0.945983,461.77106,362.05057,0.9524983
0.0,0.0,0.17994526,0.0,0.0,0.08242801,0.0,0.0,0.14881669,0.0,0.0,0.44126064,132.36996,206.87599,0.7114152,115.139015,221.32771,0.96968037,136.63347,222.16498,0.9834063,108.511604,239.71284,0.79530925,141.30959,242.14761,0.9055229,107.837105,253.22665,0.5827769,143.2799,257.362,0.72601485,118.20967,258.37094,0.989626,132.61543,258.81046,0.9923045,116.61572,285.56375,0.97903776,130.66876,285.87845,0.98284376,116.8416,310.8984,0.9626425,129.52028,311.64096,0.96719277
0.0,0.0,0.13923557,0.0,0.0,0.06955163,0.0,0.0,0.093107216,0.0,0.0,0.3496511,531.21045,188.78845,0.5243422,510.84586,205.36273,0.9158666,534.576,206.79184,0.938709,504.14935,231.78494,0.61850405,536.8575,233.34122,0.7416069,0.0,0.0,0.40725008,536.9027,253.95065,0.5081048,511.30475,256.21628,0.97346944,527.7566,257.02023,0.97820675,508.02176,295.4718,0.96469235,526.90656,296.4076,0.96956104,503.35803,333.14017,0.9414844,522.79816,334.61017,0.94777393
0.0,0.0,0.13313887,0.0,0.0,0.11480665,0.0,0.0,0.08369893,0.0,0.0,0.23453091,0.0,0.0,0.14110169,0.0,0.0,0.4813836,0.0,0.0,0.44609854,0.0,0.0,0.31889495,0.0,0.0,0.24720772,0.0,0.0,0.2784867,0.0,0.0,0.2192891,848.2716,261.94095,0.5131108,0.0,0.0,0.49983948,0.0,0.0,0.48244527,0.0,0.0,0.45241615,0.0,0.0,0.47170582,0.0,0.0,0.45172572
