0.0,0.0,0.4207141,0.0,0.0,0.10858013,0.0,0.0,0.36986914,0.0,0.0,0.331516,120.60916,142.33434,0.8430072,74.106636,175.48686,0.9554545,124.088936,181.21593,0.9859477,58.623413,232.3659,0.82887256,136.06189,232.54227,0.9599507,59.17002,273.34418,0.72665966,130.86417,258.70584,0.8979157,80.24352,270.93756,0.99337983,108.43367,274.03632,0.9962819,101.582924,340.53192,0.99184704,96.18819,349.2786,0.9955101,112.61033,405.7007,0.97867614,73.56395,419.4327,0.98506826
0.0,0.0,0.1039454,0.0,0.0,0.056863673,0.0,0.0,0.070831135,0.0,0.0,0.49061915,614.9341,197.17555,0.5940946,591.8974,217.34637,0.9572666,622.8107,218.09312,0.97893643,583.14874,244.35913,0.83191293,629.50525,246.17873,0.93303597,585.39874,263.41534,0.6428238,633.2616,269.1456,0.79072344,596.57043,265.30826,0.9891011,616.03143,265.76672,0.99245596,602.79315,303.30185,0.9768374,616.49884,303.58246,0.98222554,601.1956,339.25073,0.9503333,609.3353,339.23996,0.9588643
0.0,0.0,0.11936058,0.0,0.0,0.046074986,0.0,0.0,0.072036706,0.0,0.0,0.377231,355.75214,209.11343,0.62261385,327.51666,228.19447,0.9633481,363.58194,228.98355,0.97501284,316.89282,254.59554,0.8195206,373.07706,257.58847,0.89327806,316.4751,272.83783,0.6238709,371.42484,276.2811,0.71958894,335.10638,281.49716,0.98875,359.0312,281.53766,0.99145305,335.58273,320.27368,0.973125,361.14346,319.907,0.9787062,336.46024,354.7608,0.93568635,362.11627,355.08527,0.9464463
0.0,0.0,0.22846073,0.0,0.0,0.087800294,0.0,0.0,0.11016419,0.0,0.0,0.4039973,432.86316,180.9737,0.5250509,401.6883,208.23418,0.96072304,444.23383,204.27678,0.9737786,392.8944,245.9274,0.9136174,468.69916,228.19542,0.9463798,393.31506,263.0853,0.83526945,464.06238,223.2403,0.8897096,409.28143,273.37128,0.9945168,434.36844,272.98877,0.99532783,418.7433,323.1716,0.98953325,430.93326,324.50446,0.991848,423.3218,367.9023,0.9667915,427.1648,370.70978,0.9726227
547.19885,202.9974,0.8936445,549.7524,200.41168,0.8336282,545.4704,200.58446,0.8046291,554.85004,201.97668,0.6605355,544.0145,202.31462,0.5807906,561.2734,218.2079,0.9832744,540.26105,218.60162,0.98645896,566.92664,237.13481,0.90014297,531.38306,236.70409,0.90718645,569.43134,256.32413,0.84290415,527.6889,253.36906,0.84597194,558.7911,258.36557,0.9865204,546.3204,258.57812,0.98785865,558.30444,288.31308,0.97091204,549.5687,288.37097,0.97096485,557.97284,316.75336,0.9394627,551.4205,316.24075,0.9394472
0.0,0.0,0.077793956,0.0,0.0,0.046392042,0.0,0.0,0.05010477,0.0,0.0,0.4502608,702.7694,204.32457,0.51395035,683.2183,219.16182,0.9634928,708.4217,219.06064,0.97193754,674.8077,236.58244,0.8380918,713.69836,239.08054,0.8709533,675.27,251.43944,0.6222221,714.39355,257.05008,0.66523874,688.2078,254.12541,0.9916027,704.52313,254.2671,0.99273247,690.7316,280.76617,0.9849517,703.7144,281.04544,0.98550767,692.5716,308.17206,0.9745034,702.7853,308.42212,0.97490394
0.0,0.0,0.09056818,0.0,0.0,0.08362993,0.0,0.0,0.032784637,155.26375,203.45792,0.64985454,0.0,0.0,0.28115058,150.72475,219.84985,0.9654439,175.02525,219.9301,0.9356235,144.56406,243.0814,0.8611566,177.24358,244.56998,0.6350545,139.93301,256.66348,0.6424873,0.0,0.0,0.40731776,151.6132,262.6444,0.98944175,168.51393,262.42566,0.9851933,145.53929,298.03665,0.98469603,166.43144,298.4735,0.97542137,143.74799,334.84073,0.9728611,166.4718,334.8873,0.96144044
0.0,0.0,0.1806274,0.0,0.0,0.07600318,0.0,0.0,0.1682891,0.0,0.0,0.16221297,0.0,0.0,0.49552196,639.12915,221.20906,0.7997835,647.65796,220.98157,0.8911952,0.0,0.0,0.44589067,652.1643,237.91011,0.7534645,0.0,0.0,0.3437149,655.4355,253.9036,0.5895936,641.56616,255.76595,0.92000145,647.18353,255.6612,0.9462655,640.73016,283.50488,0.89176416,644.0317,283.0865,0.92735815,643.94165,309.00668,0.86212754,644.07117,308.88785,0.8962212
307.17093,211.20012,0.6743439,309.71112,208.05736,0.5918188,305.9075,208.23888,0.51741046,0.0,0.0,0.4708952,0.0,0.0,0.3296647,321.6657,225.38272,0.9137565,301.24747,226.74672,0.9232746,321.35193,246.4808,0.7264996,299.1804,248.59673,0.73067343,314.12067,263.3612,0.6648361,299.5158,265.14594,0.66094905,317.32516,268.93787,0.9575268,304.06284,269.3417,0.9610279,319.15625,302.23297,0.956865,303.08792,302.39572,0.9568268,322.40402,334.98993,0.94588107,303.36987,334.53455,0.94565475
459.17935,194.01971,0.51715755,0.0,0.0,0.48609006,0.0,0.0,0.2729061,466.06476,193.99716,0.51895595,0.0,0.0,0.15293929,470.7085,211.8001,0.91531926,454.4759,210.66582,0.75363266,477.4659,233.14404,0.7886584,0.0,0.0,0.31172958,472.73007,233.2494,0.6953184,0.0,0.0,0.31244904,470.0113,255.76515,0.95559514,458.87762,255.79709,0.915226,470.9666,292.8198,0.9692693,460.71042,293.10983,0.93581635,482.00677,327.2046,0.95917076,469.36295,326.48883,0.92774826
0.0,0.0,0.16859452,0.0,0.0,0.18913035,0.0,0.0,0.04913425,212.30276,214.79413,0.7360161,0.0,0.0,0.21000732,210.92441,229.87796,0.95541996,232.26843,228.48947,0.87639385,204.80118,249.89539,0.84964985,0.0,0.0,0.43020743,203.97702,257.01102,0.6348414,0.0,0.0,0.28022903,221.7072,267.77823,0.94843435,236.84474,267.41064,0.9127066,223.02994,291.34686,0.88793916,241.29514,291.3305,0.8025112,225.1439,319.508,0.802745,245.22682,317.8869,0.7152348
0.0,0.0,0.48782945,483.71533,206.85864,0.52765536,0.0,0.0,0.21369785,489.20938,207.64087,0.6399131,0.0,0.0,0.08024084,495.37564,220.90645,0.93105304,488.9451,220.68541,0.80832964,501.57352,239.43997,0.8062428,0.0,0.0,0.33403793,496.27026,250.10648,0.70046204,0.0,0.0,0.31984872,492.54346,258.13324,0.9558307,488.95288,257.542,0.924968,492.19693,289.31555,0.9299238,489.6148,288.98535,0.87745064,496.53094,319.88458,0.8920302,493.7335,319.01697,0.8357235
