0.0,0.0,0.17175509,0.0,0.0,0.123950385,0.0,0.0,0.05912879,305.97607,143.11725,0.6720363,0.0,0.0,0.35200495,292.61716,176.28952,0.9756091,345.24255,174.71213,0.9140412,278.02042,218.75197,0.9243863,345.487,216.17839,0.67137706,276.85068,218.83954,0.7886113,321.84,213.11253,0.52155703,300.33044,260.23312,0.99562895,335.21173,259.4048,0.99160063,305.22137,334.70663,0.9945963,330.96692,333.50717,0.9904606,314.5733,407.30173,0.9839041,329.54758,406.26318,0.9774104
0.0,0.0,0.33400443,0.0,0.0,0.18101895,0.0,0.0,0.21909149,180.49715,208.1058,0.5700615,191.05183,208.22656,0.6961027,173.00621,223.2246,0.98449475,196.60759,222.65714,0.9872485,162.74515,241.50485,0.90660596,204.02846,241.77437,0.91806704,161.32202,259.99823,0.7793966,205.09613,260.62283,0.7913214,176.58917,257.9903,0.9912732,191.66646,257.54855,0.99241865,179.21797,285.21442,0.9771991,191.20584,284.68826,0.97869694,178.7357,310.21286,0.94961464,188.92882,310.32968,0.95228577
786.24255,147.91527,0.94600224,788.42993,143.13629,0.5589428,779.88666,142.22543,0.95031065,0.0,0.0,0.15943769,759.18756,147.1474,0.94712514,775.54675,191.2654,0.97331786,738.16113,189.41043,0.9984149,781.2625,239.71513,0.83283144,713.0983,246.1541,0.99532545,797.17285,244.6793,0.80823666,707.70154,291.64386,0.9862838,763.45276,288.962,0.99640936,743.5195,289.9009,0.9990595,754.50916,365.40067,0.99179244,760.7729,371.8067,0.9979121,726.87646,426.77585,0.9678449,751.25305,442.80176,0.98626155
850.32574,156.125,0.56214577,0.0,0.0,0.23060426,846.2123,149.63359,0.615714,0.0,0.0,0.116051205,835.11597,154.52353,0.6247719,848.1425,192.79002,0.5250569,822.68164,188.6405,0.9068544,0.0,0.0,0.21783242,797.36615,229.33656,0.8327307,0.0,0.0,0.24209423,801.38293,239.31087,0.7400436,847.519,285.93484,0.7280492,830.273,285.70987,0.88508284,846.1012,360.5146,0.5494287,836.88007,361.3683,0.7759434,0.0,0.0,0.34557068,829.5511,427.3606,0.5066337
453.6911,213.06822,0.90412146,456.1785,210.87149,0.8529431,452.08405,210.80377,0.815084,460.3257,212.22702,0.71037567,449.54602,211.99556,0.5854172,465.77527,225.21298,0.9875966,444.63773,225.21906,0.98800975,471.08643,239.27335,0.9263838,438.6165,238.84781,0.910619,464.51016,242.0387,0.8817347,441.81952,241.6134,0.85839707,461.97592,259.30804,0.9887183,448.1157,259.30276,0.9889424,463.56046,285.32614,0.9765389,447.27655,285.12076,0.9743304,466.52817,309.97607,0.95135427,449.89178,309.23706,0.9474174
623.7743,201.12825,0.91996926,626.1758,198.66211,0.8592197,621.501,198.73294,0.8553226,629.6043,200.37923,0.6816122,618.02997,200.49098,0.6576838,634.82166,215.69894,0.9873152,613.1397,216.28447,0.99008954,638.28174,233.83775,0.9169069,609.8257,235.27443,0.92967063,633.70514,245.89366,0.8688684,613.136,248.5858,0.8783983,630.17474,254.02533,0.9863477,615.7425,254.09503,0.98821276,629.7906,283.21558,0.9647969,611.3695,283.0038,0.9666003,629.1163,309.06522,0.9198434,609.2035,308.61783,0.9224999
252.32655,218.21837,0.8895259,254.17354,215.82347,0.8019614,249.82812,215.84361,0.82337534,256.65616,217.33069,0.59799236,245.07462,217.28413,0.66214347,260.5817,229.92508,0.9833877,240.41585,231.03302,0.9871122,267.2233,243.45212,0.89938974,234.7642,248.28778,0.912133,261.7156,249.74057,0.85038996,236.41377,260.4654,0.85566056,257.09064,261.65033,0.98393345,244.65077,262.09277,0.9856145,255.05484,287.35342,0.963984,246.51552,287.72147,0.96466076,250.42332,311.27975,0.9256587,246.7131,311.9058,0.9268276
667.10767,207.62216,0.90131044,669.892,205.01262,0.8856852,664.7022,205.3495,0.76790005,674.6339,206.90526,0.80183554,0.0,0.0,0.4445458,680.3782,220.37492,0.98650986,659.4631,222.01544,0.9744133,685.3088,233.7322,0.9412111,656.53406,234.84242,0.8052487,673.7113,227.83275,0.8999896,663.2887,224.85997,0.75420403,676.8561,254.65913,0.9762773,663.1225,255.20576,0.966367,674.73456,280.37787,0.94239825,662.00214,280.82016,0.909655,674.23883,301.93555,0.868574,664.4214,301.9904,0.8207421
0.0,0.0,0.1480266,0.0,0.0,0.09403947,0.0,0.0,0.11344898,0.0,0.0,0.41289127,0.0,0.0,0.4572516,363.1512,228.00897,0.96702206,377.20596,228.7777,0.9687046,357.4578,239.86719,0.81451106,379.90152,240.93852,0.8390825,355.77774,248.03583,0.6197996,378.95227,249.12915,0.64836895,364.3118,253.03072,0.98484343,373.14682,253.27483,0.9852535,365.1042,272.91614,0.9596744,372.11902,273.17783,0.96135956,365.5684,290.76294,0.92958206,370.72113,291.1641,0.9320215
0.0,0.0,0.25750798,0.0,0.0,0.15784653,0.0,0.0,0.18494472,0.0,0.0,0.4501279,103.66917,224.49638,0.54603535,93.45791,233.67007,0.9519437,106.32779,233.07716,0.95782214,89.10812,244.77982,0.7736006,109.852936,243.53815,0.80443144,88.40498,254.84686,0.6077803,110.051186,253.12698,0.6391808,95.76564,254.3488,0.9769935,104.48615,254.2519,0.97827107,93.84236,271.5905,0.96244663,103.50335,271.63272,0.96208197,93.01249,287.81274,0.9501792,103.371376,287.8512,0.9493446
414.49008,225.28474,0.8422103,416.44885,223.4147,0.82986104,413.482,223.27788,0.7119047,420.51373,224.3555,0.7200468,0.0,0.0,0.38137138,424.47635,234.42146,0.9798716,411.04623,233.96379,0.96890455,426.54767,246.46727,0.8976388,407.49417,245.15657,0.7914696,421.2504,253.61473,0.85445637,408.2121,252.06049,0.7541902,421.25345,258.37924,0.9799642,412.70972,257.98843,0.9753342,419.4867,277.21545,0.95545584,412.02332,276.82437,0.9430255,419.86777,294.70303,0.91392773,413.54355,294.14258,0.89662486
0.0,0.0,0.15312594,0.0,0.0,0.09823852,0.0,0.0,0.12148681,0.0,0.0,0.4005975,0.0,0.0,0.47356075,117.17693,231.2613,0.9540812,130.16815,231.21642,0.9580672,113.806046,241.46886,0.7640348,135.04141,241.05843,0.81126636,113.71714,248.02382,0.58001214,136.62437,247.52351,0.63106143,119.445,252.0032,0.97958297,127.644325,252.00824,0.98079747,119.44326,269.25876,0.9584951,127.43029,268.97147,0.96164423,118.78981,284.7142,0.9353103,126.22301,284.7505,0.93940556
