0.0,0.0,9.7389915e-05,0.0,0.0,6.9100875e-05,0.0,0.0,9.270464e-06,0.0,0.0,0.015048429,0.0,0.0,0.000491556,0.0,0.0,0.14354119,0.0,0.0,0.017119216,730.7707,135.73824,0.6909987,0.0,0.0,0.07071141,740.71747,122.02809,0.5174007,0.0,0.0,0.07728631,788.03015,258.8679,0.7839559,815.04016,257.04224,0.5194721,0.0,0.0,0.25991923,0.0,0.0,0.087155156,0.0,0.0,0.02313671,0.0,0.0,0.009569794
0.0,0.0,0.0705281,0.0,0.0,0.0333902,0.0,0.0,0.051100582,251.88731,183.14201,0.5272667,270.66248,183.31422,0.738054,241.13087,204.77872,0.98103136,279.3551,205.97269,0.99101907,225.78568,232.06241,0.9060645,289.61905,237.25291,0.9645104,226.5416,254.946,0.7181409,296.58484,262.70132,0.84292024,249.76994,264.08017,0.99616075,273.67117,264.65878,0.9974752,252.00949,306.1734,0.98910123,268.83893,306.5437,0.99193656,256.61487,345.74176,0.9684317,266.53455,346.4456,0.97458935
430.94388,163.84724,0.9650271,435.12216,159.9963,0.8641812,426.1374,159.97816,0.94746,440.57642,164.0576,0.55284816,417.76096,163.42642,0.86126393,449.52777,191.25044,0.9831534,405.723,191.9814,0.9956656,453.77637,222.81093,0.9091772,402.8488,226.99951,0.9854837,441.57428,228.67326,0.8627431,431.2533,227.09497,0.9656392,444.4428,260.23193,0.9952643,413.5762,260.55405,0.99764806,444.38626,319.85007,0.99134374,407.52036,319.13568,0.9959959,439.22818,373.9621,0.9769597,404.42828,373.0453,0.9863458
488.0297,201.75542,0.9327408,490.9864,198.94264,0.85741526,484.99997,198.98657,0.8917532,495.14188,201.96469,0.5936431,480.31216,201.74974,0.7276898,499.49185,221.0349,0.9856888,474.39423,219.7413,0.99137926,508.7649,242.45148,0.89069784,468.03986,235.55249,0.94201726,512.4423,247.53172,0.84187174,476.79437,227.37242,0.89799196,492.3898,267.2878,0.9874219,476.65015,267.15268,0.9908057,492.11383,306.65347,0.96500665,483.0327,306.84378,0.97284657,486.1533,345.1342,0.9175068,480.46365,345.31946,0.9309471
0.0,0.0,0.21340117,0.0,0.0,0.14259547,0.0,0.0,0.14748408,74.65424,217.80673,0.56308776,84.16954,218.18701,0.5470815,69.59899,229.28235,0.97810924,87.87405,229.89754,0.97834903,64.285225,243.26514,0.81442165,92.595825,244.03911,0.8168926,65.15192,254.56403,0.6258187,92.42535,255.00465,0.6194953,71.30083,256.78305,0.9898046,83.170364,257.1263,0.9899312,71.18386,278.0,0.9801824,83.381775,278.03467,0.98039824,70.98034,298.1476,0.9681557,83.3542,298.51965,0.9686915
0.0,0.0,0.14627543,0.0,0.0,0.08854273,0.0,0.0,0.105339974,112.680786,219.26846,0.50451195,121.78768,219.37875,0.5452428,107.80877,229.881,0.9769707,125.323586,230.18558,0.9787703,102.45662,243.99953,0.81537175,130.5603,244.03987,0.8486646,102.788666,256.33456,0.60440403,131.79204,256.44482,0.6413477,110.13441,256.311,0.99020255,121.39508,256.52875,0.9906589,111.3594,277.6289,0.97742486,120.99024,277.44345,0.9788753,111.41758,296.8693,0.9603031,120.021225,297.04666,0.9625255
0.0,0.0,0.23645884,0.0,0.0,0.15786871,0.0,0.0,0.19716655,155.73611,215.3792,0.5033309,164.92615,216.0124,0.56813717,150.08661,226.80853,0.96685946,168.66196,227.63797,0.9696907,142.7985,241.0358,0.7601094,172.94208,241.67479,0.8098711,143.87035,252.3378,0.5795719,171.67824,252.96736,0.6299219,152.0003,254.47032,0.98408073,163.32661,254.7556,0.98491085,153.58684,276.20187,0.9698967,162.51906,276.26898,0.9722449,154.09871,297.01868,0.9501407,160.43361,297.38162,0.9532483
667.67065,203.38074,0.597349,0.0,0.0,0.3062115,665.8244,200.44658,0.62220085,0.0,0.0,0.1370282,659.5682,200.83649,0.6314242,671.92206,217.68446,0.87304896,646.953,215.39034,0.9651567,671.9864,239.2202,0.5648698,630.9655,234.44008,0.9260566,668.30524,260.5519,0.5305029,627.7444,258.8627,0.8606361,662.279,259.76157,0.96293473,646.77954,258.9645,0.98189527,656.5204,290.22028,0.94030917,643.646,289.66254,0.9690711,654.2471,318.61267,0.90269214,644.7119,318.6456,0.9386398
0.0,0.0,0.06975938,0.0,0.0,0.03602725,0.0,0.0,0.05429055,0.0,0.0,0.3416949,323.47073,218.26039,0.51867217,309.39612,229.83333,0.9244563,330.03787,227.86328,0.9558668,305.70993,245.88177,0.69801134,341.80377,237.46936,0.85389125,0.0,0.0,0.48409963,344.74994,238.88351,0.6474371,316.45935,259.0784,0.9798623,329.60068,258.7556,0.9848232,316.0175,283.1506,0.9616572,330.2723,282.9901,0.9690661,317.2861,307.70447,0.9370611,329.4293,307.04712,0.94522965
574.0311,216.20885,0.88779587,576.11115,213.94255,0.7957993,572.02356,214.11003,0.83136374,580.19904,215.37209,0.54182225,569.2939,215.76782,0.6511922,584.48944,227.2997,0.9659185,566.32526,227.76462,0.980554,587.0092,239.76096,0.83363223,564.14624,240.42357,0.9146084,579.02057,236.03926,0.7937756,576.31976,235.64204,0.86803675,581.1554,259.00327,0.96039337,568.88153,258.99457,0.97077256,579.5681,283.5703,0.91136014,566.4486,283.35388,0.9295982,572.88165,305.9354,0.8475208,560.5115,305.55695,0.87189555
0.0,0.0,0.040819217,0.0,0.0,0.022776607,0.0,0.0,0.031533115,0.0,0.0,0.24628665,0.0,0.0,0.34605888,358.97,226.24414,0.85632485,377.36487,225.31105,0.8770862,348.74536,238.21507,0.6538476,383.42743,237.14511,0.7187657,0.0,0.0,0.46354333,386.5176,243.88167,0.5158542,362.21924,256.5732,0.97140664,373.39233,256.34668,0.9729984,360.79538,282.1154,0.96481264,370.1042,282.03952,0.96402097,363.27753,304.9546,0.9506066,368.88242,304.85062,0.9488689
