0.0,0.0,0.16176356,0.0,0.0,0.14409909,0.0,0.0,0.034168214,385.33478,85.82944,0.8625087,0.0,0.0,0.32429177,370.61514,135.88899,0.9774738,448.1777,130.23422,0.9259871,353.94077,210.30527,0.9050493,451.31403,201.71397,0.6317017,366.35834,224.88196,0.7250288,0.0,0.0,0.43824345,384.60898,259.7005,0.98468786,438.90152,257.43222,0.9734389,380.5756,383.93958,0.95401585,437.59058,383.23798,0.9280239,390.53116,469.071,0.7254658,451.61456,470.61417,0.6712443
0.0,0.0,0.11203457,0.0,0.0,0.056232803,0.0,0.0,0.06117439,0.0,0.0,0.4494676,212.71811,196.07246,0.5387801,191.99986,212.79778,0.977029,219.9579,212.63916,0.9865607,183.42003,236.82275,0.91943485,229.29503,237.57144,0.955755,176.60355,257.4855,0.8101056,229.41707,257.57172,0.8704195,197.54292,258.54156,0.9960516,216.01328,258.2309,0.9972281,197.14827,291.7534,0.9915045,215.5033,291.3509,0.9933761,200.58205,322.03723,0.9797584,218.44197,321.95636,0.98327565
649.6491,118.276474,0.9691803,655.1309,113.69404,0.8143423,642.49316,112.58099,0.9678591,0.0,0.0,0.35474318,623.8439,116.61462,0.928985,660.8407,160.95114,0.9748669,605.8756,162.43484,0.9974642,681.0421,212.60243,0.80857676,610.0094,220.12656,0.9887222,669.149,208.71114,0.7439012,652.9735,207.53107,0.9665031,650.51514,263.79263,0.99276465,621.9075,266.32047,0.997426,630.1764,357.1149,0.9903797,658.8437,364.45175,0.99686676,590.3094,433.3893,0.9667054,679.8389,445.8795,0.98359686
569.5485,179.3483,0.9394139,571.0119,175.197,0.7166384,564.32367,175.61668,0.9529921,0.0,0.0,0.18153602,551.82477,180.03763,0.9173173,572.59106,206.45319,0.9753161,543.6363,204.95445,0.9966689,574.8607,238.5091,0.80099905,536.49567,230.01662,0.9901854,574.5867,243.67755,0.78093463,554.7117,217.45868,0.97595304,572.5355,271.28125,0.995184,550.71747,271.76944,0.99843115,574.21216,323.49258,0.9920359,538.0332,324.7251,0.99725074,571.6114,371.95377,0.9808187,518.3184,374.83026,0.9912246
0.0,0.0,0.06491981,0.0,0.0,0.044887204,0.0,0.0,0.030154731,0.0,0.0,0.46709314,0.0,0.0,0.34575784,731.12463,215.05006,0.9419142,763.55115,213.72127,0.9317812,723.5622,241.36438,0.8232125,771.97595,237.78203,0.7665423,723.7461,261.28696,0.6134104,768.816,254.0012,0.5522505,735.1529,263.46146,0.98806995,756.3293,262.6623,0.98710746,733.07025,300.99628,0.9844875,751.7112,300.60062,0.98178077,729.0008,337.8296,0.97325486,745.3917,337.2598,0.9700632
494.64255,214.82521,0.78173405,496.548,212.56157,0.78946203,494.0775,212.77434,0.5059128,502.16278,213.08093,0.77259874,0.0,0.0,0.16840522,507.93735,224.68443,0.9817639,492.93735,225.29495,0.96083033,508.08945,239.44994,0.92245173,488.2305,239.12413,0.7012101,495.0218,240.6379,0.87976485,488.40668,240.08603,0.67254144,504.7163,256.7758,0.9884852,494.75552,256.69788,0.98284286,502.99524,283.34567,0.9738327,494.802,283.1444,0.95799,503.89157,307.81436,0.94194025,498.36908,306.99677,0.91674757
0.0,0.0,0.22548707,0.0,0.0,0.16139615,0.0,0.0,0.13252738,82.603035,220.7087,0.64474714,0.0,0.0,0.49382982,78.59606,230.94185,0.98311746,94.86699,230.9464,0.9806723,73.79117,244.25827,0.85286075,99.69943,244.07416,0.8149317,73.09838,256.11407,0.6715222,99.56369,255.91072,0.6132312,80.73257,255.21802,0.99057007,91.19949,255.2666,0.98991525,81.52552,274.3751,0.97950375,90.31947,274.13345,0.97785544,82.71871,292.61545,0.96699554,90.55057,292.5104,0.9651976
0.0,0.0,0.14823855,0.0,0.0,0.09479086,0.0,0.0,0.13914776,0.0,0.0,0.10489356,0.0,0.0,0.21898308,0.0,0.0,0.37572983,844.62244,225.79973,0.6174641,0.0,0.0,0.18835026,0.0,0.0,0.4943622,0.0,0.0,0.19957548,0.0,0.0,0.41807234,848.4234,261.80923,0.59449154,846.4061,262.00632,0.7246854,847.36993,293.96884,0.580952,845.5385,293.93826,0.7007307,848.41565,325.60898,0.61873686,846.2603,325.75522,0.7083199
0.0,0.0,0.13096286,0.0,0.0,0.12565175,0.0,0.0,0.045046445,776.47516,203.6967,0.55270875,0.0,0.0,0.16269009,778.1134,216.12651,0.9281366,797.65216,213.3763,0.8813211,776.33203,233.77162,0.81539196,809.7326,230.05322,0.6125291,775.8434,245.13306,0.65253186,0.0,0.0,0.46856862,786.92017,252.15517,0.97569805,799.23254,250.43237,0.9698211,784.657,280.99493,0.9616541,794.26825,279.4463,0.9472583,789.95276,309.64825,0.9412858,794.43164,306.58112,0.9259861
0.0,0.0,0.4777474,0.0,0.0,0.4342529,0.0,0.0,0.27706018,690.599,200.951,0.687466,0.0,0.0,0.4038939,691.3073,217.02124,0.9473978,698.8881,216.98859,0.91211194,691.96826,234.39577,0.74415857,710.4312,234.89682,0.5321691,691.3535,243.21281,0.5612082,0.0,0.0,0.38508603,694.01746,253.36725,0.93614227,698.5993,253.36787,0.91609424,695.11273,282.95093,0.90549713,698.8682,283.09833,0.8714591,698.5294,311.9979,0.86272633,698.62463,311.17313,0.8287837
0.0,0.0,0.12516564,0.0,0.0,0.08772252,0.0,0.0,0.09375333,0.0,0.0,0.44962987,0.0,0.0,0.44866216,140.22612,228.9117,0.9508648,156.9167,228.95563,0.95330423,134.69571,241.92311,0.7469049,160.99696,241.69804,0.77106506,133.12236,251.76889,0.54713714,160.56181,251.90858,0.5662654,141.41403,253.68373,0.9791551,152.3367,253.53258,0.9800598,141.55896,273.9516,0.9585423,150.60147,273.73447,0.96021575,141.88426,292.20956,0.9325534,149.32457,292.00366,0.93489844
0.0,0.0,0.13451013,0.0,0.0,0.10027102,0.0,0.0,0.09273322,309.34198,211.86647,0.51139164,0.0,0.0,0.42902485,305.53452,223.3096,0.94733846,326.32175,222.93346,0.9457306,300.54816,239.04988,0.7326169,332.0308,237.51834,0.7239697,301.49857,250.65721,0.5246441,330.7721,249.20859,0.50832707,308.0908,254.32193,0.972344,322.83484,253.92668,0.97205037,306.86005,278.9645,0.9306943,324.76907,278.4019,0.9305344,307.11823,300.61655,0.86143255,325.94766,299.8659,0.8616714
0.0,0.0,0.10454467,0.0,0.0,0.07340146,0.0,0.0,0.07382635,0.0,0.0,0.40237963,0.0,0.0,0.37751895,115.54351,229.54817,0.92358726,128.78258,229.21658,0.92788804,111.20547,242.30624,0.6475224,131.69649,241.77144,0.67342734,0.0,0.0,0.42542675,0.0,0.0,0.44151443,117.04864,252.77408,0.96436834,126.13458,252.59921,0.96609885,116.450775,272.04996,0.95007193,125.393166,271.83334,0.9519083,116.06956,290.56775,0.93846846,124.50886,290.20575,0.9405674
0.0,0.0,0.09005757,0.0,0.0,0.044437572,0.0,0.0,0.084175,0.0,0.0,0.33145007,256.57785,218.2531,0.60515535,241.57959,229.48956,0.96243095,260.26392,229.74065,0.97468424,237.32193,244.33908,0.7232151,265.546,244.19196,0.87012887,0.0,0.0,0.47155336,266.64917,257.185,0.645423,244.58319,256.97473,0.9850625,257.33188,257.05804,0.9881092,246.10985,278.3469,0.96514666,257.04172,278.10983,0.973306,245.52957,297.43896,0.94517237,255.11797,297.49872,0.955488
