0.0,0.0,0.09067331,0.0,0.0,0.029745214,0.0,0.0,0.07832284,232.86078,200.88896,0.54150426,252.9094,202.01683,0.87709194,217.9992,223.99983,0.986021,261.302,226.10324,0.992943,205.05827,255.81458,0.86297315,274.28366,259.22906,0.94615954,206.20218,276.67273,0.59162426,273.3785,278.4734,0.7408728,222.11884,285.9064,0.99488574,251.40422,286.7787,0.99644715,218.46542,331.10635,0.98153234,253.90775,331.86118,0.9856872,214.08609,375.0055,0.94530517,252.25633,377.29376,0.95412374
69.38805,194.44167,0.92132306,73.21467,190.85419,0.89818686,66.92568,190.79126,0.8134802,80.208176,193.95128,0.7585531,0.0,0.0,0.4173946,88.54982,217.65804,0.990301,57.319622,218.70915,0.9887594,92.754745,247.75215,0.9706236,48.485764,247.26636,0.9428238,77.90638,270.09967,0.94967353,43.767475,270.40463,0.91223276,84.146034,278.33847,0.9964563,60.12836,278.72324,0.9960383,97.12404,323.5714,0.99337655,46.951958,323.72876,0.9909928,110.007416,366.3046,0.98278576,37.036896,365.96725,0.97795415
0.0,0.0,0.11761064,0.0,0.0,0.0574199,0.0,0.0,0.08865006,0.0,0.0,0.4014587,689.9158,196.5372,0.6194752,668.29785,213.50096,0.952915,696.4734,213.51773,0.97480464,662.2534,236.32253,0.7168115,701.60864,235.06303,0.8681342,0.0,0.0,0.4629765,700.95825,252.18462,0.63382185,673.8821,256.02682,0.9851332,691.9257,256.34433,0.9892281,677.09424,290.28455,0.9681514,689.80035,290.61926,0.9750997,680.5806,323.9125,0.94426864,686.9362,324.34576,0.9529372
148.81252,178.95015,0.92916566,153.45844,174.84904,0.8937916,145.60645,174.88844,0.8245675,161.869,178.65794,0.794595,144.2938,179.07587,0.56861746,169.42119,205.31693,0.99035335,143.03273,205.42154,0.99178547,181.45082,239.01712,0.94511575,130.58467,238.20567,0.9384085,187.05513,266.07465,0.90862966,123.259094,268.86743,0.89248806,162.85986,267.9351,0.9950448,150.50197,267.46402,0.9955289,141.1665,318.67633,0.99052835,158.67157,317.8782,0.9895467,134.61066,369.4145,0.9734996,172.72687,367.80557,0.9713458
0.0,0.0,0.22180119,0.0,0.0,0.07186096,0.0,0.0,0.18013708,0.0,0.0,0.4034958,519.7898,190.22797,0.8291539,489.80945,212.88164,0.98110425,526.8306,211.83714,0.9901064,482.00626,246.81903,0.8306506,538.8104,241.07579,0.9306287,484.16708,268.4383,0.6167109,536.2709,255.54451,0.7622127,495.01016,272.97092,0.99346983,518.85376,272.7634,0.99543226,503.81934,317.67984,0.9840806,521.4788,317.4523,0.9884263,504.30322,361.32428,0.9609427,515.6633,362.37598,0.9689469
0.0,0.0,0.106194794,0.0,0.0,0.05973718,0.0,0.0,0.071121365,452.264,181.07399,0.53058594,469.47702,181.33678,0.65792495,441.91183,205.84027,0.96395963,476.98495,206.28996,0.9693875,432.17203,238.99406,0.8052325,480.04462,241.39293,0.83122283,434.06903,268.01413,0.52896667,480.70584,270.30005,0.558268,447.04108,263.85623,0.9853174,469.40555,264.30588,0.9863316,454.1009,309.94485,0.96981657,467.18686,310.54218,0.96965665,456.14987,352.80457,0.93004006,461.61627,353.8359,0.92955154
0.0,0.0,0.053249605,0.0,0.0,0.02504263,0.0,0.0,0.035117276,0.0,0.0,0.30889738,299.4613,191.0668,0.50558275,280.6595,214.23656,0.8931818,312.3989,211.94601,0.93471146,272.38678,242.57156,0.57879823,332.06525,236.75352,0.77841234,0.0,0.0,0.3395458,327.78104,237.16254,0.5130186,293.83243,278.32092,0.97708875,314.48892,277.54346,0.98353887,299.5775,323.96082,0.97111994,318.00787,323.00616,0.9788209,296.9001,369.73224,0.94525576,309.64468,367.74286,0.95636886
556.45404,203.16762,0.88226116,559.33966,200.78424,0.87702304,554.9111,200.50775,0.6960455,564.39044,202.72433,0.80686516,0.0,0.0,0.3192005,570.87885,216.76218,0.9863318,548.4569,217.60703,0.96214134,574.80756,231.24734,0.9556386,547.18,233.38974,0.7476315,561.593,222.58789,0.92081875,552.49976,225.27994,0.71370786,566.83417,254.99617,0.9874514,551.9702,255.359,0.9774794,569.2635,285.5739,0.98079634,554.16266,285.83334,0.96084994,571.39465,313.6793,0.96185505,557.08136,312.99777,0.9351466
0.0,0.0,0.24192517,0.0,0.0,0.09263343,0.0,0.0,0.2461854,0.0,0.0,0.258809,647.6789,207.75215,0.72239995,631.3244,224.4681,0.9180374,649.0004,226.16486,0.9704527,623.5333,247.70016,0.52776575,653.0646,249.53333,0.8640493,0.0,0.0,0.3528047,658.3548,269.17163,0.6580649,634.1116,268.5102,0.9659017,644.7924,269.52768,0.9802317,634.4922,303.14517,0.9414658,640.7911,303.91855,0.96438426,635.8764,336.53674,0.9124657,635.4831,338.24857,0.9386025
0.0,0.0,0.033904523,0.0,0.0,0.028529543,0.0,0.0,0.02579579,0.0,0.0,0.040432133,0.0,0.0,0.03768322,0.0,0.0,0.052861534,0.0,0.0,0.046756912,0.0,0.0,0.08503337,0.0,0.0,0.06534452,0.0,0.0,0.12948301,0.0,0.0,0.10263774,0.0,0.0,0.08660607,0.0,0.0,0.08535349,0.0,0.0,0.14920479,0.0,0.0,0.14323089,0.0,0.0,0.16668315,0.0,0.0,0.16184364
