0.0,0.0,0.06854017,0.0,0.0,0.03266358,0.0,0.0,0.044856526,234.24597,200.66078,0.6571595,255.16524,201.51495,0.78905815,220.56018,224.25186,0.9862622,264.92853,226.12714,0.98987657,208.15988,255.83328,0.8908064,277.1569,258.84964,0.918836,208.53226,275.5529,0.62562287,272.05634,276.33817,0.6652081,225.27617,286.67093,0.99472874,255.16902,287.49524,0.99551684,220.04886,330.72955,0.9816481,254.86266,331.73135,0.9820556,215.85745,374.613,0.94532967,252.2134,376.61163,0.94593114
63.075428,193.74933,0.862803,67.11282,190.44084,0.8593488,61.85332,189.98842,0.63078177,75.27262,193.76692,0.78954005,0.0,0.0,0.22369611,82.86309,217.53705,0.98877805,53.647785,216.417,0.97499645,86.056335,249.16275,0.9733272,43.123253,245.11316,0.86116797,75.53312,273.5433,0.9500304,41.294353,270.7734,0.82205343,76.59307,278.24197,0.9961599,54.275715,277.5104,0.99385816,87.471756,322.84756,0.99399537,41.221577,321.9634,0.98812836,105.8602,368.01004,0.98560494,38.147434,365.9758,0.97544414
0.0,0.0,0.11968087,0.0,0.0,0.05852176,0.0,0.0,0.09090821,0.0,0.0,0.39925405,689.92676,196.23804,0.6213898,668.654,213.12726,0.95146626,696.7483,213.01936,0.97453904,662.9329,235.99724,0.7072632,702.08295,234.67494,0.86758256,0.0,0.0,0.45209557,701.489,252.63545,0.6317599,674.44543,255.51237,0.9844169,692.3505,255.7665,0.9888353,677.9461,289.9455,0.9668269,689.9137,290.20566,0.974411,681.4974,323.8498,0.9423994,686.641,324.14423,0.9518124
148.07254,177.52264,0.9282774,151.85779,173.72394,0.89306253,144.93797,173.66547,0.82279396,158.30406,177.3467,0.76012397,142.36633,177.31027,0.53000885,165.35384,203.833,0.98904604,139.08076,203.90878,0.98899895,174.79018,236.9566,0.95331365,131.42078,238.03963,0.9274772,180.13554,265.8024,0.9266961,127.15786,268.9118,0.88816035,159.2136,267.3057,0.99388796,145.5343,266.95453,0.99379647,142.87463,318.38,0.98735076,151.40321,317.8803,0.9844654,136.99475,368.2019,0.9622545,159.49193,367.20364,0.95668495
0.0,0.0,0.10495446,0.0,0.0,0.05870922,0.0,0.0,0.07022714,452.41922,182.39372,0.50137687,468.54547,182.37125,0.62992483,443.398,207.24274,0.9603823,475.97562,206.80965,0.96633255,434.8669,241.27785,0.8055099,480.26627,241.06085,0.83182776,435.4373,269.85175,0.54178166,481.82336,268.00305,0.5706218,449.5396,265.1417,0.98458546,470.2309,265.29517,0.98562914,457.14557,311.06558,0.9677568,468.89603,311.37946,0.96772176,459.32202,353.4535,0.92379385,463.30237,354.0447,0.92351913
0.0,0.0,0.24293062,0.0,0.0,0.08082682,0.0,0.0,0.19646212,0.0,0.0,0.42102376,520.07367,190.33188,0.833082,490.67007,212.52176,0.9818715,527.0573,212.00801,0.9901292,483.7076,244.8132,0.8297825,538.69745,241.30795,0.9266436,487.13126,262.21658,0.6153158,536.1516,253.80739,0.7541453,495.1,272.25085,0.993298,518.7194,272.2251,0.99520564,503.8805,316.4796,0.98407805,522.1583,316.384,0.98817235,504.7079,359.29245,0.9614942,517.223,360.39624,0.9688542
0.0,0.0,0.051575165,0.0,0.0,0.021213574,0.0,0.0,0.03698732,0.0,0.0,0.26539168,299.93066,191.51376,0.5576604,279.96973,214.86362,0.8887218,312.77246,213.33247,0.94284225,272.51532,240.79538,0.5431477,330.35867,239.33017,0.8102652,0.0,0.0,0.3106856,325.36496,238.60417,0.54713094,293.17648,280.759,0.9775385,315.12558,280.1866,0.98550147,297.50977,326.09647,0.9704582,318.45883,325.12997,0.98060477,295.97464,370.67267,0.9434746,312.39178,368.65613,0.9583823
555.0639,201.84575,0.86770505,557.845,199.54291,0.8629805,553.642,199.29977,0.67051286,562.7753,201.80241,0.7951037,0.0,0.0,0.30468124,568.9536,216.07597,0.98428,546.96875,217.04181,0.9544163,572.61774,230.08789,0.9491055,545.4185,232.45712,0.7089432,560.58185,221.5293,0.9089066,550.6691,224.03905,0.67422664,565.2037,254.02167,0.9856491,550.53595,254.51448,0.9736191,567.77655,284.62094,0.9792851,552.2761,285.08987,0.956978,570.5678,312.79904,0.96101385,554.96027,312.39218,0.9326834
0.0,0.0,0.227303,0.0,0.0,0.08693857,0.0,0.0,0.22793108,0.0,0.0,0.25377917,647.8622,207.48137,0.7071368,631.7212,224.34927,0.9152581,649.20435,225.65726,0.9674646,624.1905,248.03703,0.52500737,652.96094,248.92014,0.8517451,0.0,0.0,0.34689206,658.7449,269.50922,0.6371404,634.8975,268.2701,0.9655416,645.5554,269.16757,0.9792946,635.27295,302.57944,0.9413434,641.97064,303.26575,0.9631472,636.0416,335.5701,0.9124231,636.5658,337.12918,0.93717074
0.0,0.0,0.032158505,0.0,0.0,0.02925205,0.0,0.0,0.022601817,0.0,0.0,0.041990437,0.0,0.0,0.029478462,0.0,0.0,0.055870607,0.0,0.0,0.040453747,0.0,0.0,0.10724457,0.0,0.0,0.057733607,0.0,0.0,0.1452256,0.0,0.0,0.088024534,0.0,0.0,0.0942089,0.0,0.0,0.08265117,0.0,0.0,0.16184075,0.0,0.0,0.13898839,0.0,0.0,0.16746387,0.0,0.0,0.15023395
0.0,0.0,0.17185034,0.0,0.0,0.11418013,0.0,0.0,0.14783387,0.0,0.0,0.3363408,0.0,0.0,0.44390652,397.4661,226.62335,0.9180361,411.9601,226.5673,0.9287246,391.50476,242.88312,0.6549624,417.0081,241.91518,0.7319926,0.0,0.0,0.491638,418.1097,253.90913,0.5590713,401.4968,256.4194,0.9724453,410.29437,256.4767,0.9745105,404.44644,280.3053,0.9658558,412.4873,279.96936,0.96903324,406.38382,303.28918,0.94873214,413.90677,303.34357,0.9524515
806.6612,231.50035,0.76127785,808.0377,229.8458,0.62628704,805.511,229.76027,0.6684535,0.0,0.0,0.46112195,803.30524,230.63057,0.5459306,811.9268,240.03561,0.9587773,799.54785,239.60085,0.9684286,814.55444,250.62292,0.81223255,793.8186,250.11798,0.85705715,815.24274,260.4627,0.74878883,793.13684,259.68542,0.78835136,807.7083,261.13992,0.969544,800.18915,260.92148,0.9733482,807.1293,278.1812,0.94927937,799.8829,277.98544,0.95302564,805.77185,294.78427,0.9288661,798.0276,294.5547,0.93272007
