761.1943,165.82222,0.9703326,763.92236,160.30107,0.8921756,754.94165,160.6391,0.94631654,765.54785,163.96638,0.564008,742.34564,165.23273,0.82014126,774.6694,200.80698,0.9854037,732.60864,200.1642,0.9895985,788.8425,245.55113,0.92243165,717.5387,239.71866,0.95635927,802.0674,280.2979,0.87606466,724.53186,264.21942,0.9252088,769.0038,285.23138,0.99077505,741.9542,284.8016,0.9925102,768.65216,351.9094,0.9824057,742.00616,348.96848,0.98623776,757.93805,414.45682,0.9459768,724.29474,406.29227,0.95406514
686.7236,164.81839,0.9581686,686.5569,159.66672,0.72757816,680.1878,159.28372,0.9509119,0.0,0.0,0.23523241,662.44434,164.53363,0.90684056,686.016,202.08946,0.9680853,647.7958,199.43967,0.9957268,694.6665,244.92923,0.8644431,648.96783,247.05136,0.9894274,697.9676,241.6737,0.8422507,670.8584,262.0037,0.9769008,685.0802,285.90204,0.99192846,656.74445,283.84906,0.99695,691.00104,357.40622,0.98630655,649.66425,347.71646,0.99483985,686.84406,417.65076,0.9630188,627.0407,401.89203,0.9802911
0.0,0.0,0.18727532,0.0,0.0,0.20167744,0.0,0.0,0.040573988,331.1881,130.61647,0.7899695,0.0,0.0,0.18259786,317.47623,166.59702,0.976829,375.2614,164.17587,0.86136234,300.85886,218.33102,0.92897284,0.0,0.0,0.48436198,305.099,240.5202,0.7898453,0.0,0.0,0.36649707,322.7831,257.98514,0.9948998,363.33887,257.83383,0.98659164,318.0878,334.48062,0.99457365,364.8228,341.9196,0.9872019,312.2269,416.58417,0.983144,360.92062,429.14914,0.97168577
0.0,0.0,0.28652307,0.0,0.0,0.11404884,0.0,0.0,0.22696356,0.0,0.0,0.42887497,193.74321,202.87091,0.7732462,173.0708,219.50784,0.9783811,198.69678,219.21501,0.98494846,163.14206,240.40913,0.84040034,206.30495,241.41635,0.9030273,163.46367,257.8451,0.6665689,208.80043,260.25995,0.74705356,176.93144,259.54492,0.9912341,193.75534,259.1685,0.9929033,178.35693,289.72943,0.98337746,193.00491,289.06467,0.98590624,179.26678,318.18646,0.9689085,192.7835,318.51767,0.972344
462.83054,213.75616,0.9051532,465.51624,211.43709,0.8873854,461.70132,211.49973,0.77090967,471.44034,212.89172,0.80471003,0.0,0.0,0.44208774,478.66678,226.46388,0.9897251,458.24274,226.54321,0.9835692,483.01965,241.3015,0.9569901,451.65005,240.02809,0.87622076,472.57877,240.52747,0.92694646,457.6379,238.04012,0.8325949,472.59277,260.46585,0.9902422,458.94238,259.81952,0.9870788,473.5665,287.10544,0.98109835,454.6045,286.22653,0.97117865,473.71152,311.56323,0.95956933,453.85892,310.02713,0.94492185
0.0,0.0,0.16081972,0.0,0.0,0.1386962,0.0,0.0,0.066360176,269.56317,212.42413,0.7296985,0.0,0.0,0.3137992,266.46518,223.62154,0.9787531,284.77292,223.63237,0.9666316,261.85892,237.50616,0.8608191,289.3033,237.51474,0.6875672,259.38376,245.93889,0.65974253,0.0,0.0,0.45827988,270.0245,252.47112,0.9880398,282.80493,252.47949,0.9850448,267.2176,276.05884,0.9735888,283.04517,275.91348,0.96484494,269.15277,298.62054,0.94685596,285.274,298.05817,0.9342456
0.0,0.0,0.24025552,0.0,0.0,0.12914632,0.0,0.0,0.19773556,0.0,0.0,0.3909159,99.82081,223.74577,0.6283612,88.46297,232.61789,0.94265014,102.80911,232.79025,0.9623116,83.00777,242.85094,0.68840563,105.87891,244.28221,0.82555044,81.99445,251.19609,0.5002661,106.18215,254.19563,0.64210045,89.71693,254.08485,0.96962166,99.23571,254.14012,0.97620547,88.225746,270.9177,0.9471915,97.55649,270.99222,0.95693076,88.5796,287.12802,0.92604816,97.39603,287.38928,0.9356446
0.0,0.0,0.38503796,0.0,0.0,0.2369873,0.0,0.0,0.2886861,0.0,0.0,0.30259117,0.0,0.0,0.39811993,229.1954,232.20966,0.90009886,227.57591,232.34421,0.91237336,226.99866,245.46846,0.68413746,228.83415,245.06218,0.7168285,221.99321,252.25299,0.59658134,226.8415,252.13687,0.6157181,229.84608,261.59885,0.9598794,229.33772,261.68967,0.96202636,229.32915,286.52646,0.95465076,230.63919,286.4734,0.9546121,230.96152,309.87885,0.93920815,232.44981,309.86594,0.93872774
0.0,0.0,0.12567738,0.0,0.0,0.07942949,0.0,0.0,0.09652877,0.0,0.0,0.39488715,0.0,0.0,0.45019275,118.930626,229.11423,0.9568243,135.1524,229.98781,0.95998245,112.16443,241.10716,0.75985044,138.05174,242.58063,0.7905932,111.67252,252.20145,0.5309146,136.99173,253.62581,0.56008315,119.8607,253.31027,0.9781284,129.83482,253.71562,0.9788406,120.18663,271.26123,0.94745946,128.34941,271.63492,0.9496872,119.473076,286.4846,0.9187853,126.22246,287.10513,0.92192554
0.0,0.0,0.06251193,0.0,0.0,0.039682902,0.0,0.0,0.06168921,0.0,0.0,0.043276057,0.0,0.0,0.10169011,0.0,0.0,0.09964731,0.0,0.0,0.22584714,0.0,0.0,0.09425655,0.0,0.0,0.31658086,0.0,0.0,0.12171544,0.0,0.0,0.288665,0.0,0.0,0.18907672,0.0,0.0,0.29415494,0.0,0.0,0.21626072,0.0,0.0,0.32946396,0.0,0.0,0.22999935,0.0,0.0,0.32264748
416.9009,226.41872,0.76523995,418.55518,224.60799,0.7339206,415.7491,224.48969,0.6405681,421.7691,225.34172,0.5899908,0.0,0.0,0.3649554,425.61163,234.56114,0.96672195,411.91144,234.18152,0.9562872,428.24307,245.16638,0.8596413,408.19553,244.0865,0.7854911,423.16895,249.65465,0.8159731,409.82022,248.4527,0.7488701,422.469,257.45166,0.9775483,413.8674,257.15305,0.9743679,420.6479,275.96298,0.95913994,412.66425,275.5933,0.95204633,420.03998,293.3238,0.929683,412.85583,292.83774,0.92082745
