0.0,0.0,0.22381082,0.0,0.0,0.09483371,0.0,0.0,0.06447143,390.60635,116.51259,0.69719213,0.0,0.0,0.49567538,376.6873,160.59799,0.98683286,442.48102,163.15945,0.97710234,332.08597,215.91231,0.9664279,467.0381,229.58781,0.9353494,309.8395,259.93393,0.89385563,461.38608,283.54935,0.8480257,390.19675,280.42432,0.99645007,425.3213,279.20184,0.9957903,401.6161,378.29156,0.98248196,398.45773,372.89374,0.981118,426.34183,452.07236,0.88029253,386.51776,445.13788,0.87877494
0.0,0.0,0.12705928,0.0,0.0,0.12057968,0.0,0.0,0.043960415,568.6561,177.48854,0.8025149,0.0,0.0,0.42152518,561.6195,198.44861,0.98771966,592.2758,198.98253,0.9830468,549.4271,226.88004,0.95218146,597.01337,229.31181,0.8826208,544.27576,254.22467,0.82601404,596.53,257.23553,0.685084,564.87164,255.06927,0.9949581,584.22534,255.41101,0.9939002,567.0756,296.17972,0.9840352,582.60333,297.16394,0.97678024,575.00586,335.3258,0.95394915,586.2722,335.80963,0.93953085
0.0,0.0,0.1018464,0.0,0.0,0.090796284,0.0,0.0,0.043024708,176.48875,200.80144,0.6557662,0.0,0.0,0.36181235,171.62941,217.5397,0.97404534,195.78221,217.58813,0.9658811,162.97366,237.3633,0.91529787,199.41017,239.70322,0.8416692,161.91975,253.19875,0.76692414,198.70912,257.7814,0.6581891,173.44804,257.0368,0.9924697,188.75969,256.88406,0.9912751,173.74411,286.1366,0.986264,183.73024,286.53452,0.98173714,172.34015,315.38867,0.97282165,178.88387,315.32782,0.96634865
0.0,0.0,0.21988161,0.0,0.0,0.087596074,0.0,0.0,0.20360161,0.0,0.0,0.4291182,89.21613,205.91035,0.8085834,68.1588,222.07507,0.9711283,93.87037,221.93666,0.9856828,61.921505,243.24033,0.7676615,100.03195,241.9967,0.91146004,61.931526,259.47794,0.54065037,99.80635,257.15982,0.72599137,71.74798,260.64954,0.9874232,88.759964,260.6688,0.9911515,71.559975,289.69647,0.97358173,86.03111,289.63214,0.9798523,72.86916,316.11923,0.9517584,85.39997,316.87112,0.95962423
0.0,0.0,0.13483822,0.0,0.0,0.04561873,0.0,0.0,0.13615964,0.0,0.0,0.2913143,128.10213,205.00531,0.7716542,109.504684,219.85182,0.95915496,132.94562,219.6096,0.98468727,104.04103,238.95273,0.7297393,138.28145,240.27718,0.931976,105.65715,250.38261,0.50836676,140.50055,255.27716,0.7739108,114.589,258.2262,0.98958814,130.64793,258.10394,0.9938326,114.611305,287.10406,0.9783811,129.93585,286.6459,0.98630255,115.170944,313.93265,0.9612367,129.35474,313.97598,0.97177595
0.0,0.0,0.30712914,0.0,0.0,0.08831353,0.0,0.0,0.40522242,0.0,0.0,0.052184578,840.02747,193.23457,0.6649631,834.775,211.96623,0.5512377,827.3582,214.36954,0.90675235,0.0,0.0,0.14242543,811.9989,243.00829,0.83483654,0.0,0.0,0.14106837,810.14386,272.44864,0.67711586,839.6317,267.6325,0.7923821,834.85736,269.85724,0.92162806,833.86566,302.44345,0.72878903,829.53986,304.0981,0.8903466,840.7537,332.5751,0.6766807,836.20447,335.21088,0.8279718
309.5498,198.54753,0.82390517,311.88696,195.87892,0.62903666,307.3813,195.56175,0.8097359,0.0,0.0,0.32948527,302.9645,195.95723,0.7313226,316.38577,214.117,0.940668,296.61212,211.73665,0.9817572,316.4032,236.18721,0.56041074,292.03333,229.89117,0.89400405,0.0,0.0,0.48763877,293.0303,245.2981,0.7981647,312.92368,253.76215,0.97078687,300.20724,253.1652,0.98521256,310.25888,285.25677,0.96501976,297.36673,284.6594,0.98118776,309.65533,319.3439,0.960445,295.8147,318.5991,0.9746547
0.0,0.0,0.19068818,0.0,0.0,0.09771808,0.0,0.0,0.09454704,0.0,0.0,0.44401696,0.0,0.0,0.40243888,712.1584,199.83063,0.9545217,753.478,200.01639,0.8980378,695.5541,234.2403,0.8890491,765.6225,231.16498,0.72892135,688.2626,260.9205,0.7504137,767.43506,248.25327,0.58856916,708.6923,258.06747,0.98828936,734.59064,257.7094,0.9819557,714.2733,307.7453,0.9847653,733.3143,309.9523,0.978139,715.4383,349.61734,0.96622556,727.41125,353.44193,0.9570433
0.0,0.0,0.23566243,0.0,0.0,0.04696369,0.0,0.0,0.29683733,0.0,0.0,0.21488507,506.20047,196.11765,0.910364,482.0574,209.60896,0.94864094,509.5319,210.9741,0.9873226,0.0,0.0,0.47748277,525.49927,220.86989,0.9224094,0.0,0.0,0.30327162,524.3694,215.84674,0.7279914,484.3643,258.89133,0.98242766,504.27002,259.75122,0.99189997,481.55798,295.41245,0.96414113,511.28558,295.6412,0.98330736,478.6316,329.45782,0.9397562,515.5878,331.33636,0.96467185
0.0,0.0,0.08004771,0.0,0.0,0.028520228,0.0,0.0,0.07824803,0.0,0.0,0.33803985,753.5736,182.22276,0.7447341,724.4084,198.82153,0.9504739,758.37714,200.8582,0.9767794,713.12213,226.80122,0.6512278,768.1607,226.64803,0.86910784,0.0,0.0,0.37687176,770.1368,236.24504,0.59055877,723.8147,253.7508,0.98547006,745.8304,254.92969,0.99014086,725.5031,297.18933,0.96600837,746.7302,298.59085,0.9751805,724.6891,337.86798,0.9375895,740.4308,340.5502,0.9494489
0.0,0.0,0.24251714,0.0,0.0,0.20531932,0.0,0.0,0.09908664,700.757,172.26482,0.75129694,0.0,0.0,0.4513981,695.34607,194.61154,0.97805655,726.1516,193.40674,0.9641041,690.8405,228.16731,0.8389212,732.3593,225.02336,0.6513985,683.9276,254.92726,0.58182466,0.0,0.0,0.38660347,700.4502,252.09113,0.98636186,720.4902,251.63838,0.98242915,704.94696,298.58176,0.97226715,722.8818,298.66348,0.9611388,712.1578,344.12814,0.9477641,723.4543,343.64908,0.9335403
630.7822,211.87897,0.6305321,0.0,0.0,0.3033983,629.08167,209.42557,0.6362094,0.0,0.0,0.16531117,623.0406,209.96439,0.7041718,623.51306,222.07088,0.8712245,618.56604,221.52455,0.94556457,0.0,0.0,0.48381758,623.5922,234.11784,0.8372597,0.0,0.0,0.44883972,633.46716,231.38542,0.7401727,619.1991,255.4667,0.9090457,616.1451,255.50229,0.944858,620.8963,283.43378,0.86829937,619.4177,283.342,0.9218724,621.01074,310.0569,0.8196967,619.3298,310.6984,0.8746619
0.0,0.0,0.08727543,0.0,0.0,0.08143923,0.0,0.0,0.033044342,698.7278,170.04434,0.8162193,0.0,0.0,0.47968355,693.1067,192.75221,0.98397243,732.06775,191.66241,0.9734914,687.16943,228.86812,0.90996,748.8509,223.09422,0.7758876,678.43695,259.10095,0.6772949,0.0,0.0,0.4734533,700.3714,254.18224,0.9935642,725.2417,254.06537,0.99139917,708.42725,302.64572,0.9867671,731.833,303.17557,0.98009527,708.22516,348.31076,0.9652609,726.51184,348.073,0.9529372
662.6407,208.38678,0.9054375,665.55804,205.85455,0.9015441,660.7027,205.66689,0.836542,670.68744,207.70912,0.7808483,657.84674,207.44037,0.5029388,676.1484,222.64186,0.9810775,654.2424,222.07494,0.9719311,680.49414,239.64833,0.85794204,648.97815,238.0799,0.74707246,675.5296,250.8328,0.7659389,651.5178,249.34343,0.6510499,672.02094,256.2204,0.9480205,658.0043,255.87717,0.9382713,674.114,281.0324,0.8018874,659.47955,280.74536,0.7662681,674.8823,302.61963,0.6088953,662.8147,302.05154,0.56826895
