0.0,0.0,0.20067942,0.0,0.0,0.18612605,0.0,0.0,0.049421865,365.38254,94.51034,0.85426563,0.0,0.0,0.28746444,351.65274,140.4218,0.9775702,423.6486,135.20842,0.8917757,333.00772,202.74193,0.9096828,425.24228,200.19173,0.557238,348.84793,197.94318,0.7539416,0.0,0.0,0.4041806,368.96252,257.1031,0.98947024,415.0793,254.41335,0.9787011,374.32953,370.35193,0.9756488,403.0609,369.1857,0.9558194,389.22324,465.23734,0.8756241,399.90063,469.46606,0.83035785
704.94653,92.86485,0.9692113,709.62305,86.102234,0.7613327,696.1365,84.8366,0.96281636,0.0,0.0,0.22035532,672.1879,89.227066,0.9190994,716.2484,140.50223,0.9738004,652.5015,142.1199,0.99531084,734.6888,217.96199,0.8700694,661.7844,208.0218,0.98923045,740.47845,269.5091,0.85559213,708.2744,191.8869,0.9812744,718.75916,262.6856,0.99129546,675.09564,268.63943,0.9965082,745.0209,350.60403,0.9773742,700.51984,367.392,0.991962,705.58777,436.6296,0.8838857,679.2798,458.60153,0.93651485
0.0,0.0,0.12209692,0.0,0.0,0.06750024,0.0,0.0,0.077219315,193.66449,199.25038,0.5326556,207.16113,199.50069,0.57767767,185.30727,216.3715,0.9806786,211.79639,217.40282,0.9870408,171.74501,237.62135,0.9261987,220.6439,240.67102,0.9436069,168.99991,255.57187,0.8054686,223.79698,261.26462,0.825393,192.65666,260.05725,0.9950537,208.48209,260.82935,0.99579877,196.11253,293.02228,0.98655176,204.9972,293.67984,0.9865574,199.77293,323.2122,0.9672975,201.24529,324.20035,0.96706355
584.3025,171.32538,0.96462137,588.53754,167.15727,0.8931826,578.79083,167.29468,0.9421647,593.0809,171.13521,0.6184788,569.65375,171.73682,0.82190263,598.94836,200.96353,0.97743666,560.3025,202.72833,0.9900337,604.26996,236.11864,0.8698134,547.1368,235.53293,0.9527268,598.58795,236.15768,0.81751984,557.39056,216.53725,0.91588646,593.52264,272.087,0.98048604,570.2079,273.2706,0.986574,584.80524,328.80118,0.959926,577.31244,331.31323,0.9734393,569.34247,387.17575,0.88182724,577.094,390.10907,0.90911496
0.0,0.0,0.22149709,0.0,0.0,0.14313892,0.0,0.0,0.16441928,83.52897,219.69003,0.5409144,91.27698,219.90623,0.5759335,79.0594,230.1192,0.977512,94.738716,230.45425,0.9789819,74.121994,242.91226,0.8101202,99.963974,242.97295,0.8390046,74.79291,253.96883,0.62279254,101.228226,253.8752,0.6515235,81.46492,254.37508,0.9882437,91.305824,254.6135,0.9887177,82.98295,273.33655,0.9756138,91.64088,273.15195,0.97701424,83.31965,291.08548,0.96165943,91.541664,291.34363,0.96362674
485.57446,215.29916,0.88109654,488.3058,213.04788,0.87623173,484.3845,213.16264,0.6735584,494.7439,214.50427,0.8395386,0.0,0.0,0.32986978,499.6596,226.9768,0.98932344,484.8877,227.42543,0.9752358,495.15237,239.94951,0.9589839,480.02457,239.37209,0.8085218,484.05948,234.29767,0.9242002,483.4715,233.01117,0.76654637,498.452,259.53226,0.9893444,487.5587,259.29178,0.9831799,501.72705,285.00162,0.98146695,483.37222,284.5038,0.96630436,504.06143,307.50095,0.96243614,479.11105,305.7189,0.94134885
0.0,0.0,0.12762122,0.0,0.0,0.09740243,0.0,0.0,0.08463491,143.84067,219.26747,0.5189241,0.0,0.0,0.4243892,140.5876,229.41078,0.9609082,157.83209,229.02887,0.95785713,135.12463,242.42772,0.7624836,162.75215,241.74413,0.7313586,133.31639,252.71602,0.51917356,0.0,0.0,0.48304734,143.67574,253.79218,0.9765074,155.12395,253.52058,0.97623616,144.58708,273.62378,0.9465127,154.22865,273.38748,0.9446508,146.28027,292.0377,0.9248439,154.35342,291.52933,0.92318946
0.0,0.0,0.11166375,0.0,0.0,0.06744447,0.0,0.0,0.07967317,0.0,0.0,0.49120542,249.43257,218.92941,0.55559564,235.96872,230.083,0.9719725,254.43042,229.78928,0.9746892,231.84355,244.35748,0.7837051,261.399,244.01204,0.8219622,233.18611,256.95496,0.52267253,262.63013,256.66956,0.56359756,240.17076,257.79727,0.98000896,253.17574,257.7158,0.9813529,239.91982,278.50854,0.92991686,255.68718,278.19806,0.935249,240.3528,296.09067,0.87611175,257.82413,295.9067,0.8838301
0.0,0.0,0.17104161,0.0,0.0,0.13055968,0.0,0.0,0.082871564,297.1877,209.6805,0.5670811,0.0,0.0,0.39135706,293.06335,222.84929,0.96055746,316.1396,221.58546,0.9459456,291.58643,239.08861,0.8341757,321.36334,237.75665,0.7302684,292.05496,249.19374,0.6405121,318.97702,247.62534,0.5286739,296.48013,253.08733,0.97840655,311.4721,252.50314,0.9751517,299.5712,276.6193,0.95795816,310.23483,276.4212,0.94861025,302.20752,298.71112,0.925597,308.99597,298.1489,0.91390043
0.0,0.0,0.16173117,0.0,0.0,0.124025606,0.0,0.0,0.101216175,0.0,0.0,0.49745828,0.0,0.0,0.39372844,112.25967,234.15753,0.955661,126.76847,233.87708,0.9513645,107.64963,245.22147,0.753645,132.71794,245.55199,0.70633674,107.735115,255.03104,0.55376405,0.0,0.0,0.4978134,115.28835,256.4095,0.97750527,124.19801,256.32837,0.9766359,116.45825,273.18567,0.9600421,122.69755,273.08218,0.95777094,118.04146,289.27832,0.94657636,122.27525,289.233,0.9448647
0.0,0.0,0.099099435,0.0,0.0,0.081678376,0.0,0.0,0.08014467,0.0,0.0,0.10770722,0.0,0.0,0.1102688,0.0,0.0,0.2014332,0.0,0.0,0.27147633,0.0,0.0,0.16178551,0.0,0.0,0.24587221,0.0,0.0,0.17580561,0.0,0.0,0.23729865,0.0,0.0,0.27488127,0.0,0.0,0.3282304,0.0,0.0,0.31264186,0.0,0.0,0.35937926,0.0,0.0,0.3623715,0.0,0.0,0.40378067
0.0,0.0,0.19710998,0.0,0.0,0.14079303,0.0,0.0,0.16323748,0.0,0.0,0.1776609,0.0,0.0,0.23770092,849.03326,225.78067,0.50736344,847.5386,226.76904,0.6551715,0.0,0.0,0.24347953,0.0,0.0,0.42904863,0.0,0.0,0.22735657,0.0,0.0,0.34935334,848.96954,261.72382,0.63845706,848.64557,262.24002,0.7186098,848.2424,293.6787,0.59915084,849.09705,293.98553,0.67054266,848.4981,323.64697,0.61827224,849.1115,324.01547,0.67349905
0.0,0.0,0.09883115,0.0,0.0,0.06166154,0.0,0.0,0.061535124,0.0,0.0,0.3537322,0.0,0.0,0.37107667,798.18536,215.19098,0.88005626,813.7676,215.33223,0.8972615,798.70667,229.9923,0.58711183,822.93713,230.96742,0.66347545,0.0,0.0,0.3929748,0.0,0.0,0.4533276,801.0974,250.58174,0.9597781,812.0044,250.8049,0.96372044,800.60693,280.359,0.94901526,815.3405,280.60962,0.9522255,800.8582,309.3755,0.92876387,816.8759,308.90536,0.93151796
0.0,0.0,0.3425986,0.0,0.0,0.12002873,0.0,0.0,0.3503336,0.0,0.0,0.085067436,641.3466,135.80243,0.51190114,635.3507,158.99373,0.57966244,639.44684,163.49887,0.8078339,0.0,0.0,0.17561728,636.0976,207.32611,0.61575884,0.0,0.0,0.15574975,0.0,0.0,0.4405534,637.4321,251.57294,0.77606094,642.84656,253.85872,0.86485326,638.05475,321.5572,0.7582832,654.016,322.93173,0.85839653,632.3932,380.9161,0.62562054,653.7466,383.0488,0.7352813
