0.0,0.0,0.14085338,0.0,0.0,0.06696113,0.0,0.0,0.09907626,253.08897,181.49803,0.6390065,269.76596,181.47507,0.7931382,241.59052,203.6782,0.9886742,278.73993,204.39009,0.9946089,227.0121,232.09523,0.9189618,290.89993,236.24443,0.9650474,227.44882,255.00934,0.7410176,296.98273,264.23074,0.8371844,249.7761,262.7041,0.9957182,272.83426,263.26562,0.99702126,253.23114,306.52563,0.98181343,271.9377,307.0504,0.9852572,257.165,347.79172,0.944455,268.84827,348.5738,0.9519607
415.94885,161.44792,0.9575509,420.85825,157.37912,0.8682433,411.55304,157.32944,0.9302424,427.19336,160.46704,0.57268715,404.6874,160.38602,0.78288394,436.8553,187.04529,0.9714328,392.3638,188.09567,0.99104124,443.62604,218.88142,0.88257295,390.23285,221.18526,0.9715577,438.7017,224.7966,0.8491499,419.36234,224.23528,0.9448075,430.44147,257.23248,0.9876902,399.3487,258.2764,0.99286795,435.95328,315.52475,0.9796188,399.4264,316.06085,0.9887678,435.53967,365.1132,0.9534559,400.07144,366.75134,0.9687973
0.0,0.0,0.20547019,0.0,0.0,0.06889421,0.0,0.0,0.19283387,0.0,0.0,0.33606386,663.27136,204.75854,0.7862934,641.2002,217.11882,0.97095406,666.9546,218.5644,0.987404,625.54376,237.22578,0.7890764,672.54877,240.48447,0.9301601,623.9508,256.5695,0.58754766,675.04474,261.67035,0.77531034,643.09015,256.8726,0.99064857,659.5791,257.36432,0.9939156,645.6708,288.16827,0.97844326,661.3214,288.2421,0.9849665,646.3393,318.32138,0.9600909,659.72833,319.59787,0.96913356
0.0,0.0,0.15553951,0.0,0.0,0.08563359,0.0,0.0,0.123444006,0.0,0.0,0.45477995,82.38191,216.77176,0.5957303,67.27683,227.83086,0.9741873,85.71275,228.74052,0.9791566,62.906998,242.60056,0.7742753,90.72789,243.42648,0.85045207,64.42505,253.16136,0.5472253,92.53786,253.7963,0.63339484,69.8362,256.82196,0.9865993,82.13519,257.31976,0.98806363,70.79322,278.82086,0.96441036,82.677246,278.80728,0.969275,70.66132,298.68192,0.940518,82.00012,299.0767,0.9471225
0.0,0.0,0.17288059,0.0,0.0,0.11119563,0.0,0.0,0.11361287,114.98513,219.65822,0.57562226,124.100586,219.6661,0.5428992,109.89458,230.49928,0.98269707,128.14078,230.673,0.982451,104.044304,244.60031,0.84632695,134.01003,244.646,0.8486525,104.12064,257.5876,0.6474544,134.67757,257.5031,0.6427003,111.93293,256.83154,0.9917637,123.40736,256.96954,0.9917175,112.18326,277.61444,0.9795243,121.90247,277.40057,0.9795873,111.7328,296.48404,0.96336037,120.531876,296.59793,0.9637934
479.66098,203.84694,0.91376704,482.71326,200.35887,0.81793666,475.8268,200.42491,0.88406014,0.0,0.0,0.4617701,468.69952,203.46506,0.70004135,487.19724,222.92175,0.9589285,465.1001,223.5581,0.9780392,492.24838,243.75464,0.79124093,464.0608,244.26566,0.9005029,490.3416,243.60321,0.7594282,474.06952,238.6927,0.8534737,483.8316,269.81296,0.97144586,469.05527,270.74762,0.9799575,483.47638,310.50745,0.96136516,471.5871,311.56888,0.9708071,482.9161,347.14877,0.9365782,468.68448,348.5705,0.94824255
0.0,0.0,0.2255268,0.0,0.0,0.13973626,0.0,0.0,0.20203185,0.0,0.0,0.45894462,164.56049,214.95094,0.6177857,149.91039,225.953,0.96710145,167.79022,226.65485,0.97288257,143.59462,240.63127,0.7496863,171.8963,241.28264,0.8336307,144.81337,252.18971,0.5670053,171.30025,253.06871,0.65716124,151.97922,254.0014,0.9854159,162.91466,254.28758,0.98697585,153.8163,276.74496,0.9741201,162.02664,276.82343,0.9775947,154.07355,298.6857,0.9577454,159.71164,299.1154,0.9622921
0.0,0.0,0.040969245,0.0,0.0,0.036344267,0.0,0.0,0.008014287,0.0,0.0,0.12988283,0.0,0.0,0.011477411,0.0,0.0,0.24933916,0.0,0.0,0.1702314,0.0,0.0,0.32861608,0.0,0.0,0.20098394,0.0,0.0,0.29405272,0.0,0.0,0.21711062,0.0,0.0,0.4932044,0.0,0.0,0.4665717,0.0,0.0,0.12895946,0.0,0.0,0.12395201,0.0,0.0,0.028690323,0.0,0.0,0.02893109
767.9614,83.99925,0.98371583,775.64264,73.67495,0.86499345,756.3612,74.14378,0.9944781,0.0,0.0,0.08994361,734.9682,81.71887,0.9819988,792.26276,145.01906,0.82189876,718.0659,147.42474,0.99416274,0.0,0.0,0.07077015,706.57367,234.57425,0.969522,0.0,0.0,0.06015458,705.84503,308.6252,0.85385805,788.8221,299.33755,0.5630173,739.84717,301.40707,0.90043867,0.0,0.0,0.03167709,0.0,0.0,0.20153815,0.0,0.0,0.007094165,0.0,0.0,0.033306442
765.4232,86.132774,0.9513466,772.6392,77.22841,0.8151133,752.74554,80.355865,0.95779294,0.0,0.0,0.32039356,735.0457,94.23548,0.865238,799.1799,142.34581,0.78247315,722.8428,150.63171,0.9843448,0.0,0.0,0.2932212,708.6921,225.31642,0.93741417,0.0,0.0,0.25437555,701.5264,295.45517,0.83466387,797.71185,282.39136,0.81553525,746.906,286.31815,0.94501424,787.9394,383.34525,0.5015294,744.505,388.766,0.79732585,0.0,0.0,0.24262567,0.0,0.0,0.4413231
578.382,214.31918,0.81782854,580.64575,212.15602,0.79677695,577.34766,212.24547,0.59538,585.48254,213.48793,0.7513947,0.0,0.0,0.32258955,590.1312,225.51938,0.9769712,576.1231,226.12988,0.9507017,590.27295,239.20415,0.91103244,573.46185,239.13162,0.6955307,579.2073,238.28192,0.8529357,574.67395,236.73415,0.6464878,585.8636,257.50757,0.9747171,577.27094,257.45633,0.9615513,582.0007,283.5951,0.96056145,577.7749,283.53757,0.9335112,582.89215,307.16882,0.9285799,581.90265,306.33136,0.89512324
0.0,0.0,0.081662804,0.0,0.0,0.062081285,0.0,0.0,0.042918686,325.6331,216.46751,0.58455724,0.0,0.0,0.36721808,320.47174,229.32379,0.96952885,342.53104,229.21667,0.96133906,312.87524,245.35739,0.7988461,349.64294,245.65515,0.6919268,311.53946,258.42072,0.5187232,0.0,0.0,0.40244684,323.73682,261.12726,0.98196155,337.9628,261.05823,0.97966295,322.2294,285.28046,0.93906695,337.006,285.26764,0.9293854,322.74133,306.30576,0.8878899,336.7352,306.12964,0.87612474
