0.0,0.0,0.015399068,0.0,0.0,0.009347254,0.0,0.0,0.002115635,639.26996,0.0,0.5604946,0.0,0.0,0.06177857,635.9703,51.45055,0.8633829,724.78467,40.631924,0.774815,595.58716,172.47958,0.81582594,738.03723,165.26103,0.69678664,630.433,163.65675,0.59991336,0.0,0.0,0.48634478,679.2775,275.86813,0.94961,733.0594,268.5081,0.94398165,663.3961,458.73584,0.5881133,693.04193,445.11926,0.57673633,0.0,0.0,0.06271196,0.0,0.0,0.063833855
0.0,0.0,0.11222542,0.0,0.0,0.06095791,0.0,0.0,0.06878763,248.98962,186.0367,0.6832366,265.4486,185.78354,0.74210554,239.39502,206.91537,0.9892307,274.70816,206.69092,0.9936964,229.50444,235.19675,0.9271407,287.17197,234.90991,0.9558518,225.37164,260.26694,0.75506204,288.0776,259.8392,0.80899775,245.93228,260.6972,0.9965132,268.85156,260.7654,0.9973273,242.23592,299.80267,0.9878736,267.01605,300.13306,0.9888799,242.47719,337.89267,0.9665237,265.76282,338.48288,0.96824306
452.2427,151.98775,0.9539464,456.36627,147.53387,0.84601736,446.64572,147.67583,0.93236727,462.40927,150.12314,0.52203315,438.47684,150.65558,0.81357116,473.25967,179.97137,0.96624017,428.92166,179.513,0.99120027,476.94626,214.87274,0.8394258,424.995,215.68938,0.97050124,461.18442,210.8955,0.8003155,454.8983,217.11877,0.94234043,468.2485,255.82005,0.9841376,439.0541,255.39357,0.99184656,460.88916,322.52344,0.9716296,440.4743,322.36176,0.9861027,445.11346,375.13483,0.9245903,434.32144,376.87396,0.95252377
505.81744,195.81532,0.91014516,508.46747,192.79988,0.83160186,502.9683,192.59856,0.86490303,512.3714,195.94861,0.5154294,496.13763,195.35777,0.62058365,517.57733,215.89337,0.9725822,487.03983,216.38605,0.97811586,525.9167,237.27359,0.88858676,481.14526,238.90471,0.90539455,519.8912,239.44176,0.8484822,490.3632,240.24478,0.85955,514.05774,269.81027,0.9863886,492.7885,270.67526,0.9876172,523.5198,313.34097,0.97955006,493.01456,314.1395,0.9797773,530.0156,354.46075,0.9617324,492.8807,355.37366,0.96186703
0.0,0.0,0.20639972,0.0,0.0,0.105454855,0.0,0.0,0.17300862,0.0,0.0,0.4535402,88.38222,216.50679,0.6933295,73.536156,227.69257,0.9658036,91.799774,228.45625,0.9813146,67.445175,241.50638,0.7867439,96.81172,242.54642,0.90320843,66.56352,254.22856,0.58843136,97.51613,254.77667,0.7365627,73.91205,255.32965,0.98566157,85.78444,255.7814,0.9894382,73.31,276.8816,0.9716099,83.31866,277.4046,0.9772536,73.8765,297.1061,0.9524088,82.208015,298.06305,0.95876443
0.0,0.0,0.20069702,0.0,0.0,0.110508494,0.0,0.0,0.18006656,0.0,0.0,0.44936916,164.83635,215.01251,0.6602852,150.17181,225.78851,0.9750668,167.58244,226.74002,0.98054755,143.16176,240.12582,0.7753171,171.54837,241.42554,0.86579937,143.55421,250.606,0.5547182,171.43541,252.0136,0.6659037,150.44215,254.40773,0.98459965,161.19981,254.82309,0.9864212,150.27834,277.104,0.95667285,160.41022,277.29242,0.9634218,148.22046,297.51212,0.9182633,157.286,298.2577,0.92848873
0.0,0.0,0.19211763,0.0,0.0,0.1258823,0.0,0.0,0.15763758,0.0,0.0,0.47863102,120.01543,218.53368,0.58029574,108.55909,228.9285,0.97196084,123.81422,228.88098,0.9755019,103.523415,243.20387,0.7962477,128.27802,242.9368,0.8485418,102.7734,255.28142,0.59573644,128.35889,255.42567,0.6573231,110.82944,255.0637,0.98416394,121.02004,254.9352,0.9856286,111.94312,276.0815,0.9605555,120.11485,275.8644,0.9645605,112.1646,295.35294,0.93404835,119.10609,295.15375,0.9394555
0.0,0.0,0.056182493,0.0,0.0,0.011115795,0.0,0.0,0.066733524,0.0,0.0,0.026867824,0.0,0.0,0.2546585,0.0,0.0,0.10034828,840.8694,128.80235,0.62442017,0.0,0.0,0.04841503,828.0446,227.26004,0.6342818,0.0,0.0,0.047214363,0.0,0.0,0.39409646,0.0,0.0,0.13159986,0.0,0.0,0.3620331,0.0,0.0,0.027235327,0.0,0.0,0.08834555,0.0,0.0,0.012886929,0.0,0.0,0.026885806
0.0,0.0,0.1816823,0.0,0.0,0.113323264,0.0,0.0,0.13059841,387.50995,203.57048,0.60034114,397.83557,203.8207,0.6199757,381.34592,217.19353,0.9872574,402.93747,217.61911,0.9873949,373.95822,235.56026,0.8612918,409.92596,235.9541,0.8778797,374.60596,250.45651,0.6420679,410.3671,250.72195,0.66420114,383.61783,251.8898,0.9928268,396.75876,252.08983,0.9929387,384.50403,279.31396,0.9732141,394.65363,279.2018,0.97414225,384.44983,304.8476,0.93644524,391.96558,305.20605,0.93859756
0.0,0.0,0.08074833,0.0,0.0,0.06116076,0.0,0.0,0.05153879,300.27856,221.12476,0.5102712,0.0,0.0,0.42068422,297.12393,233.24934,0.95574075,318.0705,232.11525,0.9514624,292.5947,249.0874,0.73561424,326.51843,247.52393,0.69745815,0.0,0.0,0.44740587,0.0,0.0,0.40959287,301.93933,263.52792,0.9700998,315.97488,262.92484,0.96959215,301.19675,287.29437,0.89327425,315.6458,286.76892,0.8897787,301.9408,307.38336,0.81115264,315.5448,306.4677,0.80826414
0.0,0.0,0.06990041,0.0,0.0,0.014349434,0.0,0.0,0.06946761,0.0,0.0,0.030483166,0.0,0.0,0.22830689,0.0,0.0,0.10407684,837.21967,123.358444,0.5304195,0.0,0.0,0.076404035,825.258,232.01895,0.5893947,0.0,0.0,0.11987803,839.97833,312.03708,0.5113201,0.0,0.0,0.15825924,0.0,0.0,0.35887358,0.0,0.0,0.052828968,0.0,0.0,0.12732555,0.0,0.0,0.016399471,0.0,0.0,0.02864342
0.0,0.0,0.13094002,0.0,0.0,0.124163896,0.0,0.0,0.055306457,348.56232,209.7576,0.5284392,0.0,0.0,0.15315513,348.18478,219.76265,0.9232525,359.1725,219.28845,0.88514614,343.46817,234.7563,0.74886835,361.45743,233.879,0.52045083,337.31915,242.03088,0.57691574,0.0,0.0,0.37885448,349.64084,248.84879,0.97620547,356.7409,248.29086,0.9705155,345.12613,274.97885,0.9681885,350.8748,274.4925,0.9571379,347.09213,301.3142,0.94773555,349.9759,300.28528,0.934809
