0.0,0.0,0.18051359,0.0,0.0,0.11961937,0.0,0.0,0.05696121,300.55103,154.4771,0.5448372,0.0,0.0,0.25475714,287.70502,182.85095,0.9450282,334.26443,184.04564,0.9019839,275.2606,226.29414,0.8932383,338.15543,222.58203,0.7477187,275.66187,261.48752,0.8019162,324.84863,243.0529,0.64920074,291.5121,260.16257,0.98906714,323.35007,262.24393,0.9841331,289.0533,324.36472,0.9902339,325.5038,334.5181,0.9864999,284.73718,383.42148,0.9764483,323.56964,399.10608,0.97157514
613.0195,195.50696,0.96139854,615.8592,193.02852,0.92011493,610.58203,192.74013,0.9271774,619.53094,195.42622,0.72896886,606.50824,194.48824,0.75634384,624.5183,213.98184,0.99410903,599.87115,211.96147,0.99695075,631.9924,235.22284,0.95873106,591.4148,229.01068,0.97944415,634.06793,255.24542,0.934251,585.20856,246.51436,0.9589058,617.56433,254.63852,0.9946102,602.68195,253.7192,0.996327,612.91364,284.22116,0.98266715,600.6841,283.16748,0.9862148,614.79767,311.66855,0.9532938,605.3425,310.46036,0.9596229
0.0,0.0,0.22469008,0.0,0.0,0.09673129,0.0,0.0,0.20440306,179.29402,209.77686,0.53438187,190.20071,209.16104,0.8445607,170.2276,224.31245,0.98400706,196.66911,222.16382,0.99322635,162.48521,242.88753,0.8708823,210.55064,236.21992,0.9591714,162.83495,257.89084,0.68563247,211.3359,247.15227,0.838936,176.61841,258.84085,0.99112415,193.5758,258.2418,0.9943119,178.03496,284.24686,0.96939564,192.43362,283.69202,0.9782088,181.65195,307.93457,0.93003017,193.72612,307.88525,0.9439583
464.81903,214.79506,0.8901926,467.2697,212.3646,0.82766104,462.9718,212.33614,0.80092895,471.26505,212.98424,0.6638876,459.98032,212.85866,0.5788512,477.13077,225.07628,0.9869005,454.54196,225.19633,0.9880326,484.0131,237.95996,0.9342741,447.65594,238.53607,0.92472535,476.38034,236.01074,0.89939684,454.42236,237.66362,0.8823755,471.26437,260.10123,0.9922184,456.7869,259.86115,0.99241745,469.83212,286.75446,0.98658574,453.76685,286.26486,0.98527735,468.17685,312.26993,0.97263646,454.7245,311.52502,0.9706119
662.3082,206.89528,0.90417457,665.36426,204.4686,0.8874445,660.4061,204.44649,0.78174436,670.32764,206.65714,0.79686165,0.0,0.0,0.45491543,675.56476,221.80518,0.9856355,653.6565,222.13791,0.97512573,680.28595,238.39915,0.9304863,647.87744,237.89209,0.8052356,676.1566,247.08849,0.8795029,649.7721,244.86302,0.7410124,670.40265,256.0834,0.9761923,656.0234,256.11728,0.96804976,671.2941,280.94058,0.9460731,654.4384,280.82892,0.91972435,673.51855,304.28162,0.8914023,656.2665,303.54175,0.8549346
0.0,0.0,0.19758704,0.0,0.0,0.1312113,0.0,0.0,0.13885988,242.599,217.9287,0.5287738,250.91556,217.7383,0.5337342,238.31503,228.03748,0.9729029,255.64061,228.01562,0.97323483,233.50482,240.40353,0.7964151,262.15384,240.36777,0.8069127,234.4647,250.65794,0.6041088,262.87677,250.18204,0.6121023,243.14134,252.40681,0.9867365,253.64676,252.5438,0.9869185,243.04514,272.74942,0.9741623,252.14034,272.52347,0.9746414,242.50244,292.36475,0.9577343,250.43152,292.3939,0.95879835
0.0,0.0,0.25664097,0.0,0.0,0.24732065,0.0,0.0,0.16123371,0.0,0.0,0.31183937,0.0,0.0,0.15085706,841.7008,226.98727,0.5501605,0.0,0.0,0.4620183,0.0,0.0,0.38285366,0.0,0.0,0.23580478,0.0,0.0,0.3336724,0.0,0.0,0.22306643,842.0876,266.05484,0.50426024,0.0,0.0,0.4618742,844.20325,297.90433,0.5196206,0.0,0.0,0.4631327,847.7874,330.3396,0.5383287,0.0,0.0,0.49872142
0.0,0.0,0.26955146,0.0,0.0,0.18056963,0.0,0.0,0.21912624,0.0,0.0,0.34479797,0.0,0.0,0.3992107,816.3237,223.37619,0.9096375,828.3465,223.18483,0.92181635,810.56903,242.97934,0.6176178,830.26385,240.58595,0.69816136,0.0,0.0,0.4913903,829.00726,250.56532,0.55670786,820.97107,260.46667,0.9689686,828.3409,260.31287,0.9704874,822.61035,292.58276,0.9515002,829.26666,291.89825,0.9551723,824.14703,323.54358,0.9120481,830.2875,323.08774,0.91683805
0.0,0.0,0.12420808,0.0,0.0,0.12346013,0.0,0.0,0.05209842,0.0,0.0,0.49204,0.0,0.0,0.13125934,787.3299,221.07047,0.86252326,801.8022,219.39374,0.7793609,785.52405,238.93074,0.6178738,0.0,0.0,0.32888287,0.0,0.0,0.41724405,0.0,0.0,0.2233512,792.32745,253.37962,0.9212756,800.97504,252.5278,0.89868796,791.8433,281.68817,0.8834968,799.00916,281.12326,0.8427553,795.9932,309.45444,0.8279278,800.15234,308.23077,0.78657454
414.5941,226.53606,0.8476112,416.4987,224.67224,0.8377661,413.55615,224.57614,0.71302146,420.56726,225.52133,0.7325895,0.0,0.0,0.37035245,424.73553,235.35426,0.9810817,411.1728,234.92911,0.9700275,427.03497,246.72849,0.90318733,406.60388,245.29137,0.79468995,422.03894,253.11107,0.86079955,405.75616,251.61275,0.75862855,421.7367,258.8299,0.9799793,413.30228,258.40942,0.97509176,418.68536,276.65512,0.9537639,411.8979,276.19873,0.93992364,419.11072,293.90118,0.9107006,413.61154,293.24368,0.89149606
