0.0,0.0,0.36998802,0.0,0.0,0.19024186,0.0,0.0,0.11124488,303.23636,135.03365,0.73389584,333.01584,134.12964,0.5822515,287.242,172.51085,0.9942232,345.54266,171.24788,0.9870395,261.70132,225.57683,0.982545,365.3547,225.2595,0.9385257,241.78033,264.0047,0.9401046,364.85223,271.739,0.86299664,295.97974,271.2859,0.9981229,334.5374,270.98834,0.9969169,286.34286,342.1999,0.9929363,330.94766,338.71802,0.9886404,293.6647,417.93933,0.95387125,333.39185,408.2457,0.94032705
0.0,0.0,0.107084826,0.0,0.0,0.059718806,0.0,0.0,0.097961046,0.0,0.0,0.44074935,83.68252,209.58632,0.6349803,65.67721,223.1548,0.9796267,88.70205,223.45407,0.9838927,58.04575,241.84674,0.81932306,95.09444,241.23123,0.8957804,59.35665,257.1436,0.60033697,94.9286,256.80618,0.7109119,68.64049,257.75806,0.99478984,83.75545,257.8119,0.9954514,68.60648,285.229,0.9885954,85.06825,284.95782,0.99045825,67.322975,311.0338,0.97818357,83.97868,311.12286,0.98112464
416.69864,156.6769,0.96011704,420.66583,151.98294,0.8818744,411.69266,151.30269,0.94894046,0.0,0.0,0.47892368,401.08902,153.77168,0.8357573,426.23734,188.85365,0.98469037,388.54037,186.38403,0.9941294,432.50732,229.68724,0.8916039,375.6576,227.2675,0.968094,441.3973,268.19403,0.85345626,376.08963,268.32745,0.934877,417.9123,267.15417,0.99172956,394.98972,266.9845,0.99497753,413.58685,325.44864,0.9783438,403.2351,325.57742,0.9851929,410.10843,378.1167,0.9333494,405.63815,378.5416,0.9487355
501.17004,174.87462,0.88636947,505.76932,171.82983,0.79202145,497.94016,171.13922,0.8263559,510.1614,176.72438,0.569596,491.9441,174.68225,0.63457084,510.82724,201.13942,0.9582079,484.61417,198.55981,0.96275353,510.99222,226.14194,0.8271982,481.04913,219.77519,0.85265625,506.49548,220.05795,0.71546894,491.8799,211.61536,0.7519791,504.07825,267.09,0.99015146,483.60315,266.82385,0.9902228,512.5454,319.68304,0.99065536,479.39603,321.55804,0.9915344,515.966,371.068,0.98463076,474.88843,376.2325,0.9858402
0.0,0.0,0.08257003,0.0,0.0,0.095082164,0.0,0.0,0.023409989,659.3648,180.85568,0.845191,0.0,0.0,0.35954767,653.93646,202.46936,0.98184055,690.3608,200.37474,0.9613531,647.5695,232.41737,0.9177123,700.1389,229.24316,0.70298886,645.626,255.4745,0.6957513,0.0,0.0,0.41607097,660.13184,257.1157,0.9929363,684.55273,256.1354,0.989393,656.10956,300.45712,0.98818225,681.2249,300.21817,0.97892785,659.634,343.2431,0.9744529,684.4476,341.70804,0.96069664
0.0,0.0,0.109303795,0.0,0.0,0.07346941,0.0,0.0,0.04981653,528.20416,180.98055,0.5873798,0.0,0.0,0.47627538,525.31946,198.9722,0.96611416,552.13947,198.47133,0.97485936,523.9898,223.20164,0.84912664,561.0698,227.05319,0.8880228,524.2229,242.23422,0.63704556,561.83636,253.61595,0.6958271,531.87726,251.95195,0.98773384,549.99365,251.36685,0.990203,526.40857,291.7332,0.96605575,546.1263,291.0654,0.96980625,536.2839,328.9856,0.91739315,556.3632,327.32077,0.92384577
0.0,0.0,0.07754773,0.0,0.0,0.03987976,0.0,0.0,0.055751454,0.0,0.0,0.38143942,804.3241,196.52917,0.57280356,779.3586,215.82597,0.91861403,811.6049,216.1523,0.93758065,770.004,238.73637,0.6587618,819.443,241.15762,0.7676482,0.0,0.0,0.4053023,818.3972,260.9566,0.5089641,783.4683,262.31686,0.97209567,804.13934,262.38248,0.9762305,782.3082,294.46954,0.9599681,799.62213,294.63995,0.96408296,783.7154,328.98654,0.9453562,796.98645,329.46057,0.94935405
0.0,0.0,0.27697828,0.0,0.0,0.103741445,0.0,0.0,0.25490847,0.0,0.0,0.30141348,132.9111,209.86835,0.76420814,115.55962,224.68867,0.95523965,136.54114,225.31023,0.98110616,109.05358,243.12883,0.70478743,142.17459,245.05864,0.9155881,110.18166,256.0348,0.5294732,143.74985,258.94263,0.77743816,117.1069,260.69083,0.98259085,130.68872,260.77753,0.9895298,118.12177,286.9333,0.9682206,127.82426,286.76355,0.98052144,117.23288,311.03418,0.9487953,123.60067,311.7471,0.96411884
0.0,0.0,0.14885865,0.0,0.0,0.08275958,0.0,0.0,0.09874592,0.0,0.0,0.4385581,177.85185,204.73212,0.5297768,162.84627,221.5216,0.95956635,183.83736,221.16069,0.9762956,158.05016,241.86942,0.8109313,191.03958,241.30754,0.8980607,154.6543,256.8889,0.6208703,193.40735,257.4135,0.73218375,168.33911,257.6713,0.98683316,181.24867,257.75775,0.98993695,172.2205,285.4562,0.9698261,180.41913,285.50507,0.9748746,175.76834,311.01187,0.94313365,177.51025,310.69977,0.94988585
0.0,0.0,0.16841142,0.0,0.0,0.10660151,0.0,0.0,0.10707142,764.2879,188.28401,0.67872167,775.18884,190.90384,0.6336376,750.4753,205.12671,0.9663535,778.7791,210.06741,0.95920837,732.7929,224.9854,0.71597695,780.9191,232.89601,0.61711454,0.0,0.0,0.41762692,0.0,0.0,0.31924155,745.02765,253.03546,0.979749,763.5906,255.23734,0.97566366,739.79767,291.39078,0.96961606,763.55096,293.958,0.9585425,737.61237,327.65295,0.9506498,761.48785,331.3163,0.93730634
0.0,0.0,0.038704548,0.0,0.0,0.040254056,0.0,0.0,0.023227673,0.0,0.0,0.09927657,0.0,0.0,0.044784557,0.0,0.0,0.14347413,0.0,0.0,0.14110962,0.0,0.0,0.18328223,0.0,0.0,0.15518871,0.0,0.0,0.18369713,0.0,0.0,0.15955634,0.0,0.0,0.2195191,0.0,0.0,0.22579113,0.0,0.0,0.2464582,0.0,0.0,0.24272002,0.0,0.0,0.2617031,0.0,0.0,0.2649149
