0.0,0.0,0.16242975,0.0,0.0,0.041597642,0.0,0.0,0.13266823,0.0,0.0,0.26304922,289.5214,164.11125,0.78070456,247.84108,188.236,0.9672693,291.10297,192.20605,0.9824096,232.22739,229.4628,0.815493,296.8204,232.51878,0.923441,232.15466,262.47406,0.61460453,292.46136,256.40338,0.75518686,247.94615,266.43243,0.9898825,275.06714,268.15915,0.9927806,255.71115,323.89966,0.97293913,271.59995,325.33594,0.98009926,261.43878,376.362,0.91462356,267.79236,380.57904,0.9319264
0.0,0.0,0.10020226,0.0,0.0,0.046720646,0.0,0.0,0.06658393,0.0,0.0,0.37158698,426.02646,213.71823,0.55367893,402.09695,230.96245,0.9584585,433.92917,230.50606,0.9658282,393.72308,252.61278,0.8215116,444.4878,254.96655,0.8603829,393.2851,268.24747,0.61047983,447.59583,273.75735,0.6590914,410.3361,276.46048,0.9848868,429.75195,275.99677,0.98686916,415.82263,311.50238,0.9561573,426.46173,310.82135,0.96017456,421.08972,343.87762,0.90290475,423.21774,343.73392,0.9095815
0.0,0.0,0.18963508,0.0,0.0,0.09225425,0.0,0.0,0.1345792,620.6151,193.1796,0.5975119,636.5782,192.64833,0.7872926,610.7937,217.19395,0.986565,643.71594,216.07329,0.99257433,601.8786,248.57603,0.9010834,652.80963,246.01492,0.9504664,605.7982,275.57437,0.7177329,658.6925,270.7105,0.80738384,620.82434,270.9658,0.9945205,641.77515,271.0391,0.99601376,626.8624,310.76788,0.9827681,641.51245,310.8196,0.98604286,628.90814,348.23816,0.9533378,638.69055,348.54105,0.95971394
0.0,0.0,0.06348372,0.0,0.0,0.02093754,0.0,0.0,0.061734863,0.0,0.0,0.27391234,496.29422,203.03946,0.7189841,471.12503,223.04053,0.9178154,502.25656,223.49643,0.95628273,463.13678,248.30531,0.5095151,511.52612,249.3694,0.7713661,0.0,0.0,0.25515246,0.0,0.0,0.4410181,481.65613,276.86548,0.96804374,503.01956,277.63196,0.9768729,479.7341,314.53214,0.9225705,507.2682,314.91583,0.9405863,481.51187,350.2849,0.87291366,510.3845,351.01865,0.8935149
348.86993,186.87254,0.91715443,352.94104,183.55966,0.91762054,346.90643,183.79105,0.7223007,361.7001,186.01389,0.8717383,0.0,0.0,0.30302092,369.35425,205.26707,0.9915012,345.85214,207.47601,0.9788504,369.15338,226.3421,0.96599466,342.149,228.75687,0.80443656,348.45065,216.64117,0.9377784,341.49954,219.29057,0.76938105,365.0469,257.8373,0.9918018,349.96698,258.26706,0.9866328,359.28012,300.3341,0.98389167,351.63635,300.76816,0.9683178,360.5834,340.28052,0.9565243,357.41867,339.7176,0.928267
539.91895,192.73738,0.88788146,542.0702,190.09229,0.7888476,537.11676,190.00156,0.8290626,544.755,193.27618,0.5457407,531.67017,192.80894,0.66039324,548.9793,211.87326,0.9750656,526.2942,212.71068,0.9811732,554.9925,230.96426,0.84095544,521.24524,235.12598,0.8762531,554.45575,240.0933,0.7759179,525.8347,248.49495,0.8041244,549.75165,256.4358,0.97739285,535.70447,257.45093,0.980475,552.33,292.18976,0.9541708,544.5236,293.09222,0.9577804,551.10864,326.14468,0.91007924,547.0094,326.80734,0.9148342
192.4081,204.75374,0.82287467,195.4453,201.39946,0.82044685,190.13531,201.71358,0.59500694,202.26186,202.20222,0.7178491,0.0,0.0,0.23291332,211.2345,218.67514,0.96595573,185.12558,219.77155,0.9130995,220.5688,238.69116,0.90422213,180.7335,237.02913,0.59603816,213.5959,242.43344,0.8504218,185.01039,230.36058,0.57647824,206.25644,266.3482,0.9766797,190.09465,266.89468,0.9603858,204.33372,308.3505,0.9748571,193.86517,309.0233,0.95184803,207.06749,349.65756,0.94990855,200.28522,349.68045,0.91888183
0.0,0.0,0.082284875,0.0,0.0,0.044493787,0.0,0.0,0.057932112,0.0,0.0,0.35595247,0.0,0.0,0.49318388,679.12866,220.38065,0.9306858,702.9906,220.10136,0.9469275,675.10986,238.45132,0.6984284,709.8985,237.13776,0.7850087,0.0,0.0,0.46166673,708.5254,251.73051,0.5458983,683.87195,252.92339,0.97955817,699.829,253.01437,0.9826836,684.7628,278.05225,0.96593106,700.31714,278.2014,0.9694029,686.5674,302.72885,0.94884634,701.0919,302.97717,0.95218456
0.0,0.0,0.24996555,0.0,0.0,0.1638086,0.0,0.0,0.1486634,0.0,0.0,0.4761957,0.0,0.0,0.4466093,146.06038,221.44717,0.92554164,167.74548,223.15576,0.9062508,138.30487,241.71977,0.6872231,168.727,242.50668,0.5866139,0.0,0.0,0.49328852,0.0,0.0,0.40482458,147.60748,264.5735,0.9639367,162.59369,265.58823,0.95847493,145.39781,297.94794,0.9617015,162.44867,299.0507,0.9527952,145.44647,331.00793,0.9511082,163.25632,332.5444,0.94309855
0.0,0.0,0.2183457,0.0,0.0,0.16948007,0.0,0.0,0.13454565,0.0,0.0,0.32817882,0.0,0.0,0.22478752,655.7518,218.22635,0.85810596,662.6607,217.70505,0.8155212,658.3114,242.48181,0.5673541,0.0,0.0,0.43669707,0.0,0.0,0.40181923,0.0,0.0,0.31229398,655.66046,262.46524,0.9305498,660.38995,262.09552,0.92172223,656.3938,297.6,0.9020143,659.5646,297.4127,0.88694257,659.024,331.71854,0.85752743,660.4387,331.7447,0.8421425
