0.0,0.0,0.2558796,0.0,0.0,0.1369492,0.0,0.0,0.07817494,284.90012,149.49454,0.7529256,0.0,0.0,0.43663585,268.85147,183.701,0.98998636,328.33185,184.95032,0.9741222,238.45955,228.62814,0.96958095,337.32867,237.53694,0.9048727,243.38527,253.50755,0.90432703,334.4717,277.31058,0.79556566,280.71158,274.41855,0.9973333,317.33444,273.94077,0.9959521,282.54456,338.95926,0.9924545,304.1697,338.1418,0.98938423,287.41284,403.55746,0.9648031,296.5122,404.99,0.95700353
460.3596,144.78487,0.92607945,462.0841,140.98373,0.5415526,455.5848,140.57341,0.91840386,0.0,0.0,0.19062138,438.90024,146.02394,0.90226525,460.34952,180.81111,0.96862555,421.54184,182.924,0.99758744,470.27463,225.34164,0.8676205,409.43835,231.16861,0.9950087,477.4683,263.83673,0.8534669,408.23135,275.92212,0.98749304,460.92236,264.6504,0.9963452,435.7187,266.81058,0.99896157,462.31244,325.70322,0.9933569,437.67175,331.44955,0.9981523,451.27066,380.66818,0.9797013,429.40826,392.57257,0.99106747
0.0,0.0,0.08383732,0.0,0.0,0.046192277,0.0,0.0,0.03987288,814.052,193.4905,0.52957445,830.8738,193.5239,0.50953263,804.6171,215.18112,0.9507332,838.83484,214.92323,0.9300867,795.54926,244.1407,0.7551906,845.34937,243.67961,0.6230611,0.0,0.0,0.47663018,0.0,0.0,0.35394424,809.5121,270.69534,0.9746022,834.88184,270.47772,0.97074306,800.7338,312.6878,0.9531129,840.724,312.69568,0.9424591,790.9574,353.35272,0.91150326,842.0698,353.88083,0.8993164
0.0,0.0,0.3639303,0.0,0.0,0.32434368,0.0,0.0,0.17702241,653.95575,182.77086,0.8618068,663.6417,182.34512,0.64186114,647.6869,203.9935,0.9882556,676.26294,202.46631,0.9854628,640.67847,232.50046,0.8979877,688.6185,228.68805,0.81974524,640.80035,255.05435,0.69774175,688.3069,249.60411,0.5737621,655.3842,255.72185,0.9911901,673.35095,255.30331,0.9898371,654.7842,297.9978,0.9838367,669.0539,297.9554,0.97802824,658.9336,340.96176,0.96531236,667.7355,339.80066,0.95592827
0.0,0.0,0.31514272,0.0,0.0,0.120023794,0.0,0.0,0.31383815,0.0,0.0,0.38635686,83.84765,210.72552,0.83809227,66.96348,225.7183,0.9719131,87.26737,225.22989,0.98837507,61.30547,245.09218,0.76855516,94.174126,242.99257,0.9352426,60.52938,259.61057,0.57634604,95.926674,256.61215,0.7975447,68.6643,260.1487,0.9859136,82.05673,259.85562,0.9910952,68.365776,285.30746,0.9665691,79.707405,284.9056,0.9775114,69.457245,307.53714,0.9400251,79.3424,308.06815,0.95413965
0.0,0.0,0.16384909,0.0,0.0,0.11404254,0.0,0.0,0.10219456,121.20014,211.43604,0.6174512,131.38695,211.63924,0.5162793,115.70114,224.16505,0.98584324,136.58813,224.4272,0.9838162,108.42543,240.52884,0.8753516,142.22269,240.90268,0.8475804,107.863785,253.09456,0.68839514,140.99611,253.38399,0.6445561,118.12823,256.10806,0.9949044,131.28561,256.26172,0.9945859,117.51902,281.5787,0.98861516,130.24065,281.55243,0.98777163,117.446724,306.45206,0.976489,129.06439,306.6353,0.9753852
0.0,0.0,0.13558151,0.0,0.0,0.07890325,0.0,0.0,0.08330055,0.0,0.0,0.46481502,0.0,0.0,0.49262214,162.59547,219.59756,0.9600262,182.67038,219.64197,0.9701432,157.58311,238.96597,0.807521,188.32153,238.92401,0.8527925,155.81268,252.93285,0.6087282,188.60492,253.57314,0.6563097,165.61043,254.2315,0.9881044,178.97488,254.34947,0.9896137,163.18443,281.23547,0.9780763,177.75616,281.45804,0.9787572,161.95535,307.30612,0.96273804,175.59741,307.37772,0.9632929
373.66248,209.92111,0.8955272,375.84827,207.51834,0.77756256,371.1516,207.27913,0.86539674,0.0,0.0,0.46086103,365.47736,209.49132,0.72231734,380.14584,226.61691,0.9669806,358.7303,226.32845,0.9824995,382.8269,244.76996,0.81033397,356.15784,245.27919,0.9180165,381.18726,252.63211,0.76242006,363.9523,253.24405,0.8663821,374.7253,264.45834,0.97698146,360.9669,264.69476,0.9837329,374.76868,296.4441,0.962751,363.5206,296.68597,0.9722606,370.35587,325.86493,0.94307005,360.94797,326.23984,0.95404637
548.67285,164.29028,0.94477135,552.90546,160.50204,0.81102604,544.4861,160.69922,0.92528677,0.0,0.0,0.4972478,535.0613,163.8787,0.8391528,560.1931,190.80913,0.973112,521.4558,189.5713,0.9924114,567.9011,223.62599,0.8644311,504.12735,214.67322,0.9728842,566.12524,232.34335,0.81255555,517.35956,205.97586,0.9449273,553.0854,254.45766,0.9904089,528.472,255.91498,0.99469155,553.509,310.56192,0.97946507,534.8414,318.4318,0.98954904,543.95154,362.6773,0.9395928,534.1087,375.32324,0.9609844
0.0,0.0,0.15796566,0.0,0.0,0.082160786,0.0,0.0,0.12540063,0.0,0.0,0.29458284,795.79877,199.68097,0.52077436,776.9707,216.21117,0.82789034,797.2851,217.4541,0.87099284,0.0,0.0,0.414401,796.4295,240.37602,0.5579956,0.0,0.0,0.25550205,0.0,0.0,0.34083474,779.9834,259.37662,0.88458043,793.6812,260.37778,0.9013481,781.0093,292.61713,0.8464065,794.49133,293.627,0.8646932,780.93933,325.6283,0.80410373,792.88965,327.18176,0.82190675
