0.0,0.0,0.07298016,0.0,0.0,0.026311949,0.0,0.0,0.06922038,0.0,0.0,0.3218702,410.47675,188.95006,0.74473876,382.75156,208.50787,0.9567078,416.3932,209.06458,0.983493,377.014,237.3331,0.75186485,428.85828,233.93735,0.93686783,379.67572,256.72318,0.50192004,429.33618,246.18082,0.75829095,386.7216,266.40384,0.99131095,408.0015,267.03488,0.9948068,387.96982,307.74612,0.98034406,402.2193,308.48602,0.9872329,393.19293,348.27872,0.95316017,400.0107,349.99512,0.9650382
0.0,0.0,0.07567113,0.0,0.0,0.043596365,0.0,0.0,0.045362685,0.0,0.0,0.4294043,0.0,0.0,0.48964673,745.03564,223.2701,0.9585092,771.8875,222.29805,0.9738743,743.92865,246.21895,0.8490714,780.1163,243.77528,0.91382337,743.7349,264.16415,0.664759,777.3694,260.6108,0.76026756,750.171,265.12198,0.9913933,768.6062,264.79156,0.99345714,751.6459,297.6093,0.98166037,769.8978,297.34018,0.9848067,751.6469,328.36224,0.9600305,769.6647,327.78018,0.9649717
0.0,0.0,0.12100101,0.0,0.0,0.0661042,0.0,0.0,0.08528342,487.83588,215.62404,0.56273353,501.15906,215.73907,0.6726778,478.40704,232.53676,0.9654691,508.86987,232.60829,0.97375846,469.36087,255.09695,0.7975901,516.6571,254.57909,0.854663,470.62592,275.10498,0.5505488,519.96594,274.0362,0.6139695,482.85797,272.90775,0.98647493,502.82553,273.1969,0.98783594,481.91394,302.8175,0.97354543,503.05316,303.16702,0.97365856,482.16705,331.3193,0.9547705,502.28445,331.6596,0.95431304
729.8576,181.36716,0.946628,732.93726,178.04579,0.7674951,726.41064,177.27968,0.93431103,0.0,0.0,0.3962181,715.12256,179.02895,0.8782552,733.5833,206.68805,0.97181207,700.879,204.3749,0.99489754,737.3261,241.365,0.8587858,688.4658,238.4121,0.9830153,736.0689,271.08725,0.8026143,682.9572,270.49414,0.9587648,725.8384,267.81116,0.9908178,703.2929,266.99744,0.99586654,729.6322,319.5068,0.9813176,700.6379,317.59363,0.9919045,729.7462,363.6924,0.95290494,699.7233,363.53226,0.9728822
209.14165,168.84448,0.925738,213.68173,164.59099,0.898766,205.25055,164.66946,0.8516587,221.25797,167.18193,0.71851104,199.66257,167.58987,0.50549954,231.44095,192.69733,0.97869134,193.01477,194.64214,0.97861415,239.5114,216.54874,0.8864997,184.5377,224.90663,0.8443676,224.578,200.27249,0.84136915,193.21608,223.24828,0.78387976,224.4839,261.15204,0.98769045,200.43106,261.4912,0.98724174,220.83911,313.24182,0.9835414,202.6644,312.74365,0.9799697,220.72401,362.74225,0.9635133,212.50949,361.07852,0.95762604
0.0,0.0,0.062209222,0.0,0.0,0.036065456,0.0,0.0,0.040790856,0.0,0.0,0.30365315,0.0,0.0,0.3907061,520.1512,227.74335,0.89416784,545.57587,224.86514,0.91170496,516.85455,250.18314,0.69439507,556.06354,243.72632,0.77025545,0.0,0.0,0.48164114,554.6536,256.17075,0.56323934,528.85376,266.3353,0.97653276,545.2384,265.23444,0.979385,532.9935,296.73715,0.97103196,544.3926,295.78485,0.97367233,534.85474,327.02655,0.9621102,541.7624,325.59564,0.9644912
256.54797,193.94217,0.89029235,260.64804,190.38614,0.9148283,254.50046,190.26357,0.6325093,269.29938,192.42659,0.87979555,0.0,0.0,0.17748828,279.42395,213.30362,0.9863886,248.88454,214.01094,0.93435353,283.28995,238.63696,0.96150994,242.93217,239.41858,0.5524893,261.78333,236.7258,0.92417896,245.36742,239.8455,0.5424945,270.64328,270.23438,0.9874249,250.10278,269.75626,0.9688542,268.07758,313.48163,0.98374385,244.6051,312.93103,0.9516215,270.11102,354.9787,0.9603828,246.42601,353.14307,0.91143745
0.0,0.0,0.2586476,0.0,0.0,0.22651862,0.0,0.0,0.11797962,664.1349,202.95657,0.69908714,0.0,0.0,0.4022249,659.9503,217.83475,0.9599943,678.8225,217.72719,0.91303575,654.4364,235.60599,0.77221435,0.0,0.0,0.46542636,649.3427,254.2901,0.5216059,0.0,0.0,0.28385323,661.8419,252.81667,0.95940924,674.65796,252.56999,0.9388701,658.7468,279.5865,0.93202126,673.24585,279.75928,0.8931005,661.8464,303.53412,0.89101255,675.9304,303.29706,0.84971625
184.42154,187.97556,0.83000433,187.08092,184.76648,0.6968368,182.19142,184.5929,0.7815721,0.0,0.0,0.4451948,178.892,187.50052,0.6431673,195.81616,211.75002,0.9455812,171.83601,211.52504,0.9753272,198.90434,238.44681,0.6281585,163.77275,240.53679,0.84560627,188.88403,248.2343,0.5323766,164.02977,259.12924,0.72163934,191.98575,267.12012,0.95263106,176.77838,266.88184,0.9692728,191.14151,307.2133,0.88883173,175.7636,306.6111,0.921697,191.79529,344.0059,0.8287416,177.04784,342.94376,0.8666141
0.0,0.0,0.2998003,0.0,0.0,0.1433799,0.0,0.0,0.27532616,0.0,0.0,0.11039641,0.0,0.0,0.3768195,162.45084,217.68362,0.63141,152.19585,217.99112,0.83018404,0.0,0.0,0.3180256,143.29938,242.12532,0.7193008,0.0,0.0,0.31344384,150.77151,262.25027,0.61821884,157.67632,263.07294,0.85137963,151.5932,263.4026,0.91131794,154.04231,296.19757,0.8501184,149.41852,296.4731,0.90937173,150.331,329.37585,0.829528,148.2732,330.01953,0.88347507
0.0,0.0,0.12840419,0.0,0.0,0.062008146,0.0,0.0,0.1444154,0.0,0.0,0.21338752,649.76276,210.19255,0.57837933,632.6482,221.35417,0.8613572,649.7969,222.29431,0.9163304,0.0,0.0,0.44697145,650.2935,239.31593,0.7144661,0.0,0.0,0.2865526,0.0,0.0,0.48483032,636.32367,253.28128,0.9358815,647.19653,254.04639,0.9511794,637.76544,279.34576,0.89279664,647.37213,279.83548,0.9196676,638.4097,303.87445,0.84615946,645.8542,304.99326,0.87529194
0.0,0.0,0.17579283,0.0,0.0,0.085420474,0.0,0.0,0.13887341,0.0,0.0,0.34501332,459.76782,214.78937,0.5959139,441.88007,226.43153,0.9256402,464.00253,226.80542,0.9460353,435.1765,241.56757,0.6251373,468.87192,242.09027,0.7617486,0.0,0.0,0.42547125,470.06232,252.84998,0.5472249,444.67972,257.66385,0.9691129,459.06967,257.88538,0.97458774,445.95193,282.23523,0.95843494,457.8625,282.3931,0.9650917,448.13882,305.97403,0.9457768,457.1089,306.5402,0.9520128
