0.0,0.0,0.19962978,0.0,0.0,0.24166334,0.0,0.0,0.026213713,475.1304,46.458168,0.94182044,0.0,0.0,0.18923408,458.09332,110.03933,0.9842138,544.33624,106.42919,0.86865866,424.33182,191.51605,0.94178617,0.0,0.0,0.45010749,451.2956,226.25961,0.8137182,0.0,0.0,0.31931165,469.8827,263.65295,0.97996175,523.43854,260.94604,0.9460612,476.3773,405.76917,0.8934222,497.1155,404.58527,0.7634855,0.0,0.0,0.40908816,0.0,0.0,0.27973968
0.0,0.0,0.09535016,0.0,0.0,0.062701665,0.0,0.0,0.05550055,222.84024,193.89394,0.6128006,239.21754,194.1151,0.58470064,213.95152,213.82254,0.97593963,247.39899,215.5036,0.98034966,200.44008,236.30913,0.8587952,255.49388,243.21498,0.87580764,200.26172,252.52193,0.6174951,258.58145,264.50577,0.6395177,221.30708,263.21817,0.9914784,241.31857,264.13525,0.992254,226.6584,297.03253,0.98095167,236.44124,298.0622,0.98062336,233.23149,330.2095,0.9604905,232.43913,330.94864,0.95959723
0.0,0.0,0.37764892,0.0,0.0,0.3064361,0.0,0.0,0.13244331,773.6952,191.25174,0.73826885,0.0,0.0,0.31694365,767.81213,212.79735,0.98081666,800.16125,211.4243,0.9314074,758.5126,241.65007,0.95250297,811.5289,241.75896,0.7720523,757.61176,262.45538,0.87808263,813.0105,258.61768,0.66711724,770.9883,264.46524,0.9895922,791.8487,263.88187,0.9800797,775.4093,309.18237,0.97835994,792.2267,308.72055,0.9620645,784.1408,345.72012,0.9348908,799.4312,345.16486,0.90999365
662.9543,206.27162,0.9090133,666.00494,203.60435,0.8900238,660.8335,203.5449,0.77264327,671.60596,206.31126,0.79791844,0.0,0.0,0.42879766,674.84485,223.03235,0.9877153,655.11194,221.5709,0.9806151,673.5775,240.9202,0.9450791,646.22943,235.45139,0.8350717,660.1008,234.83485,0.9129303,651.3723,226.54227,0.7926231,668.7264,261.14948,0.98687965,655.4904,260.15247,0.982511,667.0618,292.99072,0.97641605,652.4436,291.97656,0.9626838,667.19806,322.81085,0.95020056,652.2274,321.0709,0.9302842
0.0,0.0,0.17098609,0.0,0.0,0.10996014,0.0,0.0,0.14556968,0.0,0.0,0.4838644,89.26769,220.99477,0.58525836,74.84193,230.88403,0.97215456,92.40143,231.7742,0.9755422,68.190315,244.16127,0.7842848,95.38397,245.27701,0.8389308,67.38883,256.04144,0.57742923,94.18887,257.39145,0.6395679,75.34729,255.8088,0.9861027,87.009514,256.01767,0.98731554,74.88183,275.2019,0.9709028,85.38031,275.38565,0.97382903,73.91571,293.75748,0.95848423,83.05593,294.05014,0.9619443
731.2722,206.76424,0.6954301,732.929,204.16402,0.7194407,0.0,0.0,0.35631692,738.73083,205.54912,0.78167814,0.0,0.0,0.19863361,745.4928,220.5718,0.974341,738.0815,220.24773,0.9236807,749.0093,240.15533,0.9173475,731.24585,238.65977,0.5665771,742.09045,254.80206,0.8397321,723.15546,251.4193,0.5077589,741.7082,259.7178,0.97032994,737.8776,258.8949,0.9462463,737.75116,287.7479,0.94509983,735.0702,287.27924,0.8900862,737.81665,313.68872,0.89246637,736.5086,312.28848,0.8256546
0.0,0.0,0.10756089,0.0,0.0,0.077826135,0.0,0.0,0.06050752,340.50586,208.627,0.57356703,0.0,0.0,0.41061836,336.63165,221.50446,0.9736042,356.5535,221.54614,0.9698476,331.66623,239.9949,0.8050208,362.45752,240.20247,0.7532107,331.16788,254.96397,0.55281746,0.0,0.0,0.48747024,341.28815,255.60483,0.9888438,354.6394,255.6928,0.9882925,343.03638,282.90106,0.9703177,354.2997,282.8677,0.96794343,346.66843,309.376,0.94643164,355.20435,309.1078,0.9433772
0.0,0.0,0.13100941,0.0,0.0,0.08207801,0.0,0.0,0.08696793,0.0,0.0,0.44532758,120.99928,220.1312,0.5025766,106.79959,230.91187,0.95320934,126.13822,230.01277,0.9631423,103.12369,243.50102,0.80766493,130.78647,243.31245,0.8544014,101.15878,256.4156,0.621155,130.47829,257.61438,0.6804249,110.30305,254.70555,0.98292416,122.98837,254.3362,0.98529804,110.17452,273.15012,0.96743894,120.63791,272.89255,0.969801,112.13861,290.20847,0.9475486,120.88423,289.80746,0.9499019
0.0,0.0,0.15179913,0.0,0.0,0.11008931,0.0,0.0,0.10067899,144.31422,218.10098,0.5139938,0.0,0.0,0.44696268,141.65277,228.46098,0.96718854,157.44664,228.00066,0.9654028,137.50294,242.45256,0.80062765,162.05101,241.8196,0.7871846,136.17973,254.4703,0.5888092,161.47227,254.25372,0.56924236,144.49748,254.24811,0.9823125,154.7569,253.96376,0.9823286,145.8777,274.3641,0.95617527,152.89627,274.14978,0.9555219,147.35228,292.2812,0.92338526,152.02362,291.8274,0.92283297
560.84503,202.76474,0.6792006,565.46783,198.72957,0.5756663,560.5399,198.85753,0.5802022,568.66315,201.36032,0.55827206,0.0,0.0,0.49880326,569.48865,223.10086,0.8801128,563.45197,224.93896,0.8381568,577.7593,243.77673,0.6107606,569.59894,252.72649,0.5362364,0.0,0.0,0.46362084,0.0,0.0,0.4071311,564.0379,293.97037,0.9182361,558.31995,294.06967,0.9043633,561.07916,356.90988,0.9042584,554.01764,356.93472,0.8965899,565.3065,420.1755,0.83390665,560.52576,419.21292,0.8262168
0.0,0.0,0.11319963,0.0,0.0,0.07314597,0.0,0.0,0.0672348,0.0,0.0,0.44729152,0.0,0.0,0.38234654,367.35983,233.10445,0.929532,384.79886,233.04764,0.9298842,365.72122,246.68306,0.60304517,390.17963,246.84291,0.5911849,0.0,0.0,0.36799622,0.0,0.0,0.3452865,368.96942,259.3311,0.95730937,381.12793,259.39456,0.95788634,369.48196,279.58658,0.923896,380.25897,279.30707,0.92402035,369.74783,300.09103,0.90497756,379.15735,300.08328,0.9060518
0.0,0.0,0.049991395,0.0,0.0,0.048261374,0.0,0.0,0.0337492,0.0,0.0,0.107361235,0.0,0.0,0.062333446,0.0,0.0,0.18443313,0.0,0.0,0.18690608,0.0,0.0,0.18266517,0.0,0.0,0.17227617,0.0,0.0,0.18561208,0.0,0.0,0.17478973,0.0,0.0,0.318675,0.0,0.0,0.32914197,0.0,0.0,0.40561554,0.0,0.0,0.40562496,0.0,0.0,0.4744823,0.0,0.0,0.47938383
0.0,0.0,0.1328481,0.0,0.0,0.08778735,0.0,0.0,0.102565065,0.0,0.0,0.47400084,276.70105,220.55547,0.5413631,264.56033,232.11919,0.9532738,281.23355,231.9002,0.9567585,261.59387,246.5359,0.7056803,288.5247,246.14143,0.7506649,0.0,0.0,0.46577355,291.68982,258.58682,0.50916994,270.60974,259.4948,0.97179854,281.82684,259.6604,0.9736028,272.78058,281.8193,0.9422811,285.05515,281.56854,0.9464925,274.54007,301.91736,0.90648913,286.6281,301.83167,0.91222554
0.0,0.0,0.10979784,0.0,0.0,0.0798426,0.0,0.0,0.07499505,0.0,0.0,0.38810283,0.0,0.0,0.34454894,814.28,223.95639,0.8680809,832.53076,222.72337,0.8701117,0.0,0.0,0.48682967,0.0,0.0,0.49020055,0.0,0.0,0.28474775,0.0,0.0,0.28550157,818.58856,257.41495,0.9229067,830.7772,256.84973,0.925161,817.5305,287.76935,0.8603775,829.5729,287.246,0.86166114,819.2035,316.35483,0.79604805,828.3099,315.57336,0.7982863
0.0,0.0,0.10425015,0.0,0.0,0.07823147,0.0,0.0,0.07688856,0.0,0.0,0.15726402,0.0,0.0,0.16181444,0.0,0.0,0.48072395,849.2175,226.8124,0.5593898,0.0,0.0,0.29828125,0.0,0.0,0.38092598,0.0,0.0,0.26403084,0.0,0.0,0.31336832,847.2154,260.94485,0.679548,849.76355,261.4104,0.7228301,846.4841,294.7203,0.6317595,847.92236,295.07513,0.66434777,848.4432,325.88818,0.6194191,847.53125,326.3534,0.6471733
0.0,0.0,0.3135135,0.0,0.0,0.25008678,0.0,0.0,0.19380687,0.0,0.0,0.38424554,0.0,0.0,0.22411355,191.68881,234.88287,0.91235095,192.13272,234.87206,0.89654803,191.33572,246.5203,0.70507944,192.24585,246.14082,0.6257716,188.20699,251.97916,0.596921,191.90596,251.31087,0.5248109,189.95749,258.9944,0.9675955,190.56607,258.78705,0.9646149,188.08559,278.15396,0.96155393,188.73882,277.85614,0.9572202,187.06738,296.5675,0.95143354,187.1444,296.1208,0.9475121
