0.0,0.0,0.2901866,0.0,0.0,0.07868731,0.0,0.0,0.21521766,0.0,0.0,0.3424625,184.67967,153.25108,0.7786993,141.4767,181.3433,0.96422523,187.69983,186.69753,0.98470473,128.75685,232.32594,0.85069406,196.36162,234.72592,0.9433662,124.60819,270.98163,0.71128803,193.17107,250.25667,0.8482625,145.06424,273.40994,0.9950264,177.04991,275.79886,0.9964831,143.41196,339.4046,0.99430907,181.95483,342.57172,0.99602246,136.04231,404.57645,0.9846764,181.96739,406.234,0.9877652
0.0,0.0,0.1456235,0.0,0.0,0.043225545,0.0,0.0,0.14406219,0.0,0.0,0.4172349,633.7263,200.79578,0.8741541,605.96545,221.03342,0.98081857,637.9693,221.4954,0.9944965,595.5694,249.1026,0.8316708,647.50977,246.3653,0.97034013,597.6818,274.53976,0.6206931,649.8806,267.72415,0.8598633,613.3668,271.93634,0.9960592,635.3904,272.7669,0.9979291,610.4828,311.18512,0.9901924,638.958,311.73956,0.9941057,608.3641,348.01248,0.97755706,641.5534,349.6201,0.9843286
0.0,0.0,0.12215688,0.0,0.0,0.04922948,0.0,0.0,0.10747594,0.0,0.0,0.46197018,384.41614,211.90556,0.78751564,357.0001,232.42131,0.97802246,391.92368,232.40817,0.9881543,350.47437,258.27527,0.82638985,405.84775,257.84225,0.92460966,355.53104,273.36716,0.5816853,407.57828,272.45813,0.72725475,364.6085,281.47595,0.9928582,386.318,281.686,0.9947462,369.17966,317.3702,0.98358786,380.51416,317.44623,0.98677087,373.8766,351.82462,0.9649043,376.01266,352.566,0.9692584
557.27295,200.4235,0.9447154,560.2115,197.66983,0.90314144,554.9833,197.7192,0.8989694,565.33496,199.87419,0.70548767,551.5942,199.96968,0.70434415,572.3952,217.75076,0.99134445,544.0741,218.65338,0.9940546,579.9328,238.49197,0.9368413,539.61597,240.06364,0.9488372,581.8409,257.53806,0.8890113,539.0155,254.19467,0.8983951,567.602,260.3597,0.99032426,549.42865,260.88644,0.99194396,569.9156,292.94635,0.9641796,548.852,293.30933,0.96692544,571.2443,322.1115,0.9133009,550.11646,322.4219,0.9192159
0.0,0.0,0.25192472,0.0,0.0,0.060897823,0.0,0.0,0.28751633,0.0,0.0,0.15210687,500.14948,187.0968,0.7366019,467.92975,211.4305,0.7895007,501.79,210.02335,0.9553107,0.0,0.0,0.43295684,511.4671,231.31274,0.89221776,0.0,0.0,0.31776783,510.4386,221.6076,0.7340828,474.5154,280.14752,0.94676757,499.98734,280.36487,0.976487,471.99698,325.197,0.9537418,511.817,324.41547,0.980187,467.08942,366.1805,0.9409381,521.4456,367.8564,0.9653286
0.0,0.0,0.15371239,0.0,0.0,0.07295093,0.0,0.0,0.11502619,430.68872,199.71957,0.5230911,446.80414,199.32486,0.76516485,421.07425,220.92493,0.9667897,455.52753,220.90773,0.9794957,413.86945,244.84189,0.7501745,461.70468,247.23616,0.865901,0.0,0.0,0.47065228,458.36533,258.77124,0.6128531,429.63004,271.62906,0.9872131,452.98853,271.8896,0.9901215,431.67798,308.80746,0.9784364,454.85318,308.89615,0.9819064,433.83575,347.85587,0.9626192,456.10507,347.81335,0.96679246
265.82523,210.24072,0.86491793,268.6594,206.99251,0.84308904,264.0279,207.39084,0.68396086,276.07404,207.36981,0.7353279,0.0,0.0,0.3174316,285.2814,222.91936,0.9749579,263.82608,225.75467,0.9615725,292.682,239.30023,0.90792817,258.84183,245.1851,0.7884467,283.86902,240.06082,0.86240053,260.1993,250.5838,0.7436733,281.6461,269.16388,0.986966,267.91202,269.72995,0.98367137,279.90912,306.28424,0.9869424,263.4844,306.42282,0.9810554,280.7789,342.97238,0.979782,261.53958,342.2648,0.9730559
0.0,0.0,0.08533456,0.0,0.0,0.05247593,0.0,0.0,0.05492875,691.5153,206.51003,0.5169824,703.318,206.08392,0.56577045,685.0074,219.93951,0.97030514,709.9274,219.70451,0.9792778,676.28375,235.9239,0.8671678,717.3515,236.99142,0.9086006,674.78735,247.48425,0.67568225,718.3389,249.88213,0.73800474,690.0242,253.34053,0.9919016,706.0508,253.42747,0.99334985,691.74347,278.04083,0.9831508,705.7962,278.3202,0.9845458,692.79425,303.00485,0.9677072,704.7301,303.0364,0.96930337
0.0,0.0,0.15283407,0.0,0.0,0.15274876,0.0,0.0,0.053765815,214.88864,213.68686,0.62745756,0.0,0.0,0.2135674,212.60269,228.06429,0.9307665,233.04593,227.14719,0.85259837,207.63239,247.99556,0.7789745,0.0,0.0,0.45126545,205.40508,257.42084,0.5527576,0.0,0.0,0.29783455,217.04802,263.7799,0.9319062,230.64238,263.21722,0.8995015,215.42914,286.9772,0.86954516,227.83691,286.8376,0.8014862,219.74068,312.48483,0.78444415,229.38509,311.2821,0.7158248
0.0,0.0,0.40574625,0.0,0.0,0.28631586,0.0,0.0,0.35879144,0.0,0.0,0.37220034,813.8818,226.28831,0.50330347,810.35333,234.73077,0.9362182,813.5137,234.88002,0.9446169,809.5957,245.27182,0.71211934,813.7053,245.23152,0.78601086,809.1524,249.74231,0.6111703,815.15125,250.01372,0.6796314,808.9772,257.05618,0.9648488,811.4342,257.12823,0.96773183,808.7419,275.21762,0.94680166,811.52905,275.00818,0.9519302,807.5714,292.20474,0.9256179,810.069,292.42078,0.9313103
