0.0,0.0,0.2510027,0.0,0.0,0.2548415,0.0,0.0,0.048818704,348.66977,116.000916,0.8741344,0.0,0.0,0.22775578,339.10828,154.03615,0.9878687,398.96442,155.65555,0.91474545,314.03964,204.94345,0.9622155,398.08347,212.72365,0.6242958,313.63715,245.17128,0.8764065,0.0,0.0,0.4928218,344.82285,256.62943,0.9957515,383.18774,255.68513,0.9887304,347.14236,344.10657,0.99331445,371.7108,342.20343,0.9838486,354.21533,429.58685,0.9707216,365.36792,424.60046,0.95117444
843.19257,71.01019,0.961617,845.0874,62.495914,0.74097973,831.11523,61.58513,0.9747867,0.0,0.0,0.10417976,798.2932,69.32508,0.93358266,842.51025,130.17946,0.83682823,773.62006,128.97685,0.980531,0.0,0.0,0.44991517,773.9709,208.74457,0.9425874,0.0,0.0,0.4190675,836.4024,190.38261,0.8901951,847.80615,287.64764,0.87851614,794.7561,290.15433,0.9517029,854.0,405.97415,0.6229836,793.409,410.45108,0.81760466,0.0,0.0,0.27370438,0.0,0.0,0.400259
0.0,0.0,0.13154502,0.0,0.0,0.0582803,0.0,0.0,0.09910693,0.0,0.0,0.44082907,202.12167,202.47697,0.6639868,180.91316,219.01875,0.9746561,206.93924,218.78828,0.9855456,171.56429,241.59422,0.85599214,215.47,239.99184,0.9227687,168.77266,260.3044,0.66513264,217.40569,257.37134,0.7557254,185.76733,258.97293,0.9925411,202.54196,259.058,0.99423146,183.80836,289.11377,0.98115736,199.8622,289.13177,0.9834916,183.95845,316.77994,0.961759,197.01024,317.42392,0.9649021
706.5637,172.72295,0.9663187,711.31854,168.00934,0.91103935,700.60364,167.58232,0.9498995,716.0807,171.83694,0.59442174,688.93243,171.42763,0.79522854,721.57007,201.75723,0.96645945,674.30237,202.08469,0.9824257,725.15784,238.78828,0.8336727,655.8006,237.93788,0.92320114,713.60144,240.86514,0.7569099,660.19635,237.44637,0.8638697,712.6157,270.72684,0.9768693,679.76526,271.365,0.9830025,724.37915,336.67792,0.96562964,680.41064,337.23978,0.97539353,722.5804,390.62982,0.9264328,671.42993,391.76904,0.94110996
634.96954,164.3697,0.97585535,638.24725,159.77835,0.8742869,628.8224,159.80975,0.9705461,0.0,0.0,0.47524077,615.2148,163.91919,0.92292666,642.6968,197.07469,0.98007226,602.34235,198.09546,0.996669,650.093,238.37355,0.85649973,595.3255,237.98027,0.9856932,649.54364,233.62514,0.8066947,606.3006,225.27277,0.96500224,638.37244,276.24863,0.9894716,612.36,277.478,0.9955552,636.3633,340.20282,0.9749655,616.84076,341.7302,0.9898252,627.88696,397.2403,0.91981965,614.33575,399.7742,0.9549057
0.0,0.0,0.12784159,0.0,0.0,0.07177807,0.0,0.0,0.09566654,0.0,0.0,0.4571867,295.4196,210.98384,0.5494616,280.58145,222.1257,0.9693257,299.45636,222.60587,0.9737796,275.9413,237.99529,0.75570285,305.24188,237.80737,0.8195218,277.13385,248.87108,0.5218197,306.7335,248.54108,0.58731836,282.91144,252.56999,0.9860886,295.66455,252.8266,0.98728615,281.72888,277.21506,0.96668017,296.00702,276.85742,0.9701905,279.91772,300.87912,0.9412586,294.89017,301.00803,0.94647694
478.0993,213.46126,0.84806436,480.21042,211.14021,0.78854656,476.44562,210.93524,0.7845676,483.96204,212.50706,0.56735325,473.47388,212.11578,0.5538851,486.4346,225.33228,0.9819442,469.45844,224.59189,0.98137087,487.0286,240.1455,0.8831452,465.84943,238.88303,0.88670653,478.576,241.77936,0.8443755,472.11783,241.09448,0.848418,480.838,257.78125,0.9896355,469.7759,257.39026,0.9894973,479.91,284.18332,0.978191,469.76132,283.80023,0.97786796,477.36856,308.25436,0.9483247,469.84848,308.0458,0.9479258
0.0,0.0,0.26237085,0.0,0.0,0.11421889,0.0,0.0,0.24465367,0.0,0.0,0.30220893,99.176025,220.67339,0.706851,86.48112,230.48201,0.93851054,101.2346,231.04453,0.97098315,81.10938,242.44635,0.64338106,103.36278,244.28795,0.87572837,0.0,0.0,0.4681075,103.31526,255.44225,0.7124153,87.24505,254.93127,0.9692914,97.05191,255.07858,0.98008716,86.46191,273.125,0.9419282,94.922874,273.14725,0.9614532,85.77727,289.37543,0.9152522,93.36716,289.94427,0.93662906
0.0,0.0,0.09109586,0.0,0.0,0.0640616,0.0,0.0,0.06448305,0.0,0.0,0.4215032,0.0,0.0,0.39867556,144.3529,227.90526,0.94697237,161.26425,227.70128,0.9467427,139.09503,240.38644,0.71282214,166.13557,240.36937,0.7175143,0.0,0.0,0.46172175,0.0,0.0,0.4614235,145.87065,252.32123,0.9760006,156.58894,252.14958,0.9763716,146.55786,271.96655,0.9504262,154.22658,271.8894,0.9510421,147.14436,289.7118,0.93187106,151.95877,289.64804,0.9330546
0.0,0.0,0.25060076,0.0,0.0,0.16992198,0.0,0.0,0.16054685,116.914246,223.09879,0.5406177,123.8397,222.82841,0.52610046,112.5966,232.99811,0.96344346,128.56923,232.50821,0.9633855,107.408676,245.10982,0.823273,134.54395,244.3968,0.8052052,104.64367,256.8006,0.65193754,131.57904,256.24026,0.6284019,116.35838,255.05986,0.9793981,126.83981,254.97472,0.9791541,116.459595,272.8393,0.9618675,126.138176,272.8161,0.95826536,117.55354,288.46902,0.94065046,125.92727,288.2496,0.9361661
0.0,0.0,0.098972976,0.0,0.0,0.041908268,0.0,0.0,0.07488902,0.0,0.0,0.13072006,0.0,0.0,0.32006463,742.61487,164.1371,0.6425911,756.2323,165.69946,0.7457798,0.0,0.0,0.26738903,0.0,0.0,0.4728472,0.0,0.0,0.1719505,0.0,0.0,0.2841009,745.1535,238.06958,0.8345242,754.9256,239.10243,0.8683645,742.3204,287.3251,0.74107534,755.0759,288.08627,0.79033023,740.76074,333.15305,0.6227352,751.8063,334.39026,0.6747815
