0.0,0.0,0.3301632,0.0,0.0,0.100852765,0.0,0.0,0.20327859,0.0,0.0,0.4618544,172.35677,154.02634,0.7546706,129.99629,183.81912,0.982434,177.05554,187.35887,0.988497,114.93468,231.9895,0.92748845,186.41527,233.34497,0.95409137,110.05495,271.59338,0.8295865,184.4383,255.85014,0.8761692,134.86232,274.29965,0.99747974,167.17,275.37726,0.99782157,131.61884,341.16003,0.9965288,170.65454,339.5406,0.99703515,132.94266,408.59583,0.9887425,179.05498,402.68533,0.98989373
0.0,0.0,0.1323204,0.0,0.0,0.03596804,0.0,0.0,0.13877188,0.0,0.0,0.3908566,628.6508,198.93718,0.8884117,601.875,219.43137,0.98199767,633.8609,219.5811,0.9948689,592.1798,246.66187,0.8460375,643.47815,247.26505,0.9739072,595.8301,271.1745,0.6353602,648.3893,273.76987,0.8706528,610.62494,272.14526,0.99641836,632.9713,272.6296,0.9981262,609.5067,311.96805,0.9902464,638.11835,311.94272,0.99419147,608.53534,348.65808,0.976403,641.94885,349.5321,0.9835781
0.0,0.0,0.16010329,0.0,0.0,0.059045233,0.0,0.0,0.1460014,0.0,0.0,0.45088935,383.08475,211.2344,0.8227447,356.74188,231.83936,0.97934216,389.30078,232.08557,0.9901363,350.7313,259.338,0.8140959,401.73398,258.07968,0.9333512,353.27533,277.10016,0.57605886,405.10825,272.83167,0.75184846,362.16144,280.22406,0.99280787,382.8368,280.54388,0.99508345,364.68726,316.01,0.9832237,379.4739,316.22464,0.98755383,366.85083,350.66827,0.96439207,375.63684,351.8252,0.970753
0.0,0.0,0.28556848,0.0,0.0,0.05614574,0.0,0.0,0.29082036,0.0,0.0,0.1872597,487.62274,186.4117,0.8897881,459.78757,208.45055,0.9630777,491.58838,208.17482,0.9876601,456.30536,235.29015,0.6675584,502.316,234.5324,0.936438,0.0,0.0,0.47558442,501.0603,229.74167,0.79299176,465.31247,270.61533,0.990515,489.2648,270.68097,0.9950045,466.25864,317.98257,0.9853419,502.0404,317.49463,0.99241614,456.57547,363.15338,0.97084504,502.3115,364.02994,0.9821212
556.2754,202.98222,0.92045754,559.0315,200.2357,0.86882454,553.8832,200.13013,0.8609077,563.309,202.34569,0.6536294,550.15,202.11775,0.6220634,570.06165,219.95622,0.98284274,544.14746,220.75665,0.9862364,577.45575,239.64282,0.9100991,538.75446,242.86316,0.91654503,578.0818,259.51196,0.8683177,537.3036,264.80234,0.86831915,566.0425,261.51523,0.98759043,549.5308,261.8344,0.9886769,568.46747,293.4098,0.97606623,549.935,293.4327,0.97566575,568.4445,323.27594,0.9546435,548.7464,322.9552,0.95431495
0.0,0.0,0.107776776,0.0,0.0,0.10451448,0.0,0.0,0.037426934,427.09494,197.6638,0.7086852,0.0,0.0,0.28399807,423.30243,218.56107,0.95248526,453.18076,217.9365,0.91266274,414.674,244.58876,0.76052886,0.0,0.0,0.47391033,0.0,0.0,0.4684199,0.0,0.0,0.25369242,432.33148,269.63867,0.9752499,451.56467,269.5021,0.9636394,433.7056,310.57254,0.96197855,448.77286,310.80472,0.9367379,439.04077,351.80365,0.9373137,446.4899,350.2612,0.90874
0.0,0.0,0.07271901,0.0,0.0,0.043995783,0.0,0.0,0.04786084,0.0,0.0,0.4786254,703.5858,205.48611,0.54485106,684.9137,220.31734,0.96451914,710.07355,219.62729,0.97483885,676.6444,238.15625,0.85103494,717.94855,237.64429,0.897219,675.26697,252.77989,0.6457065,719.5534,252.22371,0.71209884,690.74976,254.98512,0.9902622,706.71045,254.9871,0.99191225,694.0721,280.49182,0.97904074,706.5952,280.71436,0.98078865,695.89905,305.99597,0.95930326,705.18146,305.97736,0.961327
271.14047,210.83403,0.84184885,273.94016,207.56918,0.8490931,269.31863,207.87108,0.60003215,281.9534,206.98546,0.7827314,0.0,0.0,0.23788445,293.36798,221.14835,0.9780146,265.71103,222.54326,0.9396458,302.67166,238.9641,0.9213616,260.78595,241.93303,0.5958673,288.05887,240.02904,0.87281114,269.8202,244.35321,0.57068884,287.68036,265.8011,0.98048294,270.40054,265.73206,0.96494436,286.8267,303.05182,0.9712017,273.64062,302.78384,0.94149303,284.82568,341.46655,0.94578725,279.80994,340.26956,0.9099573
814.05347,227.07603,0.7182146,0.0,0.0,0.48361123,812.7567,225.44484,0.6744745,0.0,0.0,0.29170704,809.09467,226.2873,0.6471536,815.2964,235.35962,0.9468414,803.7989,234.82303,0.9744993,818.82574,245.63042,0.7496891,799.8387,245.53598,0.9084328,819.74115,252.5584,0.6950767,803.1849,252.2871,0.84655076,811.47723,257.2115,0.97070867,804.306,257.11084,0.9802438,811.4762,274.6105,0.94894207,803.9419,274.54242,0.9647011,809.82996,291.22787,0.9269218,801.6289,291.54797,0.9444864
0.0,0.0,0.20685992,0.0,0.0,0.22628544,0.0,0.0,0.06332789,214.84512,214.05908,0.764157,0.0,0.0,0.2523425,210.71196,229.54573,0.9602927,234.77353,229.14467,0.88130933,202.60376,248.3935,0.8473187,0.0,0.0,0.4045232,202.3665,257.60687,0.6264437,0.0,0.0,0.2601519,217.35081,267.2448,0.95005,233.97104,267.16315,0.9108857,216.58571,292.74783,0.90334743,235.01782,293.13013,0.8196523,219.70786,318.6767,0.8310488,239.33273,317.9187,0.74423385
