0.0,0.0,0.35204273,0.0,0.0,0.18076555,0.0,0.0,0.121473074,399.50198,114.54148,0.69171274,427.21503,114.52308,0.57463723,379.5227,159.42891,0.9801466,448.1237,163.54404,0.9798055,342.06433,216.89912,0.94392633,477.29828,227.90175,0.926164,326.86536,265.18365,0.87483263,471.38956,280.98392,0.8553893,397.1237,279.80676,0.99307936,436.74643,282.2403,0.9923225,400.92957,371.01303,0.9764248,418.27115,373.47888,0.974192,416.9549,441.97443,0.8691727,410.28366,443.54398,0.8663688
0.0,0.0,0.10763765,0.0,0.0,0.09268563,0.0,0.0,0.04819107,177.5246,199.10165,0.6484401,0.0,0.0,0.39108744,172.26457,216.14627,0.9745335,196.16035,216.52464,0.9692544,163.65231,236.14392,0.91586787,199.79027,239.32854,0.86057675,162.48288,252.86476,0.7695862,200.42084,258.52783,0.684207,173.7281,256.37158,0.99233353,188.70528,256.3915,0.9915125,174.20845,286.09116,0.98513085,183.23425,286.63037,0.9811137,174.19691,315.8149,0.96952844,179.26431,316.032,0.96348506
0.0,0.0,0.16983274,0.0,0.0,0.077900045,0.0,0.0,0.14186965,0.0,0.0,0.46246973,89.51088,207.57857,0.7436779,68.0829,222.85295,0.9681649,94.47032,223.23792,0.9807582,61.731567,242.37047,0.77567893,99.79399,242.67885,0.88446486,62.86063,257.01,0.53926396,99.17889,256.61414,0.6729033,71.31855,261.1629,0.98728263,88.79682,261.48572,0.99007297,70.93617,290.11954,0.9753439,86.0441,290.45724,0.9790071,72.3615,317.028,0.95589036,85.60844,317.96994,0.9600621
0.0,0.0,0.06757962,0.0,0.0,0.029678814,0.0,0.0,0.055433027,733.2334,177.78738,0.55338025,754.5022,179.32672,0.79785335,715.5332,197.77179,0.9765891,761.5693,199.6397,0.9857432,700.8479,228.22906,0.8176444,773.1485,226.43599,0.90386945,705.13477,248.737,0.51165295,770.20544,236.66995,0.628022,715.11334,253.87405,0.99257916,744.19543,255.08362,0.9941664,719.6668,302.35693,0.9826775,741.5333,304.06656,0.9848354,717.96454,348.99387,0.95499027,732.24316,352.21454,0.958324
0.0,0.0,0.11611309,0.0,0.0,0.122342795,0.0,0.0,0.036165025,568.76636,175.30229,0.7903483,0.0,0.0,0.32306498,563.68384,197.74348,0.98155713,594.3176,198.29376,0.9617183,550.6268,226.22945,0.939618,599.415,231.03526,0.7726932,541.81616,249.80577,0.7916586,599.06714,256.7314,0.5487565,568.30994,256.81827,0.9932473,587.4744,256.70148,0.9900546,568.30756,300.03534,0.987536,582.02344,300.3996,0.97866094,578.6563,341.18848,0.9690193,587.2352,340.92535,0.95416397
0.0,0.0,0.13644338,0.0,0.0,0.04726799,0.0,0.0,0.1356447,0.0,0.0,0.30069885,128.83069,204.86256,0.76614386,110.05814,219.45207,0.9596924,133.28223,219.58575,0.98436975,104.30393,238.45505,0.73409885,138.29903,240.45683,0.9293875,106.348434,250.6241,0.51173955,140.74515,256.01367,0.76758677,114.57634,258.4177,0.9894577,130.49414,258.4928,0.9936289,114.399284,287.5557,0.9778463,129.848,287.3253,0.98564005,114.676186,314.63,0.959986,129.21104,314.9509,0.97038335
0.0,0.0,0.11275206,0.0,0.0,0.052022643,0.0,0.0,0.094812885,0.0,0.0,0.2637415,848.1877,195.14809,0.5390067,822.60785,212.93703,0.83263326,849.17175,214.437,0.8754062,0.0,0.0,0.41341823,848.10913,240.63956,0.57412606,0.0,0.0,0.23013352,0.0,0.0,0.32113805,827.9491,263.4731,0.899586,845.1337,264.9578,0.9118874,833.3583,300.63812,0.8516146,841.7812,302.02377,0.86504316,838.6619,334.8283,0.78117263,839.7455,336.68164,0.79360294
350.77484,167.10732,0.8502065,354.5698,162.22522,0.70539194,346.59882,162.15582,0.82405955,0.0,0.0,0.4172838,340.21506,162.82529,0.7145468,359.16687,190.6393,0.9005028,331.72522,189.75195,0.9668282,0.0,0.0,0.48306915,313.60623,224.15381,0.82794577,0.0,0.0,0.42932484,313.21454,260.6048,0.7111967,359.54166,256.95218,0.9336422,342.80463,257.20868,0.9636551,356.6831,310.01154,0.92830604,351.4518,309.88684,0.9557611,349.8907,361.41367,0.89769787,352.8002,360.7595,0.9275855
309.79068,199.23242,0.851106,312.09268,196.44115,0.59604055,307.2269,196.66327,0.8897724,0.0,0.0,0.21595663,302.61615,198.343,0.8647333,315.23575,214.92798,0.883728,296.56476,214.74341,0.9839923,0.0,0.0,0.30102223,291.44186,230.50075,0.9306095,0.0,0.0,0.29357567,290.09506,242.5849,0.8494206,311.1074,249.27966,0.92237425,299.3767,249.68692,0.97520113,307.23254,279.1966,0.9112568,297.4639,279.61243,0.9711094,303.5954,310.11377,0.90888244,292.94537,311.03842,0.95974183
0.0,0.0,0.11614464,0.0,0.0,0.1019601,0.0,0.0,0.055846043,0.0,0.0,0.49096045,0.0,0.0,0.21854025,530.2145,213.48874,0.8901944,544.5471,213.76318,0.78831875,523.9613,236.3515,0.6583855,0.0,0.0,0.32808477,0.0,0.0,0.43706465,0.0,0.0,0.21135083,530.9417,256.2692,0.9573108,540.4933,256.59235,0.9333568,533.2523,292.15366,0.9605024,541.7208,292.7918,0.9325705,540.5897,327.4003,0.9479987,545.3356,327.74045,0.9217561
0.0,0.0,0.1599829,0.0,0.0,0.045958765,0.0,0.0,0.17794026,0.0,0.0,0.121829085,508.73215,197.75475,0.66218567,488.98376,213.00258,0.8189497,509.81616,215.64714,0.9322052,0.0,0.0,0.30809644,513.4468,240.01846,0.75282836,0.0,0.0,0.20657782,514.19464,256.69556,0.5150974,491.9595,259.5,0.94399303,505.69785,260.93246,0.96885276,494.80588,295.47842,0.93115014,507.95792,296.30847,0.9619732,496.0463,330.83575,0.9250711,506.26334,332.8402,0.95160455
0.0,0.0,0.21313138,0.0,0.0,0.15531236,0.0,0.0,0.100155994,703.70087,167.40997,0.6719931,720.03644,167.05513,0.5105371,696.86285,190.38141,0.97089267,730.1818,189.1406,0.9624915,694.83093,224.36238,0.79259926,739.1722,220.64044,0.6836371,692.4227,246.07338,0.5222189,0.0,0.0,0.40833968,701.81683,249.20628,0.98062724,723.53174,248.9213,0.97787374,706.5531,296.86484,0.95545924,726.26953,297.07095,0.9458686,713.70087,341.35812,0.91205525,727.1866,341.27332,0.89933527
662.57904,207.88846,0.95071733,665.6924,205.11241,0.9519003,660.3795,205.18901,0.90016764,671.69727,206.76398,0.8728677,657.37537,207.41617,0.5527874,679.01697,222.37766,0.9892659,654.31616,222.97987,0.98179585,684.1687,241.70001,0.89377475,649.96204,241.854,0.76362973,677.44617,256.1209,0.8010926,653.29584,255.79938,0.6546186,675.2372,258.2494,0.94107354,658.7892,258.3204,0.9256443,677.9704,282.81842,0.7048872,659.0574,282.76498,0.6436596,0.0,0.0,0.44731876,0.0,0.0,0.39292243
