0.0,0.0,0.1502987,0.0,0.0,0.065340325,0.0,0.0,0.034422155,416.11856,99.33169,0.66206086,0.0,0.0,0.36488384,410.12466,146.20087,0.97719073,479.48706,144.75412,0.9689395,367.4399,202.74928,0.9478623,501.58334,214.17134,0.93134606,343.93845,233.48315,0.86460495,499.67868,270.4773,0.8532196,427.80804,275.3529,0.9920975,468.02682,271.76044,0.99222517,423.6083,374.9215,0.9590871,443.5884,367.0129,0.96421367,439.55774,458.1072,0.7302158,434.13626,449.29272,0.76051337
0.0,0.0,0.070348136,0.0,0.0,0.06355792,0.0,0.0,0.027419971,571.9662,173.4419,0.74690366,0.0,0.0,0.40420568,564.5653,195.99837,0.9824295,598.2852,196.00488,0.9753947,551.4971,225.77524,0.9293201,606.6632,226.61319,0.83543736,548.2856,251.17365,0.7554671,604.84686,252.97957,0.5884505,570.9302,251.60667,0.99563134,592.3009,251.7804,0.9945346,572.2727,294.60324,0.9911144,590.17554,295.28613,0.98652387,574.46216,337.65594,0.97891355,587.33826,337.82986,0.9710916
0.0,0.0,0.09324425,0.0,0.0,0.055369765,0.0,0.0,0.05890679,0.0,0.0,0.4843113,190.2978,199.77492,0.5447704,171.69756,216.46173,0.9698723,195.3995,217.36229,0.9818401,162.75943,235.9886,0.87814975,201.14124,240.11647,0.932224,161.79803,252.82654,0.70671475,205.85245,259.8922,0.79354495,173.99004,258.3514,0.99229276,188.69144,258.72964,0.99423707,174.69377,287.5106,0.9809709,184.47244,288.11606,0.98407054,176.88875,316.0033,0.95830566,182.3078,316.6668,0.9630695
0.0,0.0,0.2273199,0.0,0.0,0.081679314,0.0,0.0,0.23100634,0.0,0.0,0.35615683,86.675674,205.32874,0.83223355,65.63308,222.84175,0.9637058,91.163185,222.16927,0.9853656,61.101307,244.68489,0.70224386,96.811165,242.95013,0.9165434,0.0,0.0,0.4731666,97.958115,259.44504,0.7348855,70.70477,261.81073,0.98444253,87.57492,261.65903,0.9903348,72.1316,291.49167,0.9683584,84.67659,291.14798,0.97916645,73.98719,319.11194,0.94488716,83.774086,319.54367,0.9585745
0.0,0.0,0.2728355,0.0,0.0,0.31423753,0.0,0.0,0.05406552,719.44977,166.52327,0.81113726,0.0,0.0,0.1473782,718.99634,190.05313,0.98429453,756.1501,185.12447,0.8523473,711.3188,223.36572,0.9686035,770.02167,218.22876,0.5627539,703.3881,247.5471,0.90096515,0.0,0.0,0.48807383,726.39594,253.71983,0.99290764,749.8084,251.18256,0.97798026,726.95123,306.28406,0.9883117,742.5303,303.8637,0.96793157,737.4455,354.60495,0.96465963,745.8998,350.43686,0.93612087
0.0,0.0,0.17926644,0.0,0.0,0.057976905,0.0,0.0,0.16425554,0.0,0.0,0.25528932,130.38655,207.67696,0.7508474,111.427,222.37643,0.95566624,135.12196,222.22827,0.98156744,104.07456,240.19371,0.7167853,141.23817,242.37347,0.9221283,107.403,255.21582,0.52325314,144.66461,260.9589,0.77754223,114.93026,261.03516,0.98771554,130.3168,260.77554,0.9927448,117.29454,288.86584,0.9765953,128.97878,288.26642,0.9859839,118.34863,315.60602,0.9591225,127.20638,315.7453,0.9718122
350.36414,168.04376,0.9204791,353.65146,163.85161,0.7537583,345.74725,163.86386,0.9418546,0.0,0.0,0.2487024,336.74857,166.83902,0.8776057,361.43726,195.61774,0.90684927,326.0844,195.4611,0.98734903,0.0,0.0,0.41236177,316.6627,227.36404,0.94932413,0.0,0.0,0.41376284,315.92108,263.25644,0.88998115,355.22772,259.23434,0.95455736,333.98016,259.61462,0.9849937,351.16718,307.59467,0.93962,339.62796,307.60056,0.9787209,343.88977,353.79837,0.914649,340.93744,354.0721,0.9600751
0.0,0.0,0.10704391,0.0,0.0,0.09687804,0.0,0.0,0.054081645,0.0,0.0,0.26921397,0.0,0.0,0.12186917,838.2614,212.33116,0.6129238,0.0,0.0,0.4498087,0.0,0.0,0.45090938,0.0,0.0,0.19446206,0.0,0.0,0.32407257,0.0,0.0,0.15750481,841.7805,264.35834,0.6699747,848.38416,264.75314,0.58521706,845.46185,301.1348,0.61971533,847.6949,301.6373,0.51275015,848.31647,336.9994,0.5416462,0.0,0.0,0.46328187
0.0,0.0,0.07725189,0.0,0.0,0.06631479,0.0,0.0,0.03530513,537.4096,196.45312,0.58943075,0.0,0.0,0.2969186,531.44464,213.78577,0.9204477,556.50085,215.07372,0.8593382,524.4163,237.23503,0.6365291,0.0,0.0,0.36464986,0.0,0.0,0.33016077,0.0,0.0,0.17271662,533.73114,260.8045,0.9568172,550.2498,261.7683,0.93638575,536.8374,299.23242,0.9301917,555.0886,300.58105,0.8899993,541.885,335.33865,0.9007101,556.7834,335.98636,0.86095655
306.23138,204.36826,0.8808808,308.11517,202.3265,0.73170793,304.37192,201.8244,0.852631,0.0,0.0,0.41221735,298.8385,203.09863,0.7443371,309.847,219.82477,0.964745,290.1198,216.04353,0.9834663,311.90625,236.62766,0.7746181,279.1031,226.66826,0.91451734,308.51068,243.69203,0.7206765,288.89523,225.27777,0.8558071,303.6437,253.0889,0.9738652,291.0155,251.93889,0.9823287,301.80212,281.7628,0.95540863,291.58875,280.98868,0.9678113,298.62466,308.8371,0.9247353,290.68634,308.30743,0.94041616
664.0141,205.59138,0.9200351,667.37463,202.75278,0.89634126,661.3471,202.90121,0.85754514,672.97833,205.22878,0.7352522,658.03687,205.77707,0.584498,680.0568,223.16028,0.9621197,653.403,224.56111,0.9592212,685.2555,244.08789,0.76968074,651.43304,246.14056,0.7200973,677.63666,257.16812,0.6513902,655.3355,258.09375,0.5986898,676.2133,263.61945,0.7890963,658.8897,264.21637,0.78790325,0.0,0.0,0.40429366,0.0,0.0,0.3913417,0.0,0.0,0.22626904,0.0,0.0,0.22049609
