0.0,0.0,0.239316,0.0,0.0,0.17616703,0.0,0.0,0.033308193,463.1273,96.578995,0.8830023,0.0,0.0,0.3431568,459.01773,152.18752,0.9929153,531.5744,142.1808,0.9791733,442.77747,238.5536,0.9739121,558.00555,226.33176,0.8815317,426.78525,299.42343,0.8993853,553.7852,290.5325,0.74468565,474.48773,292.94354,0.9935076,528.9592,288.59174,0.9893833,442.62158,397.88745,0.9601886,533.141,392.69043,0.94123095,453.9223,480.0,0.6499292,566.88214,476.7925,0.6045424
0.0,0.0,0.13568686,0.0,0.0,0.05768332,0.0,0.0,0.09119647,0.0,0.0,0.31746656,190.17828,202.31258,0.55416,169.87108,218.4772,0.95778286,194.43892,218.61957,0.97085136,159.9811,237.41226,0.81575847,201.75319,240.8688,0.88866657,161.52068,252.89258,0.6402918,207.04604,259.34824,0.73319674,173.7984,258.68942,0.98813254,189.09778,258.54242,0.99081624,176.7379,288.20407,0.97251576,186.84003,287.9509,0.977836,178.32211,315.69855,0.9465879,183.79282,316.0755,0.9545756
338.53384,172.93375,0.96823424,341.64313,169.308,0.91308475,334.55084,169.2819,0.95210135,345.44904,173.95557,0.6016709,326.73926,173.3969,0.8293512,350.34067,201.23447,0.9925586,315.88895,201.25345,0.9968676,359.37088,232.16327,0.94095826,303.19012,233.49011,0.98009723,364.2694,262.05148,0.91104203,302.23453,267.0909,0.9575445,342.0792,263.21872,0.99498427,320.75427,263.5132,0.9968683,335.06876,309.72916,0.98379576,319.43033,310.27002,0.9883435,330.39307,353.82623,0.94941014,320.33496,355.14557,0.95951325
0.0,0.0,0.099376716,0.0,0.0,0.050032333,0.0,0.0,0.07234977,0.0,0.0,0.42618552,134.06052,203.08202,0.5992693,114.58163,218.52419,0.96270764,140.40044,218.89566,0.97710264,107.35798,237.71933,0.80473,145.32622,240.75856,0.8924512,109.544876,249.0563,0.5837101,146.51997,256.73987,0.6979721,118.16811,259.0518,0.9908477,135.11969,259.1254,0.9928122,116.89269,288.99808,0.98308414,130.68684,289.03384,0.9852203,117.35398,317.9903,0.96894497,127.19348,318.0531,0.971428
0.0,0.0,0.112017035,0.0,0.0,0.103055105,0.0,0.0,0.036878884,589.4697,175.4575,0.8305428,0.0,0.0,0.49467373,582.77435,200.30322,0.98844284,620.23724,198.84474,0.980357,575.58856,232.34454,0.93985623,627.66754,231.68657,0.83036953,570.01215,263.30032,0.762714,621.5929,262.78888,0.5721342,587.20197,258.6038,0.99525356,612.4679,257.7597,0.9937848,584.18976,298.97247,0.98894775,611.35565,298.77505,0.98306054,591.8098,335.63104,0.9732608,620.03516,334.803,0.9632563
0.0,0.0,0.26956373,0.0,0.0,0.10529817,0.0,0.0,0.25666282,0.0,0.0,0.45195264,85.88891,200.15685,0.848126,65.54768,218.75598,0.9772056,90.97708,217.52255,0.98960775,60.191715,241.7192,0.7691236,98.73225,237.97356,0.9209701,60.191536,261.02902,0.5321141,100.288536,254.7955,0.73522365,70.81807,258.50693,0.9882732,87.41116,258.17194,0.9921212,72.120735,288.46158,0.97291416,85.02961,288.083,0.9803949,73.72182,317.04797,0.948867,83.55772,317.4341,0.9587192
399.08865,189.33446,0.9159525,402.99738,185.42957,0.83172214,395.15808,185.82433,0.8983353,408.34448,190.41971,0.5197578,388.837,191.15486,0.7516601,416.17484,218.17818,0.9744086,378.01483,218.89061,0.9897237,421.9117,248.492,0.7948409,365.73416,246.79752,0.9363612,421.35507,276.18774,0.7173751,367.38992,269.6011,0.87032586,408.68536,275.44702,0.98475665,383.89078,275.87027,0.9907865,407.62527,314.56015,0.96985817,378.90988,314.84293,0.97981185,403.14633,353.75842,0.9454275,376.70038,354.2151,0.95885575
0.0,0.0,0.23042457,0.0,0.0,0.17116037,0.0,0.0,0.09421027,735.80237,171.9983,0.62857825,0.0,0.0,0.28737023,726.4773,195.27827,0.9273328,778.6875,194.63832,0.8727617,715.1233,233.59167,0.78158337,799.62585,234.42314,0.6436438,722.64014,255.73755,0.6028335,0.0,0.0,0.48755023,742.9167,257.98154,0.96200496,780.4138,258.10153,0.9533417,737.9843,315.52417,0.95793104,793.26373,317.28534,0.9535618,736.5321,361.5339,0.9201759,807.6708,368.22293,0.918267
0.0,0.0,0.122861676,0.0,0.0,0.0982053,0.0,0.0,0.088385694,0.0,0.0,0.16596128,0.0,0.0,0.15500031,0.0,0.0,0.38073725,0.0,0.0,0.42024386,0.0,0.0,0.21998182,0.0,0.0,0.25554237,0.0,0.0,0.1936119,0.0,0.0,0.21633866,0.0,0.0,0.4395675,0.0,0.0,0.468447,0.0,0.0,0.4682073,0.0,0.0,0.48493817,847.55145,333.5355,0.53557813,846.53046,334.04254,0.55112505
664.39294,206.12376,0.90646034,667.6786,203.07976,0.85023785,661.4576,203.08348,0.84357095,672.8279,205.33418,0.6363043,657.0829,205.22238,0.6119334,677.04083,223.56174,0.9723355,652.26385,223.95903,0.9768112,681.9332,244.74911,0.8001949,647.64746,246.5132,0.81601834,677.49615,259.7693,0.70727384,651.20966,263.81735,0.71514523,671.23285,268.1956,0.9582439,655.66895,268.35425,0.9626284,669.1094,301.79468,0.89392346,657.0655,301.8486,0.89671916,666.21704,333.31152,0.8237498,659.67285,333.14343,0.82637167
663.5743,204.66028,0.8706553,667.39233,201.66757,0.8370858,661.4334,201.09799,0.76610875,673.17426,204.41287,0.63536036,0.0,0.0,0.42123613,676.4482,224.10942,0.94919074,649.8451,223.09496,0.92868054,682.9526,244.79665,0.8109426,643.892,244.22617,0.6532,678.08685,259.4962,0.7531922,645.73047,259.29736,0.60569024,667.49585,269.15427,0.95103955,650.50165,268.70163,0.93909657,662.0503,301.42673,0.94006807,647.576,300.99414,0.9162262,668.86017,332.39456,0.9208022,655.7164,331.59778,0.8981499
0.0,0.0,0.14159204,0.0,0.0,0.156682,0.0,0.0,0.043082386,723.6446,176.1764,0.8535564,0.0,0.0,0.38302904,715.46204,197.87285,0.97007227,756.52045,197.31456,0.9277775,701.612,226.61943,0.78747404,0.0,0.0,0.40465358,0.0,0.0,0.4292702,0.0,0.0,0.17412929,723.7276,259.14435,0.9650231,750.1635,259.0195,0.94133794,728.96875,306.70905,0.9145489,750.2037,307.18173,0.8468242,736.57697,356.11655,0.82216454,749.7746,354.9146,0.73949754
284.51547,205.17648,0.57131726,0.0,0.0,0.4953252,0.0,0.0,0.40523282,0.0,0.0,0.42558897,0.0,0.0,0.25193936,291.61554,215.98251,0.91907924,281.2594,215.57545,0.905898,291.59186,234.52252,0.7334055,277.62253,233.36365,0.6620637,286.07693,243.05952,0.6638354,279.0708,242.28786,0.60314757,288.79086,252.6062,0.9605603,282.77917,252.28996,0.95782506,287.97394,281.91196,0.94956553,283.5323,281.50732,0.94410276,288.33838,310.66187,0.90446615,284.19843,310.10635,0.89678276
