0.0,0.0,0.053135436,0.0,0.0,0.07137198,0.0,0.0,0.013451888,828.392,199.18277,0.6494885,0.0,0.0,0.11603406,823.945,227.05806,0.85602546,854.0,225.9958,0.64038223,812.7467,264.11185,0.70425797,0.0,0.0,0.19624265,0.0,0.0,0.41346696,0.0,0.0,0.11347951,834.3956,292.66846,0.90726054,854.0,292.16843,0.83432674,823.2338,346.68332,0.88114965,838.1299,347.06198,0.75601697,823.49866,401.8309,0.7934482,833.2382,401.32428,0.670338
0.0,0.0,0.11569399,0.0,0.0,0.08598245,0.0,0.0,0.04042319,752.16077,184.49638,0.7661102,774.0001,181.9149,0.5679363,744.389,212.24127,0.9870955,787.07007,208.01204,0.98449564,733.4123,247.9035,0.9152628,799.01886,243.00658,0.8638089,735.46295,271.65265,0.6923876,794.4001,268.36176,0.60585314,754.54193,279.88034,0.9952136,781.42194,278.06183,0.99493647,761.3717,330.94778,0.9885804,780.18146,329.8818,0.9865702,768.2332,384.9952,0.9676867,779.72296,382.78302,0.96375597
0.0,0.0,0.10566843,0.0,0.0,0.06231744,0.0,0.0,0.06828259,385.75262,196.42206,0.5372832,401.64447,196.9943,0.57511413,377.8564,218.95415,0.95839566,409.25943,219.93127,0.9739091,369.38544,248.05156,0.8234559,415.48483,248.66708,0.89287406,368.02176,274.53082,0.6188161,416.70886,275.52292,0.7030805,380.6738,271.0422,0.98941493,400.70544,271.52847,0.9915326,382.64667,310.6417,0.9822609,397.57205,311.1661,0.98374695,384.9203,349.13083,0.96595633,395.03683,349.8635,0.9676714
0.0,0.0,0.14295836,0.0,0.0,0.08345164,0.0,0.0,0.07051936,526.0049,199.67937,0.5806834,541.34576,199.09474,0.5821793,518.60394,220.06604,0.97794294,549.6921,218.75166,0.97941226,513.6876,247.23161,0.86201894,555.4813,245.83858,0.857765,516.8827,265.9799,0.646274,549.3517,264.65518,0.6387248,523.3955,270.97324,0.9933963,545.0584,270.3952,0.99389017,520.1594,312.18872,0.987038,544.9087,311.92026,0.9868138,517.352,352.51413,0.97135353,544.23145,352.2008,0.9711585
0.0,0.0,0.10908112,0.0,0.0,0.10738914,0.0,0.0,0.038800497,584.42,215.44847,0.7490844,0.0,0.0,0.34749764,580.9631,235.22719,0.9799968,607.49347,234.27724,0.970371,574.22614,259.745,0.920104,615.28076,259.7516,0.8170801,569.6736,278.80728,0.75187945,615.281,280.3094,0.59507054,584.7343,282.3803,0.992219,600.92474,281.89056,0.9903385,587.87354,316.32184,0.98241353,597.5513,316.5452,0.9748343,592.416,350.51483,0.96108913,595.78754,349.72247,0.9490494
0.0,0.0,0.1054493,0.0,0.0,0.054855365,0.0,0.0,0.07737227,306.15378,205.1246,0.6172111,321.22052,204.14429,0.76586854,296.4521,224.61046,0.9799706,331.79312,222.77269,0.9866349,288.1184,254.41745,0.86734223,345.04727,251.14407,0.91753435,287.52136,280.77008,0.6222627,347.62796,276.84476,0.70232844,304.27182,271.13086,0.9935772,327.37335,270.62064,0.99467164,306.72214,313.80472,0.9860227,328.63684,313.30823,0.9869861,307.90994,354.6075,0.9677779,327.57278,354.0919,0.96887153
0.0,0.0,0.1247868,0.0,0.0,0.07597709,0.0,0.0,0.081169575,0.0,0.0,0.4968167,469.89877,231.69603,0.54490656,453.05298,246.88727,0.9643632,476.15045,246.66045,0.97117585,448.59604,266.71265,0.8221754,481.93784,267.06885,0.8525871,448.58472,283.62717,0.604593,481.5769,284.7712,0.64020634,457.31265,282.35446,0.98729545,472.51926,282.4885,0.988489,459.98166,309.6052,0.975114,472.2574,309.83792,0.97530353,461.5251,335.24518,0.95486754,470.9858,335.33972,0.95450467
0.0,0.0,0.18332633,0.0,0.0,0.15617119,0.0,0.0,0.09318434,632.99774,231.36276,0.68522733,0.0,0.0,0.3931515,628.6103,243.67717,0.977256,648.074,243.53362,0.96680844,622.92267,258.4312,0.84162766,653.43365,258.7578,0.6958445,622.41223,268.37247,0.6416684,0.0,0.0,0.47887972,630.9165,274.24692,0.9887018,644.1203,274.2572,0.9863941,626.5365,298.9438,0.9785243,644.86096,298.93256,0.97282267,626.33325,323.33414,0.9588561,645.7715,323.23544,0.9513123
0.0,0.0,0.18730819,0.0,0.0,0.11451965,0.0,0.0,0.11906788,0.0,0.0,0.46907368,444.06305,220.1506,0.5068308,427.1203,232.80731,0.9482581,448.99228,233.05687,0.9524687,421.50983,249.5409,0.72905874,453.5077,251.41815,0.75201756,421.3974,262.53403,0.500567,453.72714,265.4856,0.52232313,429.3715,267.31323,0.975966,443.43314,267.3836,0.977345,428.83865,295.0079,0.9515595,440.93256,295.17865,0.9514069,431.97238,321.08078,0.92197376,439.02673,321.19293,0.92156976
213.85832,243.09071,0.6526134,215.17726,241.4194,0.59217274,213.19029,241.41843,0.5044358,0.0,0.0,0.4944829,0.0,0.0,0.31850788,223.1911,250.68544,0.9617764,210.41113,250.75987,0.95511216,228.62819,262.7599,0.8361435,205.34381,262.4385,0.79318213,228.19617,274.59903,0.7863706,202.84024,274.1961,0.74223894,220.39204,274.17673,0.9833287,213.14146,274.07126,0.9821445,218.34528,293.60376,0.9753705,212.52365,293.29828,0.97318673,217.86177,311.94345,0.9628594,213.01051,311.48544,0.96055317
