0.0,0.0,0.14287506,0.0,0.0,0.04669869,0.0,0.0,0.10898556,0.0,0.0,0.3011616,424.6623,176.03441,0.7369255,396.26694,203.83026,0.9684068,433.07343,201.97182,0.98448366,388.51663,241.13803,0.8376672,444.1814,238.64514,0.940762,386.95166,272.3201,0.64788264,444.3765,268.6242,0.807875,403.41687,272.06964,0.9921312,426.22504,271.0096,0.99482006,409.42126,322.17682,0.9807633,420.62183,321.02768,0.9869407,413.76923,368.96667,0.9447753,415.30286,368.89984,0.9585283
0.0,0.0,0.1422985,0.0,0.0,0.12024943,0.0,0.0,0.05581869,492.58017,188.9326,0.85269594,511.09903,188.65547,0.6358721,481.2274,215.00221,0.99278307,520.6167,213.51645,0.9911758,466.85962,251.38191,0.9503363,530.4978,242.86803,0.90079033,463.33163,278.0584,0.79176337,525.68713,256.67676,0.66786695,486.77368,274.91696,0.9963653,512.4137,274.82483,0.9959514,485.50842,320.10892,0.9874635,512.17737,321.04843,0.98327565,484.36053,364.22827,0.9621888,509.52432,365.1474,0.9534709
0.0,0.0,0.10444567,0.0,0.0,0.0687104,0.0,0.0,0.04953892,667.3809,192.16525,0.5256538,0.0,0.0,0.42661503,661.8822,211.54599,0.9662483,691.2108,209.5032,0.9643087,653.816,237.40889,0.8556949,699.9433,233.34276,0.8235791,652.9478,258.7997,0.6444734,697.85486,251.94907,0.60288244,669.09686,258.7665,0.9875266,687.76215,257.74252,0.9877809,670.6493,293.4286,0.9671984,683.2772,292.7348,0.9651191,671.9415,325.92142,0.9310624,678.9204,325.06796,0.92839605
0.0,0.0,0.121205114,0.0,0.0,0.03788452,0.0,0.0,0.12413273,0.0,0.0,0.44797644,223.39145,199.16219,0.8653709,185.97267,222.58826,0.97933024,229.06522,225.809,0.9884934,170.63263,255.03868,0.8162934,241.97206,261.41605,0.91716546,171.06453,271.22174,0.5395206,241.69933,278.51584,0.6781083,188.1184,288.8723,0.99176484,214.23058,290.17343,0.9936526,196.68806,337.19183,0.9782947,209.73125,338.327,0.98161054,201.4323,384.8978,0.9437673,201.35376,388.12924,0.9488324
0.0,0.0,0.21465081,0.0,0.0,0.1010521,0.0,0.0,0.18260624,0.0,0.0,0.32542294,272.693,193.97473,0.57651806,247.30603,216.61273,0.8424533,286.3925,217.16483,0.8897899,233.95311,248.2898,0.5373413,302.22083,244.40796,0.68490946,0.0,0.0,0.3546678,0.0,0.0,0.49140093,265.3323,282.69574,0.9552697,289.79257,283.45657,0.9635506,271.30908,329.21545,0.9676329,291.93985,328.6527,0.9753062,274.47366,377.47617,0.96109676,294.63733,376.58395,0.967694
0.0,0.0,0.17830071,0.0,0.0,0.08459044,0.0,0.0,0.13842817,0.0,0.0,0.35806343,636.0747,204.52649,0.6073297,621.1327,221.29558,0.9485299,639.8967,222.71687,0.97441906,618.5512,244.47237,0.7262386,645.2062,247.5357,0.88699746,618.0307,264.14673,0.5295581,650.12775,267.6073,0.7103441,621.8785,267.9984,0.98527575,634.1207,268.5794,0.9901079,620.8957,304.5266,0.97317916,630.888,305.0324,0.9805142,623.8596,341.98972,0.9543156,630.8762,343.01044,0.96344966
574.5588,205.10414,0.85108423,576.8892,202.79138,0.7868712,572.99493,202.87814,0.7457134,581.5541,205.10374,0.611241,0.0,0.0,0.4952906,587.59705,219.98,0.9677433,568.66815,220.63307,0.96804094,594.43616,234.26923,0.8424318,563.59784,235.30447,0.82737786,593.3977,239.25467,0.7805484,567.1891,240.07594,0.764195,584.86194,253.94037,0.97889906,573.4902,254.17323,0.9792534,584.1161,282.4784,0.9745808,575.3813,282.44864,0.97287244,584.3835,310.27478,0.9658558,578.3655,309.6473,0.96379215
803.4441,233.58015,0.7656995,804.88605,232.02837,0.65283245,802.4254,231.92273,0.656751,807.0211,233.1,0.50807977,800.18896,232.6747,0.50904304,809.1771,241.47736,0.96231127,796.25525,241.04832,0.9670843,811.17566,251.30421,0.8313622,790.1763,250.38863,0.84329826,809.1221,258.11496,0.76851773,789.46045,257.08267,0.77659416,805.36163,262.19263,0.9715143,797.4805,261.99557,0.97324085,803.7292,279.047,0.95393145,796.61456,278.85013,0.9534247,803.7974,295.3334,0.9349724,796.8101,294.94028,0.9339845
0.0,0.0,0.3477792,0.0,0.0,0.14249441,0.0,0.0,0.3593056,0.0,0.0,0.118718505,163.87756,199.43066,0.5600047,154.85522,217.26144,0.7227317,153.27277,218.58699,0.8925824,0.0,0.0,0.24718104,139.03958,236.57137,0.6807435,0.0,0.0,0.20822752,140.71893,238.26756,0.5100022,153.56268,264.33884,0.84952366,152.31624,265.67032,0.9120574,153.38339,300.12466,0.7494337,151.03992,301.07172,0.8449813,149.76651,330.86676,0.7048073,147.9572,332.51596,0.79248595
0.0,0.0,0.2643924,0.0,0.0,0.13752916,0.0,0.0,0.22819637,0.0,0.0,0.17885156,0.0,0.0,0.41928986,155.45406,218.94708,0.70573765,159.48338,220.35909,0.7725317,0.0,0.0,0.29268938,0.0,0.0,0.43461722,0.0,0.0,0.2222266,0.0,0.0,0.3096086,156.29105,270.26852,0.8204459,158.97018,271.55887,0.8465586,160.22278,311.69064,0.8168658,160.01324,312.7792,0.8409955,161.43225,350.20798,0.7828476,158.43564,351.72665,0.80443513
