0.0,0.0,0.15071149,0.0,0.0,0.06806798,0.0,0.0,0.11307455,738.62,202.18793,0.50475675,754.89264,202.29349,0.7467007,729.2828,221.3231,0.9818569,760.91766,221.75092,0.9920254,720.2364,246.4741,0.88385653,768.1614,247.08315,0.9574148,721.557,267.56793,0.69937414,768.658,267.9801,0.83173233,736.67346,268.4374,0.99355423,756.99475,269.03836,0.99577916,741.5404,301.95126,0.9782769,756.51874,302.4398,0.98393387,743.5637,333.128,0.94649357,753.65094,334.03577,0.95667756
0.0,0.0,0.08408283,0.0,0.0,0.03489662,0.0,0.0,0.05439201,0.0,0.0,0.41283524,373.4681,182.95284,0.6422666,343.79544,205.33443,0.9683294,379.68637,206.98355,0.97487336,333.84317,238.65813,0.81449115,386.61685,240.99315,0.85792446,335.13562,262.64243,0.5670715,385.72372,261.89676,0.6124477,344.85852,268.98428,0.99271834,368.8417,269.7124,0.99366367,343.89496,314.9482,0.98599815,367.98575,315.8243,0.9868405,346.09415,357.9873,0.9688964,368.47302,360.08337,0.9701846
0.0,0.0,0.102469966,0.0,0.0,0.063724935,0.0,0.0,0.05938281,467.1839,217.15051,0.65998113,481.81628,217.20882,0.63366,458.34674,233.53773,0.9802412,490.32797,234.2814,0.984479,448.02936,254.65489,0.8675797,499.74304,257.50208,0.8853982,448.5436,271.45502,0.617599,500.2917,277.1047,0.6344403,463.76218,277.8473,0.99021685,484.72116,278.43182,0.99109274,462.9222,309.26553,0.96772814,485.93286,309.98862,0.96646655,464.18936,338.42682,0.9285279,486.04916,338.8673,0.92590994
253.53957,176.60355,0.92250454,257.33557,172.68158,0.9159479,249.74142,172.90408,0.8050006,264.05518,175.17451,0.8079244,0.0,0.0,0.3993382,274.81653,198.0141,0.98770535,238.49077,199.01459,0.97405,286.16428,222.73537,0.9439561,231.87271,224.01706,0.769527,269.2969,218.38602,0.9046748,241.49802,219.24847,0.7196258,267.41852,258.6928,0.9897787,243.80899,258.7352,0.9840641,268.8801,306.38763,0.98037887,247.04472,306.2665,0.96469873,265.61047,351.20352,0.9520229,250.19878,350.40887,0.9269131
71.416916,187.19786,0.9472708,75.532745,182.91158,0.93527573,67.31229,183.80031,0.8684107,83.51161,184.90205,0.8040328,0.0,0.0,0.48409402,96.58758,207.20496,0.9884099,60.619915,212.84726,0.98425585,111.36146,230.98645,0.95046085,56.792515,242.00569,0.88579875,101.96336,234.78636,0.92202485,66.10225,248.81274,0.8447628,96.66759,270.09314,0.9917013,73.856834,272.53253,0.9900214,99.542625,322.7962,0.98456174,81.891716,324.4373,0.97874224,97.55719,374.68967,0.95596844,88.79768,375.76666,0.9449969
646.93866,185.94722,0.89211565,649.8371,182.17052,0.729202,642.82245,181.87787,0.8872296,0.0,0.0,0.3461887,634.3479,182.69556,0.7749594,657.8016,204.20912,0.95805794,625.11584,204.64153,0.98920023,662.6397,228.06989,0.72629243,611.16235,234.43953,0.955679,653.23,240.00984,0.68314797,608.55176,265.0301,0.9071678,652.3736,261.51993,0.9844684,632.09155,261.59543,0.9925298,651.5113,305.1782,0.97835106,634.36255,304.64905,0.9885079,652.3508,347.44522,0.9616816,636.4814,346.666,0.9754877
0.0,0.0,0.08923786,0.0,0.0,0.053310204,0.0,0.0,0.05384413,0.0,0.0,0.38172442,0.0,0.0,0.4295985,507.6958,221.58902,0.92847097,531.976,220.42201,0.9413067,504.89264,232.7682,0.7343551,541.6743,226.91798,0.79075015,511.44052,223.41647,0.5272885,530.99744,211.88866,0.5850504,512.5551,264.35803,0.97981286,528.84204,264.07892,0.9824102,513.8378,299.00037,0.96405,527.0913,298.9931,0.96645576,515.7688,332.0675,0.93012977,526.3081,331.7759,0.9327644
0.0,0.0,0.08593877,0.0,0.0,0.06054771,0.0,0.0,0.042136863,152.22682,205.16232,0.5140551,0.0,0.0,0.39186138,146.17839,221.17207,0.96127075,174.44174,220.01277,0.95650214,141.16248,242.83783,0.82745427,179.52238,242.3734,0.7719503,144.31262,252.8404,0.5934765,176.72066,254.30438,0.52792865,152.16408,264.67874,0.9893406,170.98224,264.29318,0.9887709,153.52483,299.42795,0.97840333,170.55754,299.378,0.9748566,156.12854,334.34595,0.9613849,169.88211,333.7817,0.95665467
0.0,0.0,0.4006307,0.0,0.0,0.37411585,0.0,0.0,0.19803874,667.56665,199.67621,0.659594,0.0,0.0,0.28640068,668.50793,216.23834,0.94712096,676.18835,216.56647,0.9033008,667.4094,234.76884,0.8310693,687.0691,236.73058,0.5972911,668.4548,237.55328,0.6960299,0.0,0.0,0.4763929,667.98834,261.13693,0.9729762,672.99634,261.1332,0.961723,670.0344,299.2403,0.97306526,673.36584,299.31143,0.9585299,675.4793,336.37277,0.9613775,674.1392,335.42972,0.9466489
316.52106,200.14989,0.7718777,319.27664,197.13939,0.6255369,314.63025,196.79071,0.71354103,0.0,0.0,0.34444585,311.8609,197.38295,0.52465504,327.9975,216.52237,0.861977,306.30014,214.94893,0.9330212,327.121,239.06006,0.5522777,301.0897,235.62416,0.79592526,319.79007,250.0183,0.5295516,306.53802,246.3404,0.72427726,324.18866,262.20166,0.9177929,310.35675,261.653,0.94552594,322.41943,301.28696,0.9148457,310.488,300.42767,0.93951243,321.4738,338.39957,0.89800197,311.00415,336.99454,0.9208247
