0.0,0.0,0.08975147,0.0,0.0,0.045467094,0.0,0.0,0.06053423,251.48456,182.93875,0.5701205,269.19077,182.97998,0.72853863,241.67154,204.42786,0.98305386,277.93652,204.81006,0.9915734,228.58154,232.63588,0.91161656,287.66727,234.13814,0.96313566,225.17491,258.88913,0.73619837,290.92722,259.442,0.84450597,248.98781,260.48312,0.9963542,272.1391,260.72314,0.9975551,249.35344,300.8092,0.99015725,268.22733,301.02283,0.9925196,254.32474,337.60318,0.97379297,268.51834,338.18146,0.97849864
0.0,0.0,0.010081109,0.0,0.0,0.0017274176,0.0,0.0,0.004221938,0.0,0.0,0.033650886,0.0,0.0,0.065396205,740.05786,22.515812,0.5833796,739.2559,25.611408,0.6423377,715.68115,156.70921,0.64727175,692.29,162.41129,0.671768,0.0,0.0,0.46521315,0.0,0.0,0.47113678,751.41315,268.86493,0.8929225,763.66907,272.5613,0.8921857,0.0,0.0,0.3532298,0.0,0.0,0.3196469,0.0,0.0,0.026757836,0.0,0.0,0.021999251
443.61716,158.7949,0.9591461,447.56985,154.56712,0.8552552,438.52344,154.54922,0.9389359,453.42792,157.93483,0.55187225,431.98853,157.66878,0.83994675,464.6727,188.66476,0.97668797,420.26505,185.57237,0.9941228,467.8221,222.70383,0.87885004,413.69922,218.4442,0.9802365,462.3524,223.10275,0.8333955,449.86124,222.03506,0.956561,459.13318,263.4548,0.9916168,429.34937,262.15805,0.99581724,456.149,322.7339,0.98389834,426.828,319.1891,0.99249226,445.0566,373.22116,0.9579619,418.47427,369.12622,0.9748064
0.0,0.0,0.2180776,0.0,0.0,0.10219714,0.0,0.0,0.1950069,0.0,0.0,0.4220792,87.59351,216.73837,0.7321088,72.129036,228.08186,0.9676129,90.54838,228.60115,0.98424697,65.28196,242.00458,0.79055965,95.513695,242.40396,0.9206343,65.08018,254.44235,0.5996499,96.12165,254.20068,0.7715778,72.37194,255.4669,0.9869069,84.31181,255.77762,0.990947,72.32953,276.57233,0.97328115,81.52748,276.92117,0.97996783,72.72099,296.38803,0.9545817,80.047874,297.34583,0.96247834
498.77267,199.13928,0.923662,500.9743,195.83768,0.82691497,494.8757,195.75058,0.8922048,0.0,0.0,0.47933954,487.05634,198.08492,0.73176074,507.66754,219.32272,0.979298,480.4443,218.98618,0.98520744,518.88556,243.0641,0.88696444,477.8119,242.43596,0.9245613,526.7048,259.3191,0.845422,488.42706,249.91875,0.8813291,503.5629,269.38687,0.98814654,486.51486,270.05014,0.990105,505.5478,309.84073,0.9795837,495.1754,310.88495,0.9823186,496.84506,348.41937,0.9572766,489.05713,349.93713,0.96178424
0.0,0.0,0.16841248,0.0,0.0,0.110805854,0.0,0.0,0.13484107,0.0,0.0,0.48871756,120.674324,217.28204,0.57316625,108.52196,227.74014,0.9715602,124.68724,227.69873,0.97482944,103.30293,242.04637,0.7900078,129.18944,241.86305,0.83755064,102.42446,253.94287,0.58023083,129.00034,254.22585,0.6340796,110.74757,253.88731,0.9848636,121.85006,253.76443,0.9861773,111.10677,274.85452,0.96575594,121.37097,274.6619,0.96890044,111.2878,294.8212,0.9455382,120.90992,294.59796,0.9496335
0.0,0.0,0.1137582,0.0,0.0,0.057385772,0.0,0.0,0.090908766,0.0,0.0,0.36399862,165.94385,213.55243,0.6022261,148.91031,225.42802,0.9497873,170.17276,225.15701,0.9686151,144.74072,240.34746,0.78014827,174.2316,240.04587,0.8838473,144.98729,252.85612,0.5752215,172.79308,251.98769,0.7055089,150.99362,253.96785,0.9814848,164.95169,253.84457,0.98579156,151.70348,276.87915,0.95867646,161.88031,276.88928,0.96618885,151.36528,297.8798,0.9248416,159.57368,298.37183,0.9342482
0.0,0.0,0.2835958,0.0,0.0,0.1269732,0.0,0.0,0.256573,0.0,0.0,0.29933745,401.8634,202.48326,0.68508404,386.95422,217.64125,0.91237247,403.6534,217.83432,0.94642484,382.21622,236.83395,0.5347881,402.7747,238.47864,0.753584,0.0,0.0,0.3566707,405.62476,254.80542,0.5355853,391.4454,254.6789,0.9500655,402.67764,255.00969,0.9619526,392.19037,285.09406,0.9250084,402.3582,285.212,0.9420798,392.83124,314.41302,0.89254487,400.93314,314.93924,0.91057384
0.0,0.0,0.056949943,0.0,0.0,0.029342042,0.0,0.0,0.04644687,0.0,0.0,0.28746304,0.0,0.0,0.4983264,299.5885,231.64766,0.88776183,320.99594,230.98648,0.93221223,297.26483,247.44217,0.6088546,329.07486,245.36903,0.80410033,0.0,0.0,0.3924008,331.1321,256.58356,0.5745777,305.32315,260.5982,0.9687317,319.9876,260.71628,0.9768596,308.83334,284.79187,0.9488292,324.88574,284.82462,0.960716,310.08435,306.62628,0.92886114,327.20325,306.25787,0.9404984
564.40845,215.6576,0.8737812,566.80206,213.80219,0.83396196,563.326,213.54625,0.7457869,571.37415,215.29686,0.70751506,0.0,0.0,0.46038085,576.17505,226.70467,0.97616154,558.8019,226.85379,0.96748203,577.8477,238.89192,0.9048453,555.79266,239.9429,0.82101893,566.0466,235.42188,0.8560987,561.4258,238.53383,0.76822287,570.6243,258.93262,0.9688788,559.37787,258.57074,0.9625133,566.3985,284.40347,0.9334044,556.89343,283.92203,0.912423,562.8161,306.28564,0.87487257,555.38184,305.21536,0.8488065
0.0,0.0,0.13048914,0.0,0.0,0.11251076,0.0,0.0,0.06408772,354.92776,208.01862,0.51293707,0.0,0.0,0.21179135,353.12195,220.31558,0.9423831,367.16565,220.08461,0.9136674,348.813,237.41397,0.7718004,372.3068,236.85643,0.58558255,345.45734,248.2437,0.56912565,0.0,0.0,0.39920318,353.02087,253.07278,0.9778616,361.45694,252.70316,0.9727122,352.79147,280.19992,0.9576419,358.60583,279.9163,0.9458986,354.45374,304.93253,0.92115676,356.91312,304.5186,0.90585613
