0.0,0.0,0.28203732,0.0,0.0,0.07967838,0.0,0.0,0.12846534,0.0,0.0,0.28948867,329.6039,186.35782,0.6261804,293.0492,213.07326,0.9790639,337.8702,208.86247,0.9794756,282.40518,249.51054,0.9583244,363.90024,217.44844,0.9543674,272.26694,282.05945,0.9104654,350.8868,201.07242,0.9157849,307.23663,283.0012,0.99633443,334.00513,283.02798,0.9959688,310.14597,334.61334,0.990958,329.26953,335.81927,0.99028,309.95456,380.1707,0.95994294,322.0254,375.74353,0.9592097
0.0,0.0,0.20920868,0.0,0.0,0.07235259,0.0,0.0,0.16131337,0.0,0.0,0.41979328,597.6554,195.79048,0.8014008,571.8946,215.35715,0.9805916,604.73486,215.9953,0.9904255,563.9786,243.3179,0.84828335,614.9749,246.94218,0.94379354,566.5303,264.81284,0.6544075,616.75586,270.96085,0.8057168,577.53723,268.01166,0.99351007,599.559,268.05032,0.99576294,576.5776,309.54504,0.98325425,599.07306,309.17203,0.9884085,575.6383,347.70877,0.9586605,597.4797,348.36838,0.9685346
0.0,0.0,0.11682824,0.0,0.0,0.08278568,0.0,0.0,0.057058107,154.76805,205.65108,0.6050401,0.0,0.0,0.4420204,146.54189,221.08987,0.9571361,173.947,221.80057,0.9448262,137.02533,240.5968,0.7671137,174.57678,241.88403,0.6432161,142.71666,250.19519,0.50087684,0.0,0.0,0.378908,150.78008,264.25305,0.97994494,169.48172,264.8216,0.97567546,144.47867,299.6731,0.96523416,166.14317,300.56192,0.9519287,141.5829,334.13077,0.93908626,163.61972,334.6565,0.922573
0.0,0.0,0.17888898,0.0,0.0,0.0884184,0.0,0.0,0.09962624,0.0,0.0,0.47989106,394.9935,196.36986,0.63599175,369.58047,220.43727,0.9658883,406.43518,215.24573,0.9759369,360.4485,251.17361,0.8016502,418.78485,238.81972,0.86769027,357.90668,272.7332,0.58706325,412.63736,252.64697,0.674715,383.4556,271.83258,0.98698574,407.04565,269.70148,0.98991174,389.21704,313.56155,0.9757298,407.79974,311.63696,0.9803884,386.59952,354.23737,0.94692403,401.0771,352.14175,0.9553501
0.0,0.0,0.2971964,0.0,0.0,0.09721633,0.0,0.0,0.37427965,0.0,0.0,0.09578261,10.134738,129.03769,0.62072885,0.0,0.0,0.33752894,12.829219,166.83147,0.7690167,0.0,0.0,0.123988286,26.921387,223.66649,0.6469382,0.0,0.0,0.1319737,23.670372,239.54672,0.5260648,0.0,0.0,0.35463795,10.871466,273.0654,0.58282965,0.0,0.0,0.27486375,0.0,0.0,0.49426487,0.0,0.0,0.16456833,0.0,0.0,0.2612851
495.102,194.98177,0.8928477,498.14368,192.09668,0.8486459,492.9887,192.32904,0.80579823,503.8489,194.31525,0.64673954,489.7237,195.12692,0.50026816,511.15408,211.74481,0.9705119,484.58865,213.38736,0.9710349,516.02386,229.02382,0.876297,478.5676,230.41078,0.85531294,506.21335,226.41214,0.8297642,483.68146,225.30412,0.80660486,507.46924,256.44443,0.98061323,490.56717,257.2927,0.9806959,506.72375,292.07947,0.9741362,492.73602,292.6954,0.9712459,507.26694,324.7392,0.95883757,497.4664,324.8326,0.9551075
0.0,0.0,0.0904658,0.0,0.0,0.05620558,0.0,0.0,0.0535749,0.0,0.0,0.4637278,0.0,0.0,0.48965266,678.0479,215.5151,0.9620449,704.237,214.59799,0.970198,672.9096,235.11826,0.8331841,710.2607,235.70099,0.8670945,673.84717,250.62305,0.6145317,709.5085,253.47472,0.6625634,684.7733,253.86092,0.98884404,701.46576,253.57878,0.99044037,687.7011,282.28748,0.9759696,698.1276,282.1828,0.9774615,692.09546,309.98914,0.9549009,697.43494,309.60858,0.9565953
459.77475,199.80751,0.8776516,461.5482,196.85448,0.73398274,456.43607,196.97917,0.8426471,0.0,0.0,0.4172788,449.7383,198.4716,0.7171139,468.01175,214.88701,0.96487814,442.81168,215.5204,0.98345053,472.22598,234.31245,0.774302,435.5532,237.2445,0.9116239,471.30792,250.86658,0.71433926,433.28568,256.8038,0.84674174,464.3414,254.56299,0.9780122,449.10736,254.94424,0.98497057,462.89865,285.80322,0.96149164,452.12057,285.99026,0.9718401,458.08298,314.4224,0.9343999,451.95178,314.68735,0.94817364
541.3362,205.0831,0.86314106,543.26654,202.70726,0.73861367,539.4782,202.95633,0.8086927,0.0,0.0,0.49346042,536.71216,205.01509,0.6681811,550.2631,219.72688,0.96653295,532.4047,220.30334,0.98128134,549.4857,237.00784,0.7915898,525.40814,237.77388,0.9043043,545.15607,247.65308,0.7189414,525.72,249.60457,0.8358647,547.58215,258.28766,0.9779358,536.21533,258.55234,0.9840046,546.9136,288.18518,0.9625955,535.1674,288.25992,0.9712063,549.2125,315.72382,0.9388017,537.1599,315.57913,0.9490743
0.0,0.0,0.17633975,0.0,0.0,0.19194621,0.0,0.0,0.05926071,642.39307,214.49329,0.59704435,0.0,0.0,0.14021376,641.787,228.54982,0.92638683,655.42285,228.17725,0.8144036,636.24304,246.86705,0.8296254,0.0,0.0,0.42607105,630.4917,258.30835,0.67857146,0.0,0.0,0.34229872,642.7791,263.6723,0.971538,651.82904,263.255,0.95109767,640.61975,292.49313,0.9741754,647.2703,292.59653,0.9503966,642.65076,321.37592,0.96661633,646.9455,320.76175,0.9458682
0.0,0.0,0.15941708,0.0,0.0,0.16899575,0.0,0.0,0.04754603,208.99228,215.33844,0.6781584,0.0,0.0,0.18703392,208.60725,229.43588,0.9553155,230.19794,227.02434,0.8893851,203.25543,248.96739,0.86779517,233.94543,247.00189,0.51562864,202.27072,255.65602,0.68332,0.0,0.0,0.3590148,222.10356,266.93127,0.9686261,237.0156,266.10733,0.94989,223.23703,295.62164,0.92828286,240.03049,295.04053,0.87614816,228.06569,321.7943,0.86712044,244.4359,319.49533,0.8082716
0.0,0.0,0.41416782,0.0,0.0,0.22258176,0.0,0.0,0.3497674,0.0,0.0,0.2732881,759.4872,224.55678,0.55168754,756.5086,233.37968,0.9036166,759.5953,233.53085,0.9426055,757.6243,244.14828,0.6248048,762.7483,244.46097,0.81686205,759.588,248.60277,0.5269503,764.13666,249.5943,0.7015089,758.0143,257.40283,0.95439404,760.95197,257.7813,0.96614164,758.97003,276.04834,0.9360967,765.9381,276.19626,0.95223075,759.27936,293.94272,0.92612463,768.65204,293.94492,0.9403351
