822.33014,166.95396,0.9717605,826.90393,162.7906,0.86894387,816.9476,161.95747,0.9653619,0.0,0.0,0.44258296,803.86224,163.94287,0.8949418,834.86505,195.01448,0.97102565,788.99005,192.013,0.9951567,850.53735,215.3337,0.8356659,773.318,227.69496,0.9803578,846.63983,203.83061,0.79318875,762.0044,260.76553,0.95729196,823.29407,269.93857,0.9881974,792.6818,267.2159,0.99487126,825.8876,324.34323,0.98254114,793.7659,316.30734,0.9927008,830.60504,376.59473,0.9617344,801.66296,370.8524,0.9786064
244.20586,190.06657,0.8964578,248.58534,186.07028,0.80632806,240.68733,185.30186,0.8296583,254.03392,187.3039,0.54340297,233.50636,185.02144,0.62085843,261.93225,207.99422,0.98821825,220.46587,206.31679,0.99292666,270.77737,237.19595,0.95128757,215.74644,235.02823,0.9681788,258.40268,235.97264,0.92957157,233.03796,233.43573,0.9442052,256.38647,270.59357,0.9965275,229.47374,270.51498,0.99734783,255.41722,318.4572,0.9922289,232.93694,318.1526,0.99319154,252.5927,364.476,0.9757658,239.7598,363.64725,0.97793293
119.832726,157.28433,0.9628294,125.09004,153.24335,0.9372706,115.25398,152.88197,0.8316449,135.7731,154.66078,0.86866367,0.0,0.0,0.49768743,148.34613,184.31802,0.9972933,108.86878,183.36798,0.98550886,156.74255,217.88734,0.99059325,101.5181,224.5773,0.92038846,126.83935,198.61497,0.975781,99.48348,234.28273,0.8924577,143.35379,265.3407,0.9973345,120.01395,263.21494,0.99405575,126.67046,334.72687,0.99293053,129.69012,330.33493,0.9852187,124.65554,389.62405,0.962929,145.17555,384.30374,0.9431728
0.0,0.0,0.089567676,0.0,0.0,0.045541592,0.0,0.0,0.06474547,0.0,0.0,0.40976182,435.40546,197.31013,0.58280516,411.07812,214.49977,0.9574915,440.20917,214.82858,0.9720382,402.65967,240.59537,0.81018406,447.15262,237.18068,0.8841245,402.42902,264.06683,0.5924174,446.20703,253.62402,0.68213,414.93823,264.12347,0.98997927,433.09207,264.76083,0.99175996,419.51544,299.771,0.9815648,428.38223,300.64438,0.983254,424.29926,333.7661,0.9608013,425.12433,335.22604,0.9628429
66.559006,180.89519,0.911285,70.990135,177.07137,0.8559498,63.776657,176.91971,0.8331856,79.72,180.71939,0.6245019,61.441418,180.76779,0.53615147,89.66288,206.3965,0.978242,56.651897,207.6728,0.9840185,98.03466,236.75345,0.9116745,51.717426,241.15695,0.92829037,94.384514,264.6226,0.8717973,50.948166,273.87393,0.8819277,86.95006,269.45853,0.9902374,63.681522,269.6855,0.99159837,94.21822,315.88284,0.9785719,56.647163,315.38397,0.9794571,104.165504,357.4033,0.94953877,53.66363,356.06482,0.951818
0.0,0.0,0.063511565,0.0,0.0,0.028633019,0.0,0.0,0.053257637,0.0,0.0,0.38028976,511.1798,219.21056,0.64949036,488.28027,232.83046,0.95695037,517.5613,233.49448,0.97304475,480.40405,251.48973,0.7961456,526.5378,253.34102,0.89423037,482.51593,264.59232,0.56221175,529.0768,267.4887,0.68975437,492.83136,271.76422,0.99072754,512.23145,272.07037,0.99271625,492.43375,300.44586,0.98259085,510.8674,300.59305,0.98508817,492.75732,326.73788,0.96914434,510.01636,327.30923,0.9719605
0.0,0.0,0.25631234,0.0,0.0,0.2850079,0.0,0.0,0.083378814,662.8661,203.42001,0.86752987,0.0,0.0,0.39985502,657.7555,222.23314,0.98732066,684.6286,220.1608,0.96733975,652.46924,246.2576,0.93168795,688.9616,242.79446,0.67933685,654.297,259.50302,0.76479137,0.0,0.0,0.44544455,662.95215,265.1148,0.9919457,681.1047,264.4594,0.9864928,665.3374,301.65726,0.9871328,681.4843,301.71353,0.97502375,667.7197,338.57385,0.9743234,683.589,337.36826,0.9579272
0.0,0.0,0.1598497,0.0,0.0,0.14564179,0.0,0.0,0.06425126,539.08856,217.83768,0.6502589,0.0,0.0,0.2927003,539.6718,234.59723,0.95328176,560.02325,231.84923,0.9242557,537.25323,256.98358,0.8532097,570.8639,252.30986,0.6913274,537.1885,273.1089,0.67741233,570.8945,269.7623,0.508175,549.2072,272.0386,0.9781845,562.0105,270.89484,0.97096336,551.47656,298.96002,0.9654592,560.2429,297.9297,0.9499465,553.5561,327.71088,0.94470805,557.1784,324.90634,0.9273014
0.0,0.0,0.17691863,0.0,0.0,0.078991316,0.0,0.0,0.14511539,0.0,0.0,0.41673803,745.7793,212.58856,0.7238769,725.7234,228.56133,0.9683906,751.18524,227.22005,0.98190534,719.72186,249.10793,0.81980115,757.5824,247.07034,0.91256654,720.0537,265.66782,0.6078656,755.5147,264.10782,0.7376026,730.7671,267.25677,0.9813486,747.26794,266.7639,0.98602957,736.573,296.80786,0.9351786,747.72473,296.29514,0.9482888,736.91016,321.89142,0.85299355,743.96655,321.8676,0.8734744
0.0,0.0,0.11338818,0.0,0.0,0.09931186,0.0,0.0,0.041155897,0.0,0.0,0.19531669,0.0,0.0,0.05625394,6.725152,181.0498,0.52464205,0.0,0.0,0.21244305,25.057016,228.25027,0.518509,0.0,0.0,0.14079444,0.0,0.0,0.4501398,0.0,0.0,0.17370625,0.0,0.0,0.43369633,0.0,0.0,0.2735202,0.0,0.0,0.20802462,0.0,0.0,0.116180405,0.0,0.0,0.08871538,0.0,0.0,0.05740905
0.0,0.0,0.162801,0.0,0.0,0.11872679,0.0,0.0,0.12817238,0.0,0.0,0.4149364,0.0,0.0,0.41461584,693.024,227.25082,0.908851,709.1434,227.40613,0.9128448,689.309,240.73529,0.5886301,713.05634,240.2961,0.624279,0.0,0.0,0.38252717,0.0,0.0,0.4056607,696.4592,252.3435,0.93080705,706.9026,252.32387,0.93425184,698.5068,272.96664,0.87040883,706.4536,272.7951,0.8765769,700.72565,291.63333,0.8328455,706.41693,291.4601,0.8388641
