0.0,0.0,0.12597108,0.0,0.0,0.092705116,0.0,0.0,0.064809665,208.04958,182.40184,0.7276674,223.58806,182.50934,0.5979734,199.182,203.02873,0.9853343,232.46765,203.29251,0.9880756,189.23097,230.34352,0.91730756,241.00882,230.29335,0.91693306,187.8587,251.94318,0.7412542,241.4147,250.32541,0.7288578,202.95195,255.55289,0.9950989,223.68211,255.75754,0.9955117,201.57326,296.40796,0.9876587,216.7181,297.1245,0.98645926,204.38437,337.5361,0.9694071,212.82884,338.2086,0.96681297
0.0,0.0,0.24549313,0.0,0.0,0.06702461,0.0,0.0,0.24734731,0.0,0.0,0.27032122,94.83196,189.39401,0.8568374,67.502975,210.84215,0.9647493,98.88624,210.77919,0.9853351,58.97515,238.49821,0.71887124,106.166176,237.47977,0.92506236,63.24515,257.97598,0.506087,107.1292,255.22392,0.76393884,73.0948,264.69208,0.9897971,93.99764,264.7264,0.99368805,74.60659,303.7695,0.9820025,93.47597,303.4187,0.9886801,74.67849,339.32672,0.9680704,91.86935,340.37335,0.977236
282.1292,192.40723,0.92490226,284.39362,189.35585,0.817272,278.95212,189.35936,0.90756965,0.0,0.0,0.45579353,272.86386,192.63042,0.7811007,290.56723,214.39253,0.9761841,265.35626,214.12608,0.99117917,296.59027,238.6988,0.852803,255.60942,238.01677,0.96299464,299.56226,263.64578,0.8140467,256.07773,263.7947,0.9301402,284.55035,260.22675,0.9855322,269.1062,260.37735,0.9916338,282.201,295.0325,0.97063285,270.40793,295.2455,0.98155296,276.6521,326.08984,0.94916767,267.3241,326.75983,0.96361035
0.0,0.0,0.20395067,0.0,0.0,0.06182595,0.0,0.0,0.18144883,0.0,0.0,0.3772384,160.86942,191.90347,0.8532765,132.90558,211.51001,0.9772276,166.09227,212.28148,0.9890938,122.70756,236.80484,0.7797593,171.93655,240.1974,0.92298967,129.72255,253.5732,0.54239243,170.30817,260.59024,0.7391931,135.27495,264.40637,0.99253404,158.10501,264.46924,0.9950558,131.59973,302.34506,0.98432493,155.83472,302.13815,0.98895127,127.480835,339.2952,0.9670707,153.3335,340.47055,0.9743994
0.0,0.0,0.18167749,0.0,0.0,0.08652523,0.0,0.0,0.0874662,408.14093,153.02377,0.50744385,0.0,0.0,0.49174908,393.83252,181.72339,0.9444991,448.10074,179.05702,0.95906204,383.98306,224.90277,0.83907694,462.9455,219.14807,0.88442767,390.66104,242.95029,0.71163857,465.64932,246.52348,0.76796097,403.18488,261.51138,0.99343324,437.9327,261.74908,0.9942867,402.57584,320.91058,0.99430084,430.93082,328.20294,0.99539703,401.34143,381.44043,0.9875178,424.62564,396.60147,0.9893316
0.0,0.0,0.23470242,0.0,0.0,0.25384215,0.0,0.0,0.0672843,636.1716,188.31374,0.87728214,0.0,0.0,0.35861838,632.9701,210.00104,0.98460233,663.8963,208.63664,0.9679717,627.15314,240.97716,0.9301802,670.1743,236.50021,0.7217652,620.90643,266.92096,0.7819927,0.0,0.0,0.49846894,635.51654,263.4706,0.992469,656.74677,262.37527,0.9883696,623.8302,303.33313,0.98930454,649.1374,302.83383,0.9793871,625.7794,346.07764,0.9789757,652.8954,344.49994,0.9657111
0.0,0.0,0.30342346,0.0,0.0,0.27278063,0.0,0.0,0.10260845,737.3226,157.73001,0.74161965,0.0,0.0,0.28506595,726.8916,186.80638,0.9541259,777.5213,185.54356,0.86958265,706.1251,222.78989,0.87860054,781.4372,220.43631,0.5951699,710.73157,240.52156,0.73876613,0.0,0.0,0.46704504,732.18726,266.60895,0.9763338,763.5944,265.66818,0.9599087,735.4588,328.2332,0.9728742,748.6633,327.6322,0.95642155,753.5848,381.58865,0.9420828,746.65094,380.90247,0.92483
0.0,0.0,0.33053905,0.0,0.0,0.13180733,0.0,0.0,0.2823787,0.0,0.0,0.3860897,338.3721,207.55078,0.7818249,321.4311,226.36055,0.96227616,343.4704,226.45549,0.9819962,313.89044,246.76094,0.68329036,353.39148,244.2648,0.88288116,318.22977,253.68674,0.5026222,357.9175,246.13164,0.71168894,326.09628,266.46097,0.98114717,340.8339,266.78162,0.98802376,328.53537,297.00626,0.9659872,346.47723,297.04037,0.97783136,327.0974,328.3367,0.9472316,346.07455,328.95145,0.961258
0.0,0.0,0.24989952,0.0,0.0,0.3494306,0.0,0.0,0.03828772,795.9055,175.26338,0.92752403,0.0,0.0,0.17620327,795.5873,200.99332,0.9793403,827.08356,195.39694,0.8961739,790.6415,237.24838,0.8887962,0.0,0.0,0.25748965,785.6649,256.80276,0.64692,0.0,0.0,0.14626354,806.09814,269.2027,0.98266166,828.3204,266.93478,0.95734346,795.05383,318.4892,0.9785539,825.48114,317.44214,0.93612003,801.2952,367.90317,0.95561147,835.3634,364.10236,0.902421
0.0,0.0,0.04541712,0.0,0.0,0.045621723,0.0,0.0,0.030067954,0.0,0.0,0.06103239,0.0,0.0,0.030387223,0.0,0.0,0.09099161,0.0,0.0,0.10656999,0.0,0.0,0.1556232,0.0,0.0,0.17340289,0.0,0.0,0.18736276,0.0,0.0,0.19657472,0.0,0.0,0.14537133,0.0,0.0,0.15916237,0.0,0.0,0.16478172,0.0,0.0,0.17513932,0.0,0.0,0.13340135,0.0,0.0,0.1433573
0.0,0.0,0.11014816,0.0,0.0,0.06870229,0.0,0.0,0.09899638,0.0,0.0,0.055807937,0.0,0.0,0.115943104,0.0,0.0,0.20268476,0.0,0.0,0.26820657,0.0,0.0,0.13317941,0.0,0.0,0.23463123,0.0,0.0,0.12994577,0.0,0.0,0.19628313,0.0,0.0,0.25196838,0.0,0.0,0.2856817,0.0,0.0,0.21401139,0.0,0.0,0.24573608,0.0,0.0,0.17691353,0.0,0.0,0.19814672
