0.0,0.0,0.11999587,0.0,0.0,0.097765185,0.0,0.0,0.048549335,754.9539,182.2522,0.8690371,776.959,180.28001,0.7087367,744.1406,210.32005,0.9919064,791.97156,207.25227,0.990833,735.06506,248.01773,0.9232417,805.96643,243.36969,0.87756526,744.2056,273.6993,0.66574913,802.3487,270.06146,0.5654814,755.46674,278.02972,0.99598736,786.5147,277.23715,0.9955966,760.37946,330.8502,0.98881847,785.52264,330.6146,0.9854894,766.3373,385.34567,0.9666549,785.1799,383.80923,0.9591487
0.0,0.0,0.10083597,0.0,0.0,0.054860722,0.0,0.0,0.06776259,0.0,0.0,0.49648586,401.1567,196.8846,0.5905775,376.91125,218.6098,0.95956385,408.50674,219.48761,0.9773907,368.89108,248.14987,0.8298254,415.57138,248.45049,0.9149277,369.14572,274.37555,0.6326624,418.63446,274.78088,0.746599,381.20694,271.0267,0.99131304,401.0923,271.5733,0.99348193,384.80786,311.7967,0.98512864,397.9581,312.26993,0.98734075,387.31967,351.2537,0.96976435,394.41898,351.8633,0.9728124
0.0,0.0,0.16036698,0.0,0.0,0.10330098,0.0,0.0,0.1163523,0.0,0.0,0.16236019,0.0,0.0,0.2101238,834.67285,228.75037,0.5235218,839.66656,227.56703,0.561969,0.0,0.0,0.32423332,0.0,0.0,0.343985,0.0,0.0,0.2627153,0.0,0.0,0.26855204,837.492,296.27673,0.70077324,841.43536,296.07825,0.71889526,829.85565,349.92123,0.74215424,832.03766,349.57266,0.7368988,824.63885,405.1698,0.68385834,825.6515,405.50665,0.68259585
0.0,0.0,0.14373532,0.0,0.0,0.09371451,0.0,0.0,0.06633165,528.4175,199.51791,0.6927007,544.4556,198.69464,0.6225676,520.20886,220.92096,0.984626,553.77026,219.54364,0.98522586,515.31104,248.74092,0.8865893,560.0733,247.5226,0.87360275,522.05615,267.28876,0.66187394,554.59863,266.90176,0.63865393,524.6683,272.15222,0.99440837,548.1506,271.63608,0.99472874,521.4841,313.20444,0.9873089,549.0875,313.14316,0.9865746,517.5869,353.50107,0.9708072,548.7273,353.09116,0.96961635
0.0,0.0,0.08487187,0.0,0.0,0.044788096,0.0,0.0,0.057044964,306.5585,207.43617,0.60685307,323.18594,206.03688,0.7446076,298.6634,227.92358,0.98244596,334.60208,225.7511,0.9913475,292.97476,257.0143,0.8767071,348.39563,253.84108,0.94839114,291.6217,281.15402,0.6343245,347.95102,278.95596,0.77445734,308.1315,276.08655,0.9944003,331.37,275.3852,0.99618405,307.84998,317.18826,0.9820579,330.1679,316.69327,0.9860845,308.8067,356.90607,0.9532889,328.11627,356.08102,0.96072733
0.0,0.0,0.09856406,0.0,0.0,0.105423346,0.0,0.0,0.032106224,586.14075,214.74118,0.79048663,0.0,0.0,0.3267728,582.73224,234.1764,0.9779704,610.1305,233.35614,0.96008587,576.1096,258.98065,0.9142816,617.8998,258.5861,0.7539542,572.21423,276.8123,0.7283899,617.6801,276.91168,0.5091175,585.6069,282.70358,0.9902823,603.1621,282.26443,0.986421,586.3897,317.46793,0.9789306,602.5022,317.80188,0.9660677,588.62665,350.5486,0.95245326,602.2558,349.65796,0.9323548
0.0,0.0,0.13607794,0.0,0.0,0.08213914,0.0,0.0,0.09108116,0.0,0.0,0.49871293,470.72,232.51988,0.56596714,454.27252,247.70096,0.9636188,477.08847,247.4265,0.97273684,449.71298,267.3162,0.80967754,483.27957,267.73352,0.85920507,449.50656,284.14603,0.58681947,483.31265,285.80475,0.6476541,458.7543,282.81406,0.98593533,473.5218,282.93292,0.98778206,461.51196,310.4838,0.97144294,472.60693,310.70135,0.9729168,463.69858,336.5193,0.9480161,471.04782,336.54474,0.9493012
0.0,0.0,0.13054366,0.0,0.0,0.09812128,0.0,0.0,0.06656581,633.7679,229.72168,0.5690936,0.0,0.0,0.41307354,630.2033,242.6048,0.9644292,651.0952,242.20914,0.9651958,626.5633,259.37466,0.85052663,655.0598,258.33493,0.82702637,625.5297,270.61447,0.67046934,651.8136,269.17072,0.6377361,632.8917,273.82303,0.9894329,646.7546,273.7709,0.98938715,633.6711,299.2033,0.98358834,645.4751,299.51624,0.981358,634.4032,325.2676,0.97359765,644.5719,325.01248,0.97059524
0.0,0.0,0.073820405,0.0,0.0,0.04228776,0.0,0.0,0.058115076,0.0,0.0,0.45721182,441.47842,221.60422,0.5552928,422.92603,233.65324,0.96003,446.5755,234.33147,0.96591604,416.955,251.77051,0.6954261,453.38705,252.03752,0.77090603,0.0,0.0,0.41490978,0.0,0.0,0.48501176,427.47055,267.0124,0.98393077,443.51367,267.44452,0.9854811,426.18304,296.62827,0.967628,445.2557,296.47534,0.97112423,425.2347,324.57034,0.94279057,444.96793,324.80542,0.94793856
213.90582,243.32555,0.6062171,215.09221,241.69102,0.5375324,0.0,0.0,0.45790264,0.0,0.0,0.478897,0.0,0.0,0.3253048,221.61404,250.86804,0.95994157,212.26588,250.92049,0.9537394,226.64467,262.65454,0.82698953,208.14165,262.50327,0.7866325,227.26488,274.40863,0.77134603,205.24783,274.0809,0.72887737,219.39595,274.0602,0.9832366,214.33994,273.95547,0.98222566,217.34431,293.36267,0.9758011,213.46834,293.09314,0.97389245,216.7738,311.68573,0.9640076,213.48653,311.3192,0.96209055
