0.0,0.0,0.09174764,0.0,0.0,0.04328463,0.0,0.0,0.057851583,0.0,0.0,0.37810484,403.6414,191.25697,0.5701193,378.63324,214.46555,0.9599428,411.52292,214.57797,0.97277516,371.06723,244.81567,0.8436519,419.30673,248.78593,0.90443856,368.2205,268.25705,0.6460512,420.12326,274.98285,0.7373107,384.1261,270.2484,0.9895298,404.8005,269.9588,0.9919071,387.30988,314.21484,0.9783546,399.21158,313.92078,0.9822031,396.23196,353.1869,0.9481457,401.8124,353.5269,0.95502543
0.0,0.0,0.11427326,0.0,0.0,0.095250465,0.0,0.0,0.047197293,536.04193,193.96263,0.7470051,552.65247,193.88808,0.5123642,527.6524,216.2268,0.9808337,561.2059,216.48642,0.9722162,521.4381,244.50214,0.883413,565.3669,245.33138,0.765154,521.5838,263.59793,0.6365587,0.0,0.0,0.4776796,529.1648,269.406,0.99157023,551.9185,269.54535,0.989754,526.9628,311.8643,0.9823073,550.10016,312.7233,0.9754218,527.2987,353.94623,0.9605607,550.4231,354.7381,0.9497167
0.0,0.0,0.1556386,0.0,0.0,0.12153798,0.0,0.0,0.05728228,763.6217,184.75522,0.6097971,0.0,0.0,0.28551275,759.36847,214.58138,0.9383165,802.86053,209.78769,0.89271396,752.507,254.17474,0.8106995,810.5663,248.13657,0.66782165,757.57385,274.6643,0.58433944,0.0,0.0,0.46768773,768.02454,285.30487,0.9797823,799.5338,283.44943,0.974183,764.9041,336.46698,0.9736148,802.35046,334.90533,0.96991336,769.7997,387.49667,0.9445052,814.8148,387.65598,0.9422297
0.0,0.0,0.14239073,0.0,0.0,0.14023963,0.0,0.0,0.04957776,591.9846,217.84782,0.790134,0.0,0.0,0.35812086,588.2683,238.13637,0.97455096,617.9284,236.87524,0.9547931,580.0486,262.98462,0.900222,626.69165,260.4224,0.7293608,576.8899,284.0649,0.7218687,623.55756,282.7476,0.5039304,592.1719,284.24622,0.9894565,611.40546,283.47513,0.9850087,591.9426,317.9009,0.98299235,611.21606,317.52756,0.9722642,592.26434,353.19257,0.96962357,609.4842,351.5328,0.9564356
0.0,0.0,0.096003264,0.0,0.0,0.049464267,0.0,0.0,0.0641493,316.61203,204.03973,0.6010894,333.29102,203.23824,0.7482493,306.58673,224.99557,0.98545235,343.37628,223.07271,0.99100035,297.47964,255.53734,0.9011986,353.84393,251.64334,0.94101936,295.22415,282.47144,0.69032985,352.39313,276.06238,0.7651613,313.39047,272.0671,0.9958598,337.3831,271.23978,0.9968454,312.81284,314.84033,0.9887024,334.74155,314.26245,0.990254,309.3409,357.7302,0.9709495,329.1641,357.64764,0.9738202
0.0,0.0,0.1910969,0.0,0.0,0.1292987,0.0,0.0,0.16806811,0.0,0.0,0.12789698,0.0,0.0,0.23572887,0.0,0.0,0.25736833,0.0,0.0,0.48507077,0.0,0.0,0.11245639,0.0,0.0,0.34080946,0.0,0.0,0.11462584,0.0,0.0,0.265508,0.0,0.0,0.2777265,0.0,0.0,0.4103785,0.0,0.0,0.28542697,0.0,0.0,0.39924595,0.0,0.0,0.28415945,0.0,0.0,0.3711646
0.0,0.0,0.08205599,0.0,0.0,0.04273474,0.0,0.0,0.062179636,0.0,0.0,0.406466,476.8679,230.30061,0.5820371,457.22794,245.19809,0.9550005,482.72348,245.64444,0.97161,450.45587,264.44998,0.7863928,488.9305,266.77798,0.87889093,450.44992,281.07803,0.5488827,489.6421,286.25177,0.66511315,461.3132,281.7439,0.98678046,477.6779,282.1379,0.98943675,463.38242,310.41724,0.97205746,476.50064,310.85336,0.9756091,463.99112,336.70163,0.9483056,473.38272,337.29715,0.952547
0.0,0.0,0.08060957,0.0,0.0,0.049949516,0.0,0.0,0.04804992,0.0,0.0,0.35782546,0.0,0.0,0.3708151,428.42838,232.31592,0.92702883,449.15375,231.55644,0.9320103,425.25238,249.85072,0.7856947,453.18497,250.21219,0.799751,424.0585,265.26807,0.5947405,454.6672,267.1003,0.6115794,431.64716,266.89883,0.97929275,444.92737,266.51633,0.98035896,433.25134,295.05728,0.96165293,442.32043,294.83124,0.9615236,434.9008,321.26025,0.93046355,439.71094,320.90918,0.9302288
0.0,0.0,0.13267614,0.0,0.0,0.11220544,0.0,0.0,0.06346014,637.5813,230.34958,0.65255,0.0,0.0,0.3417221,634.85913,243.20123,0.9765326,654.2233,242.29999,0.9665028,630.48224,259.5273,0.83953166,660.8916,258.5577,0.7112916,628.7813,270.94467,0.6132735,0.0,0.0,0.46459678,638.76575,275.02658,0.9886141,651.0203,274.58792,0.98655486,639.59503,300.3571,0.96997774,649.0262,300.08267,0.9631706,642.97614,323.78088,0.9403726,648.7038,323.0505,0.93086207
214.51295,243.27303,0.6444173,215.66893,241.66876,0.5709763,0.0,0.0,0.4907994,217.89261,242.19475,0.5402832,0.0,0.0,0.38385916,220.63007,251.0433,0.9753632,214.40222,250.76585,0.97074664,224.63298,262.61984,0.864716,210.43156,262.07938,0.8243008,226.16095,273.8475,0.7991843,206.39369,273.34198,0.75275576,219.28539,274.03015,0.9865242,216.22298,273.8327,0.98547345,218.1041,292.9514,0.97552705,215.89769,292.67368,0.97325605,218.4917,311.12088,0.96076155,216.58029,310.78152,0.958276
