817.6486,141.61897,0.9524061,819.7828,135.98924,0.57947105,811.4404,134.70534,0.9556499,0.0,0.0,0.12437166,788.0331,137.4833,0.93702126,806.11316,182.64896,0.9661627,765.84406,176.65678,0.9975128,811.8089,234.68568,0.8561517,756.09955,236.30017,0.9948672,824.24713,232.65308,0.8472344,775.1701,280.84412,0.9877473,802.70435,282.44427,0.99586535,772.8996,282.48657,0.99880385,816.7871,365.62585,0.9906721,776.48303,370.84946,0.99734133,813.5469,436.18387,0.95992404,757.5468,450.1506,0.98126054
0.0,0.0,0.27911678,0.0,0.0,0.13261268,0.0,0.0,0.1958038,0.0,0.0,0.48265314,191.42581,209.45969,0.70825857,173.64345,225.10666,0.9807022,197.07814,223.41711,0.98683655,164.10567,244.93991,0.88772005,205.18639,241.90863,0.9280732,160.16289,264.30286,0.74908334,204.81865,259.99188,0.80699676,177.302,259.90933,0.99098665,192.2058,258.91794,0.9929482,179.23233,286.87097,0.97664464,190.07603,285.86276,0.9805008,179.03542,311.82208,0.9489379,187.11975,311.56906,0.9553468
0.0,0.0,0.22662197,0.0,0.0,0.1997604,0.0,0.0,0.062838614,308.05792,148.2365,0.76090556,0.0,0.0,0.27853218,296.75565,179.71706,0.9838424,345.27048,180.16727,0.91156244,278.8263,218.96974,0.9554034,347.50983,223.54626,0.65818155,270.41418,238.46428,0.85809696,331.30627,242.31871,0.5268761,299.27765,258.42865,0.99674076,330.7512,258.45557,0.9921578,304.52786,327.20383,0.9955362,325.83087,330.25732,0.99037313,309.5967,394.84982,0.98607177,318.36978,399.94894,0.977702
615.0036,199.95209,0.9383346,617.6207,197.52162,0.914123,612.9139,197.4885,0.84753215,621.6966,199.44939,0.81599593,609.9825,199.50851,0.5516251,628.00757,215.72212,0.9931142,605.6323,216.19649,0.9912142,632.465,234.43399,0.96528137,601.4344,234.92577,0.92735577,625.7837,248.49792,0.93833745,600.26514,250.7963,0.8879491,623.5503,254.03775,0.99147415,609.27893,254.04515,0.99032474,622.10046,283.5267,0.9760641,607.62695,283.26093,0.96844953,622.3461,309.49078,0.93718135,610.0892,308.8099,0.9226041
454.7376,212.04324,0.87008,457.12436,209.98459,0.82084113,453.8094,209.88521,0.7340251,461.83536,211.46698,0.71323204,0.0,0.0,0.47948202,467.1553,224.63383,0.9849231,447.79932,223.99329,0.981693,469.81622,239.05237,0.9215969,440.4614,236.29524,0.8676706,460.56396,239.22154,0.8727832,444.5222,234.72574,0.8094552,462.6539,259.8164,0.9876436,449.90305,259.45758,0.9861989,463.2147,286.03793,0.9776728,448.44788,285.61478,0.97190905,466.8791,311.26025,0.9554356,451.3147,310.07077,0.94649625
257.7359,217.56255,0.5454023,0.0,0.0,0.36798552,0.0,0.0,0.42532903,254.71785,215.47734,0.52932954,254.87479,215.98433,0.6344894,251.01517,228.84306,0.96002555,258.54077,228.99245,0.96936584,246.133,245.03137,0.714323,263.69144,244.09407,0.7627157,242.32413,252.03279,0.56929773,261.5562,250.17336,0.6007069,253.2214,258.99002,0.9752245,258.9535,259.21313,0.97808194,251.31212,286.75894,0.97366714,261.30756,286.83896,0.9744442,251.54865,315.33682,0.9671245,263.33566,315.42212,0.967546
665.74115,206.56319,0.9067723,668.38544,204.09119,0.8851051,663.37054,204.24146,0.78198165,672.8397,206.17686,0.79258835,0.0,0.0,0.47082943,678.76575,220.03975,0.9877771,657.5052,221.21391,0.97730553,685.53204,233.03175,0.94476587,655.1908,235.01936,0.8247413,674.58453,221.9152,0.9049793,661.83093,222.96913,0.77253366,674.04584,255.23427,0.97844154,660.28156,255.48967,0.96974784,671.1972,280.3612,0.9452547,659.39343,280.53375,0.91563356,670.8721,302.28128,0.86820465,662.2,302.0398,0.82256126
0.0,0.0,0.14645585,0.0,0.0,0.09626517,0.0,0.0,0.11364938,0.0,0.0,0.41118756,0.0,0.0,0.4529897,361.4863,229.79764,0.9648461,375.69177,230.5764,0.9661013,355.82864,241.40688,0.80669963,378.5745,242.76534,0.82749224,354.66727,249.96977,0.6080897,377.73813,251.29808,0.6316332,362.75275,254.23381,0.9836781,371.60602,254.51521,0.9840656,363.56165,273.54877,0.95853317,370.30948,273.92404,0.9599986,364.31366,291.09244,0.9308653,368.57983,291.58456,0.93298405
414.28955,225.77246,0.82854664,416.24225,223.90956,0.81862915,413.3398,223.7821,0.68263733,420.40024,224.86505,0.71677727,0.0,0.0,0.34879804,424.1698,234.84148,0.97695845,411.25525,234.34953,0.9633417,425.35757,246.80135,0.889751,407.1715,245.3651,0.7639671,419.39832,253.45488,0.844875,407.25012,251.89133,0.72940683,420.92996,258.65613,0.97715,412.72018,258.23215,0.9714247,418.76813,277.10547,0.9509604,412.04395,276.69955,0.93599147,419.1815,294.5618,0.90772027,413.68277,293.9457,0.8874966
0.0,0.0,0.11841677,0.0,0.0,0.065093964,0.0,0.0,0.12613331,0.0,0.0,0.2382778,107.68558,225.59721,0.5190746,96.44472,232.46182,0.8914187,107.82486,233.07439,0.92752904,91.61233,242.98932,0.5684851,109.12049,243.62784,0.77376235,0.0,0.0,0.4054136,110.500206,252.19872,0.584411,96.307495,251.61594,0.95904297,103.81375,251.9431,0.96727496,96.769775,268.07455,0.9493945,104.19786,268.16034,0.96106833,95.0662,284.14923,0.94441366,102.25671,284.65698,0.9548023
492.93628,225.358,0.71979344,494.72537,223.40387,0.74116653,0.0,0.0,0.43784416,499.6922,224.69601,0.7519443,0.0,0.0,0.1558466,504.51465,236.12039,0.9628482,493.86124,236.43393,0.9163973,506.91525,249.52068,0.85401183,492.3571,248.85728,0.5166257,501.02798,256.43066,0.77126855,0.0,0.0,0.4727876,503.66873,263.9083,0.95371044,497.08755,263.7787,0.93043876,504.0474,284.10266,0.8958108,499.33984,283.83572,0.8401285,508.23816,303.13354,0.82849574,504.22232,302.2916,0.7657724
