0.0,0.0,0.1772412,0.0,0.0,0.12183836,0.0,0.0,0.057760566,283.5556,158.81883,0.6607365,0.0,0.0,0.26912835,271.61304,187.35408,0.9739391,318.69275,184.44896,0.9128554,259.7152,231.94281,0.9318978,321.22028,220.006,0.7362779,262.9622,262.4364,0.82271117,313.35742,238.23022,0.59581375,279.52234,256.7862,0.9956518,310.85168,255.72855,0.9922483,281.2045,320.62628,0.9960461,312.40808,322.50797,0.99361753,283.72565,383.29688,0.9903234,316.33322,388.33154,0.98721224
612.099,194.53728,0.9410174,614.8891,192.07005,0.8684462,609.6919,191.77559,0.9100985,618.3085,194.44408,0.6252367,605.21106,193.56834,0.78243744,621.71576,211.8829,0.9896973,598.6641,210.94879,0.9956162,624.74664,232.59727,0.9211669,592.5749,231.32697,0.97214466,619.6943,246.3453,0.88394845,591.5126,248.1996,0.9421734,614.7235,254.06161,0.9913476,599.9585,253.51724,0.9945338,611.97296,285.3277,0.97541803,597.7509,284.6219,0.9825357,611.5706,314.55594,0.9389108,597.9546,313.78958,0.9519289
0.0,0.0,0.14072229,0.0,0.0,0.087410204,0.0,0.0,0.098303676,182.18471,211.90169,0.6123333,193.75133,211.67717,0.67134845,174.45422,225.12943,0.9755568,201.39268,224.54773,0.9815719,167.65273,242.35564,0.8525585,211.61006,240.41914,0.89099705,167.57248,255.73334,0.6362492,212.11183,252.03517,0.6878111,178.63445,257.47437,0.9887034,195.9304,257.45123,0.9900566,179.27959,281.62674,0.97438467,193.7686,281.84595,0.97484744,180.29819,304.16553,0.9530874,191.67853,304.28256,0.9527859
466.47003,212.34528,0.83791965,468.43103,210.23334,0.72726685,464.78543,210.23312,0.7479943,471.78903,211.82704,0.51275074,461.71826,211.8101,0.5572725,477.65677,223.70872,0.9750703,456.29388,224.30696,0.98220396,483.23178,235.8397,0.9003292,451.32742,238.13028,0.9276868,475.92255,227.98985,0.8648681,459.38705,232.37692,0.8888308,473.2337,258.08597,0.98798287,459.7733,258.17957,0.9898022,471.48535,285.68936,0.97884136,460.13028,285.53317,0.9803556,467.6661,310.93332,0.9591268,460.2289,310.524,0.961461
663.47156,205.70064,0.913948,665.8567,203.70787,0.8691778,661.70465,203.47769,0.8250613,669.5721,206.26451,0.7296953,658.31,205.65898,0.58332103,673.41986,220.28477,0.98885506,653.5258,219.14322,0.98845214,676.58923,234.35143,0.94055134,647.7827,230.95653,0.9120163,666.5829,230.28488,0.9054172,652.9158,224.0425,0.86655277,667.8142,253.30042,0.98866093,654.4923,252.64525,0.98807985,668.6785,280.41754,0.97434336,652.9093,279.68976,0.9694653,669.58,305.14197,0.9428808,652.51184,304.0032,0.93529576
0.0,0.0,0.19343837,0.0,0.0,0.12703249,0.0,0.0,0.114702694,239.82056,218.16673,0.59592444,0.0,0.0,0.47914314,236.25723,227.55922,0.9796215,253.40768,227.60928,0.97850275,232.65765,240.87369,0.82152146,257.4485,240.50798,0.80748725,232.15468,251.86087,0.59525955,256.05283,251.73425,0.5683765,238.60999,251.31625,0.9845263,250.22806,251.23576,0.98417294,238.38533,271.2172,0.9616287,248.53569,270.88425,0.960581,239.17795,289.941,0.94178265,248.35577,289.64456,0.94076914
0.0,0.0,0.23446177,0.0,0.0,0.110914946,0.0,0.0,0.3008802,0.0,0.0,0.05598035,0.0,0.0,0.36238122,0.0,0.0,0.2217345,841.3044,225.62857,0.5825414,0.0,0.0,0.0924746,838.59894,243.45555,0.5792051,0.0,0.0,0.12801325,844.62585,248.03519,0.50275457,0.0,0.0,0.31637156,843.6562,263.3125,0.5382637,0.0,0.0,0.3438919,846.01984,297.73154,0.5734788,0.0,0.0,0.41459432,843.2995,329.07352,0.5935626
0.0,0.0,0.27815664,0.0,0.0,0.12995733,0.0,0.0,0.346747,0.0,0.0,0.0779513,0.0,0.0,0.47440922,0.0,0.0,0.41717705,842.24115,227.99384,0.7768817,0.0,0.0,0.1357454,842.12494,241.36972,0.6667088,0.0,0.0,0.16233331,847.718,242.63556,0.5594961,849.42664,260.1576,0.5869551,845.7215,261.25235,0.7812682,847.7675,292.8865,0.54192114,845.2619,293.63324,0.7478633,846.51715,324.40753,0.5755899,843.8312,325.89432,0.731882
0.0,0.0,0.2376903,0.0,0.0,0.16346915,0.0,0.0,0.18386078,0.0,0.0,0.43234998,0.0,0.0,0.4796876,103.04492,233.71161,0.9469819,113.99148,233.92561,0.9515938,101.05005,244.34134,0.7205362,118.41956,244.40198,0.76160717,101.84398,253.43681,0.5625457,119.56992,253.00888,0.59634,104.731766,253.72401,0.97094,111.89252,253.80672,0.97260803,104.53972,268.88663,0.949544,111.93398,268.6612,0.95280015,104.02859,283.02957,0.9349518,111.667595,283.05515,0.93861735
0.0,0.0,0.1929272,0.0,0.0,0.09729883,0.0,0.0,0.21450971,0.0,0.0,0.26725787,135.428,220.43304,0.66573477,124.49686,229.92186,0.93885106,136.43295,230.14401,0.9613589,120.959236,240.79305,0.6406146,140.97116,241.04901,0.84521854,0.0,0.0,0.45958036,144.76082,249.44037,0.6674834,127.57303,251.70474,0.96658283,135.06758,252.07591,0.97403675,129.36496,268.36383,0.93439573,135.93968,268.3328,0.9516956,127.43939,282.79526,0.90866095,133.46541,283.44608,0.92799366
415.1885,227.06766,0.8468067,417.05115,225.22836,0.828478,414.03445,225.10925,0.7367616,420.82376,226.12157,0.6954494,0.0,0.0,0.42429036,424.39072,235.50443,0.97963905,410.87137,235.04358,0.97089875,426.20923,246.2136,0.89374477,406.73904,244.98239,0.8122707,420.64352,250.47241,0.852976,407.8354,249.20538,0.77749467,421.2936,258.43542,0.9795777,412.7606,258.09006,0.97588456,419.14218,276.3828,0.95410615,412.10538,276.00903,0.9439875,419.0318,293.44482,0.91286176,413.42764,292.94565,0.8989662
