831.4994,125.093956,0.7695313,0.0,0.0,0.22537643,828.1311,116.14542,0.828654,0.0,0.0,0.045011044,805.8729,112.47442,0.83578825,811.94196,153.4007,0.67576396,777.13245,151.52728,0.96789247,0.0,0.0,0.42146736,792.441,212.9994,0.9624938,0.0,0.0,0.4598822,845.07166,196.67546,0.9226198,813.24585,270.45108,0.85140616,785.4328,271.23425,0.9516208,824.1438,356.19904,0.74980074,775.3618,357.08557,0.90939283,0.0,0.0,0.4917875,739.8462,435.01602,0.6667325
419.1474,191.45964,0.8598603,0.0,0.0,0.46650475,413.94653,187.99911,0.8742401,0.0,0.0,0.17809905,402.64893,193.24985,0.85234314,417.6839,215.93857,0.9016429,392.8875,217.42114,0.99108475,412.44406,252.64493,0.6822627,394.87943,251.4694,0.9841957,425.88757,263.95108,0.6524251,420.39325,262.44803,0.9599006,417.58542,279.48953,0.98368096,396.79312,280.49725,0.9951461,431.68872,324.6774,0.97452015,388.01303,322.36066,0.9925955,430.61942,363.662,0.95807993,362.56308,359.60184,0.9809991
117.03969,207.26454,0.9229249,119.1719,205.00206,0.8295191,114.81309,204.83563,0.8952317,121.60865,206.36769,0.5219958,110.44071,205.83124,0.75581855,125.035866,219.79608,0.9824113,103.35839,219.10114,0.9930829,130.02667,236.26918,0.89658415,93.54257,234.43556,0.97037065,130.75743,249.83788,0.8643653,89.08972,249.2907,0.9443939,118.26048,251.61197,0.9886501,105.365326,251.34155,0.9931577,115.05512,276.89505,0.9742905,106.03715,276.55286,0.9829085,110.56735,300.15784,0.95346254,105.28495,299.96652,0.96525985
478.10733,196.19109,0.77027804,0.0,0.0,0.30491576,474.97418,192.59157,0.8240587,0.0,0.0,0.07942573,463.905,193.04663,0.87038654,469.2392,213.84128,0.91361654,454.35132,212.43504,0.98374236,473.86993,242.37416,0.5508886,451.57175,241.97823,0.95795447,480.36853,260.6786,0.5447605,467.55914,262.27628,0.91183823,467.2698,267.84082,0.977793,457.80237,268.28436,0.9913531,474.47034,309.47513,0.97313833,464.4395,310.07004,0.98980695,473.03702,353.03275,0.9616841,462.28613,355.29123,0.9810875
0.0,0.0,0.22735292,0.0,0.0,0.16702592,0.0,0.0,0.11079263,355.4515,182.83177,0.61292017,0.0,0.0,0.4390714,351.98367,199.2759,0.9661263,376.3509,197.69016,0.9499583,350.81622,221.56628,0.80174273,383.8708,220.29066,0.66378415,352.1003,237.70836,0.5582854,0.0,0.0,0.42498952,358.84808,244.02988,0.97860396,374.95233,243.10309,0.97429854,357.59833,281.63745,0.9487726,371.658,280.86423,0.9347321,359.33066,317.08463,0.90411115,369.15033,315.80548,0.8866034
0.0,0.0,0.18260875,0.0,0.0,0.16824901,0.0,0.0,0.07089185,245.76627,217.43982,0.6318703,0.0,0.0,0.24799584,243.42976,227.36758,0.95437187,259.24164,227.43294,0.90513396,239.78171,241.65434,0.8730822,262.37164,241.96231,0.61633325,237.87924,252.7835,0.73487693,0.0,0.0,0.47652137,245.73863,254.16545,0.9795542,257.43936,254.16034,0.9685205,238.7766,274.62183,0.97101814,258.73022,274.87363,0.94989336,238.66199,296.39395,0.95979506,264.31985,295.92868,0.93977475
0.0,0.0,0.4631318,0.0,0.0,0.27127582,0.0,0.0,0.40054792,0.0,0.0,0.18849656,0.0,0.0,0.39846796,168.13188,216.35051,0.8861504,153.39668,215.86896,0.93593705,171.52371,229.60796,0.75538516,148.31837,229.17691,0.89277226,173.4534,235.90297,0.72281474,151.53642,236.05193,0.8451016,163.43285,246.09485,0.9705676,154.1816,245.91364,0.97891366,163.36876,270.8044,0.95805055,153.3368,270.6475,0.96878123,159.0994,293.86612,0.94117004,148.46419,293.949,0.9528175
0.0,0.0,0.37489986,0.0,0.0,0.2408647,0.0,0.0,0.23279193,0.0,0.0,0.28485852,0.0,0.0,0.28552333,714.9313,220.45422,0.8531122,708.3516,220.04141,0.88491225,719.43616,237.76591,0.65214133,705.1123,235.85973,0.7340012,721.50385,243.64203,0.60539174,710.0235,239.30824,0.66907406,714.30835,256.866,0.94500864,712.81525,256.84558,0.9533778,714.8639,277.20123,0.93810403,729.42993,277.02682,0.94615966,704.3908,303.52448,0.92788905,729.8177,302.41275,0.9363364
0.0,0.0,0.16504133,0.0,0.0,0.12322283,0.0,0.0,0.09939552,209.16914,212.32288,0.51358545,0.0,0.0,0.36353198,205.61934,222.32695,0.9632595,220.95274,222.62567,0.9562543,200.21913,234.2728,0.79831535,224.34161,235.19559,0.72738606,199.17601,245.2034,0.5777703,0.0,0.0,0.49669427,206.83002,246.53653,0.9751458,216.44548,246.60936,0.9726355,206.24428,264.46344,0.9315876,214.90923,264.67972,0.9238494,206.71893,280.12073,0.8907454,213.9673,280.33646,0.88244057
697.9284,207.01355,0.7654392,699.51404,205.04042,0.6566917,696.817,204.91927,0.69853824,0.0,0.0,0.42291155,694.87286,205.8327,0.53229326,704.4027,217.13629,0.95359075,691.63556,216.54784,0.9620196,704.9293,230.24095,0.7587043,688.9052,229.48277,0.83186924,700.6793,233.51773,0.7068857,694.27985,233.03091,0.7718861,701.732,245.52771,0.9543987,693.7444,245.3401,0.95842946,701.3238,267.85446,0.881606,694.7932,267.45538,0.893627,700.0769,287.75742,0.7731042,694.81824,287.49963,0.7901149
