0.0,0.0,0.27842104,0.0,0.0,0.356413,0.0,0.0,0.069196604,664.7209,188.82765,0.9240564,0.0,0.0,0.26504406,660.15393,210.4579,0.99474144,689.14,209.15898,0.9857906,644.1709,238.80724,0.98684025,700.72955,235.92639,0.87739456,628.2286,254.1158,0.9478246,688.99066,252.14134,0.73803306,663.93115,262.3097,0.99785334,678.4754,261.3258,0.99611664,675.9597,306.2788,0.9950655,664.63495,306.04398,0.98833174,695.2115,349.94727,0.9850167,657.4655,348.6349,0.9715598
0.0,0.0,0.10590187,0.0,0.0,0.047338493,0.0,0.0,0.04908906,394.63776,150.88809,0.5152608,424.8746,149.18648,0.51282454,380.90518,184.17781,0.95486486,442.35376,179.0671,0.9572674,370.89233,231.98169,0.8536791,460.45923,222.34177,0.8685678,381.43787,255.1902,0.685822,458.95386,250.20767,0.7187478,395.4442,274.47626,0.9950376,434.82016,272.70483,0.995203,405.61496,340.63074,0.9941597,430.29507,337.49872,0.9948397,407.7454,409.778,0.9848888,423.8711,408.08447,0.9865107
0.0,0.0,0.22583649,0.0,0.0,0.18930884,0.0,0.0,0.051383056,740.58167,148.39221,0.76664585,0.0,0.0,0.2816611,732.72864,179.36356,0.98054045,792.6953,171.63927,0.94723016,716.75287,222.07143,0.9487447,816.3452,206.2966,0.80936533,718.7423,243.41179,0.85945153,801.9051,223.98787,0.6884735,747.07477,264.39682,0.9964102,784.83276,261.40732,0.99398804,753.56085,330.82016,0.99608743,783.74207,324.33804,0.99421,763.4922,395.76834,0.98858416,788.97034,385.98444,0.986463
0.0,0.0,0.23154981,0.0,0.0,0.09019704,0.0,0.0,0.18890698,85.5203,189.6308,0.5300365,101.443146,190.09552,0.83057755,73.03847,211.15277,0.9801446,106.3175,211.50185,0.98877233,64.15027,241.13686,0.8305005,113.786674,238.96558,0.9188547,66.060005,260.92108,0.60802644,113.47196,255.28967,0.7282584,78.41752,266.22675,0.9931536,100.74861,266.87302,0.99470526,77.548096,307.13852,0.98652446,102.525505,307.68854,0.98823416,74.36843,346.41772,0.9712516,100.12713,347.9086,0.9736366
0.0,0.0,0.11418481,0.0,0.0,0.09558691,0.0,0.0,0.049673874,214.26329,180.42918,0.71529627,0.0,0.0,0.43012556,209.5561,201.937,0.97002083,243.9879,200.8082,0.9647167,200.95644,230.52489,0.8823238,252.05867,227.11143,0.8161756,197.94432,250.82991,0.6823061,247.9559,248.5634,0.58194643,214.71693,253.97754,0.9897955,236.23958,253.2031,0.9882237,220.99318,297.80618,0.98174036,233.04678,297.15793,0.97611964,223.92061,341.17044,0.9561522,227.23106,339.57883,0.9464624
0.0,0.0,0.13907683,0.0,0.0,0.050655007,0.0,0.0,0.12579957,0.0,0.0,0.36921397,170.54443,191.44566,0.74068564,141.06721,210.83961,0.95842737,173.09888,213.3676,0.9821623,128.03838,237.70526,0.7894673,180.78798,242.49986,0.93582195,130.09926,259.59555,0.59960514,185.81387,267.84872,0.79335433,143.92807,263.47452,0.9898698,163.38338,264.7708,0.99341947,146.55888,301.1943,0.9803206,159.35225,302.0722,0.9858656,148.81659,336.40573,0.9616104,154.57317,338.42755,0.9695239
268.89917,195.68774,0.8767519,271.5571,192.78484,0.81683844,265.88364,192.55923,0.77162915,274.49597,195.75107,0.6524676,259.7314,194.9806,0.51794344,277.7893,215.08635,0.980944,252.57965,214.66156,0.97075564,281.91675,238.6321,0.91469985,249.67949,239.05943,0.8098836,285.30878,261.20703,0.8627078,256.63034,258.62463,0.7450915,269.81223,259.31866,0.9827892,253.8323,259.27432,0.9778016,269.3341,293.96844,0.9676865,257.45184,294.10532,0.9547644,264.16446,326.86826,0.93272555,254.50974,326.97125,0.9144397
322.33942,206.51506,0.91729516,325.30124,203.98253,0.8745965,319.84625,203.60481,0.831172,329.75974,206.86131,0.7139412,315.9615,205.92418,0.5736753,333.1975,224.05473,0.9894253,311.26123,223.16107,0.9883957,340.69507,241.2744,0.9338443,303.3954,242.03946,0.8906137,338.9988,247.83119,0.8903493,302.99084,253.02376,0.83092177,325.2572,264.18097,0.9917373,312.08603,263.49738,0.9908867,322.2849,295.92212,0.9820395,314.06042,295.1123,0.9775669,318.7121,326.79254,0.9633743,315.149,325.6532,0.9571952
0.0,0.0,0.09594208,0.0,0.0,0.08579448,0.0,0.0,0.058917027,0.0,0.0,0.11967359,0.0,0.0,0.0771685,0.0,0.0,0.17968991,0.0,0.0,0.24945919,0.0,0.0,0.14640367,0.0,0.0,0.21720119,0.0,0.0,0.14379026,0.0,0.0,0.19302306,0.0,0.0,0.21475472,0.0,0.0,0.26447117,0.0,0.0,0.25202706,0.0,0.0,0.2956997,0.0,0.0,0.24083288,0.0,0.0,0.27906436
497.56094,217.30582,0.79893404,499.6884,215.36389,0.7470399,496.59857,215.19092,0.631469,504.22888,216.61963,0.6266643,0.0,0.0,0.37241364,508.1403,227.57127,0.9592633,493.66956,227.17154,0.9438701,508.86584,240.38768,0.8601636,488.7393,239.20699,0.7481785,499.8613,239.47563,0.8014913,489.33224,239.07797,0.69693315,504.6128,256.16586,0.95957285,495.40042,255.82365,0.9511594,503.92163,278.99762,0.93779224,495.55463,278.57004,0.91816825,506.20746,301.14676,0.90829533,497.95883,299.95532,0.8874306
