0.0,0.0,0.26288638,0.0,0.0,0.058299042,0.0,0.0,0.18022041,0.0,0.0,0.3665884,93.83139,134.15479,0.82178646,42.848698,165.76965,0.97817296,100.69483,171.5824,0.9911069,28.266768,220.27489,0.908767,111.172676,223.39607,0.96970123,22.411528,263.86517,0.8057414,94.30292,241.79004,0.91490483,46.738575,265.1695,0.99791867,84.40007,267.9924,0.9986118,54.755154,338.54703,0.99660647,82.15331,347.39166,0.9978369,48.849567,408.03046,0.9871405,71.583984,421.27267,0.990213
0.0,0.0,0.20628396,0.0,0.0,0.055150516,0.0,0.0,0.14646979,0.0,0.0,0.24780735,402.3052,186.55112,0.6917871,366.8783,214.32625,0.9281079,410.49786,211.69165,0.9806685,371.61932,239.05287,0.78151995,432.41074,227.1523,0.95565003,388.68625,230.0503,0.64059126,420.3398,199.17015,0.87736464,370.23233,283.47427,0.99049836,401.7752,284.20688,0.9948249,369.77478,328.15808,0.9880199,413.9841,331.34854,0.9941327,353.35156,371.2066,0.9719177,417.74326,378.63608,0.9826446
0.0,0.0,0.10062748,0.0,0.0,0.051144984,0.0,0.0,0.07419401,0.0,0.0,0.47762153,610.74493,198.63576,0.6558201,586.22784,220.45879,0.96148825,618.5714,219.71153,0.98219544,576.29083,251.24551,0.8352201,627.1304,246.33932,0.9409195,575.79865,279.7857,0.6331761,632.02704,270.33136,0.7960341,593.6066,271.11072,0.9896416,613.4645,271.22995,0.99302024,599.2054,311.08987,0.97396594,611.00214,311.2045,0.98058105,600.6389,348.19702,0.936769,604.71094,348.28952,0.94846815
0.0,0.0,0.17141023,0.0,0.0,0.121804886,0.0,0.0,0.07922099,153.54276,205.37042,0.66016,0.0,0.0,0.47599602,146.88821,221.38358,0.9688965,174.70999,221.66122,0.962152,138.2887,243.24486,0.7946301,175.73938,243.46709,0.69434327,139.76212,251.41595,0.5411658,0.0,0.0,0.43237662,151.78445,263.8241,0.98484,170.73288,264.02243,0.9822374,145.12592,298.1524,0.97506046,167.19241,298.61404,0.9664337,144.69432,333.09738,0.9561567,166.38857,332.89426,0.9451986
0.0,0.0,0.09145379,0.0,0.0,0.05082777,0.0,0.0,0.06003019,0.0,0.0,0.418774,699.833,203.20015,0.5339836,680.7632,218.56139,0.9618491,705.5504,217.34662,0.97291803,674.8851,237.07259,0.82459766,711.83466,235.46138,0.87759304,676.43384,249.5437,0.61813074,710.7891,248.05597,0.68655026,687.2423,253.68808,0.9911713,703.6553,253.48265,0.99276525,690.1778,281.18903,0.98387396,704.3112,281.12625,0.9855011,692.007,309.16946,0.9722868,704.2889,309.006,0.9741168
548.4821,206.02191,0.9106032,550.9815,203.63727,0.8188474,546.55084,203.62492,0.8682449,555.0005,205.36491,0.56561506,543.86237,205.1246,0.72819114,560.0573,221.28326,0.98316944,538.5111,220.86182,0.9924816,565.7505,239.98488,0.87466323,530.23706,237.92708,0.9540012,568.0105,258.15112,0.8192443,526.4841,253.75966,0.9086596,556.1984,260.50037,0.9876056,543.55774,260.47247,0.9919892,554.681,290.486,0.9703582,547.6513,290.29947,0.979078,553.83984,319.39978,0.9368799,550.5685,318.93222,0.9507601
470.6504,194.59692,0.89726543,473.7405,191.47833,0.9054676,469.07074,191.82466,0.694417,481.51743,192.36176,0.8534705,0.0,0.0,0.2795759,493.40338,208.71263,0.9896814,466.63177,209.90184,0.96966213,503.2904,227.17725,0.96188426,462.5367,226.24031,0.75089544,493.41522,225.99796,0.9279833,465.65515,218.18507,0.7116596,488.2155,254.9168,0.99074453,470.8677,254.88742,0.98324096,490.48938,290.814,0.9839342,471.74673,290.65427,0.9667276,492.11783,325.71164,0.9620598,474.5029,324.46912,0.93522924
0.0,0.0,0.102447584,0.0,0.0,0.109500095,0.0,0.0,0.035631545,330.225,209.12868,0.82995105,0.0,0.0,0.41038126,323.0068,229.42157,0.97920096,358.1329,228.86647,0.9567128,310.78818,256.0259,0.88221765,366.53372,256.6,0.6361065,309.6144,274.7583,0.6111691,0.0,0.0,0.34040564,331.3209,280.31992,0.9834537,353.2008,280.31888,0.97478807,334.03183,318.88596,0.9575221,351.9385,319.52655,0.92751354,337.28516,355.46613,0.90545446,348.66705,354.8799,0.86233705
0.0,0.0,0.102568835,0.0,0.0,0.05217116,0.0,0.0,0.07484121,0.0,0.0,0.24403195,0.0,0.0,0.4266592,635.108,224.4174,0.8664813,652.25,223.87004,0.90667695,632.23395,241.73524,0.5847434,656.19696,242.13359,0.75013465,0.0,0.0,0.40822968,656.86273,257.1363,0.5573671,639.0892,259.005,0.9589533,650.40125,258.66782,0.9680893,638.3627,287.2445,0.94421816,646.24664,286.83054,0.9557297,641.45593,314.03082,0.9205067,646.51904,313.56647,0.93259114
0.0,0.0,0.15997677,0.0,0.0,0.1757337,0.0,0.0,0.045591366,209.90994,215.40683,0.7375868,0.0,0.0,0.2082502,210.04427,229.88235,0.96093047,230.9225,228.1865,0.890712,204.91267,250.10823,0.8771553,0.0,0.0,0.48811287,202.39076,255.94583,0.6828832,0.0,0.0,0.32549846,222.8582,266.68396,0.9565568,237.7091,266.03702,0.9261645,221.97385,289.58197,0.8953442,241.26047,289.13034,0.8134482,223.78395,316.16803,0.8002039,245.3367,313.9351,0.71097404
0.0,0.0,0.19160672,0.0,0.0,0.117615655,0.0,0.0,0.122025825,0.0,0.0,0.19212747,0.0,0.0,0.20879072,428.31274,212.61375,0.7397995,428.9062,215.34155,0.6836619,430.96872,227.89525,0.6173056,434.13248,232.7686,0.51349664,430.15033,216.29659,0.53046924,0.0,0.0,0.44975168,428.5843,267.25638,0.89989877,428.9383,268.60538,0.8849116,426.71173,311.48453,0.90064687,428.28885,313.1024,0.88124675,426.65158,356.04684,0.8428926,428.402,358.38007,0.82236826
0.0,0.0,0.32304397,0.0,0.0,0.15230751,0.0,0.0,0.27927095,0.0,0.0,0.23437516,786.4797,224.0599,0.5567564,778.971,232.07222,0.89931434,785.84845,232.57277,0.9470086,776.3839,243.35715,0.6423295,787.92926,244.02042,0.8523696,778.2101,250.81621,0.5445575,789.14404,251.91951,0.7403793,780.5932,255.61954,0.96183807,785.77203,256.12427,0.9734159,780.4768,275.09818,0.9442249,789.0193,275.3497,0.9603125,780.18286,293.05484,0.9321232,790.7107,293.48337,0.9472164
