0.0,0.0,0.12790282,0.0,0.0,0.1017044,0.0,0.0,0.02708116,422.59937,132.08856,0.8416121,0.0,0.0,0.30202323,408.89404,186.47733,0.97058177,487.80838,181.34192,0.9118121,379.9722,258.97705,0.9047513,499.45566,257.17975,0.6810749,398.79764,281.4477,0.74988717,486.01373,296.1235,0.5034404,422.23163,317.80765,0.9741287,470.6521,314.86328,0.9586665,437.7832,424.91342,0.8726336,451.37616,421.5434,0.8216806,0.0,0.0,0.4622058,0.0,0.0,0.40745568
645.7613,158.77763,0.9631626,649.13324,154.65314,0.91264683,641.0141,154.74203,0.9477779,653.2956,159.02794,0.5944806,631.96014,158.70534,0.8137299,661.0731,188.37018,0.98995227,620.23535,188.29698,0.9953707,673.2091,220.4498,0.9292055,609.0121,220.2758,0.97178775,677.27686,240.46198,0.89614105,613.42365,236.20956,0.94303083,654.67206,258.01083,0.99378395,629.7109,258.4512,0.99584216,648.66943,307.9191,0.9801247,634.3139,308.55377,0.98494315,641.00195,352.2109,0.9332022,635.9241,353.24973,0.94568896
580.3035,169.23074,0.9305117,579.94653,163.8739,0.73120856,573.7399,164.65248,0.9205655,0.0,0.0,0.26589605,557.3683,168.76773,0.82476264,581.6737,195.27072,0.94713223,547.3063,195.44316,0.9816342,592.3796,229.4816,0.7808838,550.7842,221.01056,0.94685733,598.1733,229.91759,0.70367944,574.81165,202.56084,0.89505774,579.05896,270.7395,0.9862824,552.7498,270.86218,0.99192953,589.46094,340.87048,0.9840735,548.12445,338.23547,0.99111664,582.48834,399.59476,0.9695691,520.6602,390.25848,0.97916037
0.0,0.0,0.3245817,0.0,0.0,0.103363834,0.0,0.0,0.35056412,0.0,0.0,0.34475064,173.28552,189.9148,0.88944477,151.76648,208.4635,0.9726139,177.43219,209.09732,0.99228036,141.88005,232.2784,0.7213975,183.63998,232.8787,0.95301914,144.02434,246.68483,0.5166231,184.65225,248.11139,0.8265692,155.54153,256.5682,0.99153125,172.23384,256.74448,0.995663,156.00153,293.21997,0.9855864,167.83098,293.0255,0.99202114,156.19519,330.2984,0.9733908,164.28964,331.25433,0.9824411
339.068,203.18712,0.9131774,341.2297,200.80899,0.8186519,336.75204,200.96838,0.88595384,343.51642,202.2938,0.54210293,332.40738,202.55595,0.7590901,346.9406,217.04977,0.97631216,325.8525,217.41069,0.9915555,347.30807,233.7302,0.8193469,317.48587,232.92296,0.94986886,342.80386,242.77444,0.7668551,317.44116,241.10114,0.9022401,343.94473,254.00792,0.9794049,330.6964,254.32936,0.9882762,342.96713,284.0545,0.9556067,330.70102,284.0717,0.9717458,341.44757,312.82156,0.9189731,330.42682,312.7644,0.94124615
296.48474,213.22963,0.8728103,298.0602,211.21611,0.7381619,294.6306,211.1853,0.83500785,0.0,0.0,0.47666538,290.78052,212.24156,0.7343148,302.73996,225.03706,0.9786184,284.48898,223.735,0.99108785,308.17856,238.926,0.86162084,273.9017,234.85286,0.95452964,306.8729,249.33961,0.8091807,273.58496,242.95068,0.9108137,296.97018,254.75006,0.98518676,286.06946,254.27457,0.9907238,293.63065,277.92722,0.9638799,286.28125,277.52567,0.97525126,288.89148,299.16833,0.9281142,285.35,299.09485,0.94516563
0.0,0.0,0.39810956,0.0,0.0,0.32194808,0.0,0.0,0.36825076,0.0,0.0,0.19061612,0.0,0.0,0.26022753,0.0,0.0,0.3151013,0.0,0.0,0.4870827,0.0,0.0,0.13101196,0.0,0.0,0.31011885,0.0,0.0,0.16477682,0.0,0.0,0.30550492,0.0,0.0,0.25443438,0.0,0.0,0.3515641,0.0,0.0,0.3138528,0.0,0.0,0.4126193,0.0,0.0,0.3976154,0.0,0.0,0.47805625
366.9694,202.26256,0.8241052,368.72687,199.33803,0.72068083,364.07236,199.27763,0.8185785,0.0,0.0,0.36011857,358.0343,200.33214,0.6566008,372.79907,215.45425,0.95172405,352.1734,215.33482,0.96364284,374.3104,234.95601,0.7350843,348.47116,235.34615,0.84411746,368.92358,242.72594,0.6950091,358.24634,243.72269,0.7944811,370.51505,256.1268,0.9697632,357.2311,256.3686,0.97413415,370.74316,289.7795,0.9321753,359.57913,289.91104,0.94213563,368.83118,320.29468,0.8394652,361.26953,320.9677,0.8566465
0.0,0.0,0.40222776,0.0,0.0,0.33121863,0.0,0.0,0.2454267,755.799,215.3717,0.5516633,0.0,0.0,0.38689935,753.22833,227.3244,0.935275,761.96356,227.41417,0.9258208,748.55457,241.61235,0.7406613,762.12726,241.08878,0.66674966,745.11066,247.90823,0.59289443,757.9061,246.0378,0.5218883,751.10016,256.38388,0.94221395,756.9019,256.20636,0.9391678,748.84515,279.32486,0.89773524,753.5563,279.43088,0.8849958,750.3424,300.86673,0.8460961,751.93506,300.8054,0.83321244
0.0,0.0,0.0921494,0.0,0.0,0.051417343,0.0,0.0,0.09054053,0.0,0.0,0.3270886,209.67334,221.0126,0.5605896,194.1841,230.12907,0.927782,212.71516,231.04059,0.9471663,188.88167,243.1065,0.6352416,216.81223,244.2321,0.7864354,0.0,0.0,0.41298974,216.8493,256.79184,0.55417126,196.49374,253.84029,0.9646977,208.88135,254.20105,0.97062635,197.1492,272.2409,0.9318278,209.3288,272.48376,0.9448071,195.96219,289.12292,0.9009801,207.27293,289.47116,0.915821
