643.3166,160.01105,0.9654566,646.8165,156.34131,0.92558086,639.3431,155.86755,0.9389492,650.65155,160.70293,0.67317146,630.661,159.23901,0.75070757,656.5703,188.1895,0.993785,618.2163,187.99489,0.99616975,665.97046,219.38841,0.96970975,606.33704,221.83382,0.97885954,670.6279,247.43445,0.9521524,600.7747,255.35101,0.9598358,647.84467,254.05577,0.9961636,624.55975,254.31671,0.996994,640.44617,305.3499,0.98661476,627.5022,305.85178,0.9875443,634.2833,352.381,0.948495,628.995,353.4133,0.95068645
0.0,0.0,0.107754596,0.0,0.0,0.08089302,0.0,0.0,0.021915216,454.75323,114.37821,0.8147447,0.0,0.0,0.36190006,439.85745,173.95947,0.95831484,525.74866,168.556,0.9135856,411.96344,242.17557,0.89107615,543.87915,242.50659,0.6950313,419.3453,260.88477,0.73341805,529.4905,285.056,0.52020705,449.93576,322.8811,0.949142,502.75058,319.93787,0.9260643,462.82623,442.4293,0.7367974,481.38956,435.87738,0.65806895,0.0,0.0,0.21489657,0.0,0.0,0.18167062
0.0,0.0,0.22764878,0.0,0.0,0.083706304,0.0,0.0,0.22730985,0.0,0.0,0.39790833,174.0276,193.30371,0.8434958,152.34523,211.09003,0.9685403,179.82047,211.37936,0.9886076,143.45169,233.58383,0.6828162,188.79784,232.57593,0.91697556,0.0,0.0,0.44151813,186.55136,245.91823,0.72135466,157.06311,256.85248,0.98989606,174.78857,257.17197,0.99406934,158.69504,293.97385,0.9832586,172.92346,294.1952,0.9893941,160.92429,332.6402,0.9723541,171.04918,333.63303,0.9798339
361.54684,202.79411,0.886483,364.04025,200.20117,0.80129886,359.2352,200.4529,0.8040161,367.8028,202.36331,0.6148476,356.0272,202.93867,0.61991864,373.47714,217.47646,0.9828688,351.39093,219.58578,0.98559976,380.0501,233.91273,0.88823956,347.7631,238.49234,0.90051115,377.58844,241.08545,0.8312894,355.44128,245.58882,0.839806,372.3539,255.8818,0.9866188,358.58887,257.1143,0.98804784,370.44867,287.01413,0.9745575,361.57687,288.07794,0.97552365,367.5222,317.27512,0.94753116,363.82947,318.17776,0.9487147
338.44293,204.70534,0.90650326,340.41248,202.5497,0.8156731,336.40433,202.64996,0.8693406,342.60648,204.14331,0.561422,332.46756,204.2163,0.7283973,345.759,218.0939,0.97789407,326.03458,218.457,0.99026746,347.15945,233.0838,0.8463145,318.55908,233.24785,0.94202536,345.6294,240.93614,0.7961502,320.915,240.29988,0.89326,342.71228,253.64687,0.98007303,330.57492,253.9855,0.9872667,341.09137,282.6308,0.95617706,331.38123,282.73312,0.9688557,338.94116,310.33527,0.91760397,331.10303,310.37518,0.9354903
0.0,0.0,0.48006666,0.0,0.0,0.3491346,0.0,0.0,0.3824173,0.0,0.0,0.29850844,0.0,0.0,0.34728634,550.56647,187.74312,0.79793185,534.89667,185.87784,0.7985109,563.467,233.14471,0.5168472,0.0,0.0,0.49732608,0.0,0.0,0.41839546,0.0,0.0,0.38256234,548.8957,261.9428,0.916336,538.7006,261.24033,0.9152408,553.3366,327.04138,0.93575954,534.7975,325.99078,0.93157405,562.36084,393.80237,0.9122215,536.87726,392.42618,0.90762895
0.0,0.0,0.24254382,0.0,0.0,0.17631829,0.0,0.0,0.16572398,197.5367,220.81454,0.58725494,206.17499,220.83774,0.51456225,193.55501,231.02144,0.96636146,209.70657,231.2633,0.9646065,189.16028,243.84267,0.7629644,214.49802,243.93057,0.7463115,189.7474,255.49559,0.56143725,215.06981,255.44398,0.5390028,196.06702,254.65247,0.9759434,206.35646,254.87733,0.9754397,196.82065,274.37912,0.9515978,205.44249,274.15665,0.9502157,197.31403,292.5215,0.9265446,204.31711,292.61252,0.9254701
296.82944,212.70534,0.8534073,298.7095,210.66684,0.6802656,295.12872,210.62502,0.8329964,0.0,0.0,0.38919473,291.33868,211.94151,0.755625,303.02563,224.69453,0.9698371,284.23312,223.93912,0.9896147,307.00797,238.55788,0.8137763,274.97153,235.7181,0.95820135,307.97684,248.99939,0.7648811,276.67554,243.16655,0.917601,297.29785,254.77101,0.9827608,285.81335,254.58932,0.9903375,294.0243,277.71722,0.9631335,285.31442,277.61472,0.9779593,290.27475,298.43063,0.9359229,284.04013,298.68005,0.9558202
0.0,0.0,0.13825957,0.0,0.0,0.08370409,0.0,0.0,0.14989254,0.0,0.0,0.06667033,0.0,0.0,0.20091958,0.0,0.0,0.15847829,0.0,0.0,0.3845497,0.0,0.0,0.080897294,0.0,0.0,0.36638683,0.0,0.0,0.10959537,0.0,0.0,0.33177006,0.0,0.0,0.25372085,0.0,0.0,0.41050857,0.0,0.0,0.3306863,0.0,0.0,0.4982924,0.0,0.0,0.42688397,845.8945,328.07974,0.5599722
0.0,0.0,0.23312709,0.0,0.0,0.18626723,0.0,0.0,0.14933346,739.7786,214.51385,0.59378,0.0,0.0,0.4308012,735.80066,226.9197,0.9619383,754.17084,226.3673,0.9526583,729.81793,240.79938,0.7735036,759.3281,239.53964,0.7014582,729.05334,245.77017,0.5797365,757.7644,244.7411,0.5082181,738.35425,258.2471,0.970058,749.6761,257.83633,0.9666773,736.25574,280.3317,0.9132695,748.4158,279.92215,0.90385777,737.474,301.66623,0.81160295,748.1765,301.31137,0.7986201
545.5253,171.36702,0.7514231,548.73425,166.13326,0.67192,540.6921,166.16571,0.57600313,553.89856,167.19473,0.5104848,0.0,0.0,0.32951066,558.7373,193.43874,0.91101897,534.708,193.69975,0.8506777,570.0694,230.60599,0.6351127,0.0,0.0,0.3823376,573.7321,256.10306,0.52769405,0.0,0.0,0.32765776,554.9937,263.0034,0.94632053,539.922,263.4668,0.92877537,556.53815,324.34564,0.9580609,546.84717,324.9444,0.9406668,556.25543,387.28925,0.94418097,547.9422,387.3665,0.92720675
0.0,0.0,0.1202702,0.0,0.0,0.08635996,0.0,0.0,0.10773793,0.0,0.0,0.08123667,0.0,0.0,0.11317411,0.0,0.0,0.21933408,0.0,0.0,0.25475854,0.0,0.0,0.1398738,0.0,0.0,0.202954,0.0,0.0,0.14336394,0.0,0.0,0.19071886,0.0,0.0,0.36019108,0.0,0.0,0.381521,0.0,0.0,0.41952214,0.0,0.0,0.44642434,0.0,0.0,0.4319472,0.0,0.0,0.45324
