0.0,0.0,0.16353342,0.0,0.0,0.19436657,0.0,0.0,0.047695246,649.77515,209.80125,0.8660004,0.0,0.0,0.32877406,645.0337,232.026,0.98831207,673.3071,231.17221,0.97514945,635.8935,258.1574,0.9593581,681.56085,258.48608,0.8182136,634.6359,276.74866,0.8496152,682.92786,278.81348,0.61150116,649.26044,285.75745,0.9938461,666.2982,285.34134,0.9905697,652.1711,322.88727,0.9847644,659.9952,323.19397,0.97186553,663.2399,358.42783,0.95905614,662.8932,357.4362,0.93533653
0.0,0.0,0.16980477,0.0,0.0,0.14642246,0.0,0.0,0.06937534,578.27075,190.42612,0.7547556,596.76996,190.11444,0.50254196,568.3133,214.50735,0.9842306,604.8148,214.30241,0.9739082,560.9559,245.8744,0.9141498,609.1192,246.67247,0.7783286,566.72424,265.50333,0.7117347,599.58704,266.0314,0.5147642,573.029,269.55563,0.9910705,595.93774,269.7339,0.98811287,579.98785,314.8952,0.97959703,589.2272,315.67084,0.96930635,589.6005,359.7425,0.9478219,589.2167,360.41678,0.9295652
0.0,0.0,0.13923006,0.0,0.0,0.10058842,0.0,0.0,0.053551443,364.834,194.88914,0.7271225,385.25677,193.07713,0.55117285,356.9441,217.40477,0.98654556,396.93246,215.4337,0.9863556,340.7459,249.54501,0.9367969,407.74255,252.46185,0.9165726,336.2355,275.71912,0.7825551,406.6771,286.08936,0.7459781,366.29047,272.74292,0.9945582,390.145,271.35577,0.9948256,369.93597,322.1413,0.9851698,380.95306,321.02444,0.9841979,378.09586,369.1474,0.95194143,378.18787,367.51395,0.9504273
0.0,0.0,0.46203542,438.6094,177.10237,0.5925599,0.0,0.0,0.09636079,446.6711,179.90186,0.9522891,0.0,0.0,0.22542231,442.16547,206.54723,0.99228257,470.24805,205.35701,0.95210934,433.13452,241.90295,0.95334613,0.0,0.0,0.38412127,426.5126,265.57764,0.82002866,0.0,0.0,0.24308482,441.68066,272.5043,0.99081904,461.0707,271.38266,0.97570986,436.22888,322.28485,0.9845036,460.78525,322.4414,0.95095843,437.72058,371.66742,0.96653,463.17493,370.5777,0.923578
798.7979,210.17271,0.8589548,801.61743,207.23123,0.8723819,797.87427,207.35634,0.59884304,809.6246,208.43231,0.83201104,0.0,0.0,0.2377091,818.4673,225.71587,0.9803264,800.46497,226.51439,0.94224334,821.72906,248.2782,0.9214677,799.7422,248.84535,0.5611777,809.19525,259.0924,0.86226046,800.7494,258.49857,0.52546436,816.9563,271.24084,0.97317535,805.464,271.19724,0.95101136,818.7174,307.9853,0.95322883,809.00275,307.91113,0.90441895,819.5083,344.7205,0.91439766,811.92395,343.42035,0.85829914
0.0,0.0,0.09845514,0.0,0.0,0.06973226,0.0,0.0,0.06666855,483.45248,227.55449,0.50522494,495.3689,227.79733,0.5049387,476.70685,245.47185,0.9040616,501.4801,246.53436,0.91907704,472.47214,266.3603,0.5695535,506.99213,268.99744,0.635937,0.0,0.0,0.3275087,0.0,0.0,0.37486652,478.34613,283.7572,0.9587866,494.91293,284.49487,0.9624887,477.73672,314.6214,0.956117,494.1059,315.69034,0.95617366,476.17776,346.24954,0.9521653,491.2073,347.17593,0.9513944
0.0,0.0,0.051632784,0.0,0.0,0.06229444,0.0,0.0,0.028327957,0.0,0.0,0.08931853,0.0,0.0,0.025564501,0.0,0.0,0.09929049,0.0,0.0,0.107132636,0.0,0.0,0.18233167,0.0,0.0,0.16468303,0.0,0.0,0.21046728,0.0,0.0,0.19560058,0.0,0.0,0.17642267,0.0,0.0,0.18806154,0.0,0.0,0.23728625,0.0,0.0,0.23989445,0.0,0.0,0.20189089,0.0,0.0,0.20935126
0.0,0.0,0.1023693,0.0,0.0,0.088361874,0.0,0.0,0.059856363,0.0,0.0,0.140338,0.0,0.0,0.08232157,0.0,0.0,0.30430493,0.0,0.0,0.35996416,0.0,0.0,0.26067924,0.0,0.0,0.2990054,0.0,0.0,0.24672037,0.0,0.0,0.26881844,0.0,0.0,0.4561095,848.2995,274.69522,0.501271,0.0,0.0,0.38522744,0.0,0.0,0.41271117,0.0,0.0,0.2950498,0.0,0.0,0.31987956
0.0,0.0,0.21806915,0.0,0.0,0.17642418,0.0,0.0,0.121650726,295.69733,236.3442,0.6022112,0.0,0.0,0.36719644,291.8687,246.51965,0.9681018,307.89346,246.59988,0.95970666,286.07138,259.21,0.8166514,311.02948,259.31985,0.71304953,284.8038,268.4531,0.64821273,308.9273,268.4826,0.53207535,294.50732,271.60394,0.9858219,304.7431,271.7561,0.98398477,294.3411,291.69196,0.97706294,304.07208,291.65488,0.9728846,295.60205,311.28366,0.96474665,304.3308,311.2586,0.9601674
0.0,0.0,0.06436222,0.0,0.0,0.037505496,0.0,0.0,0.057051934,0.0,0.0,0.049528256,0.0,0.0,0.10095152,0.0,0.0,0.20954597,0.0,0.0,0.31505588,0.0,0.0,0.12589893,0.0,0.0,0.26556364,0.0,0.0,0.100603715,0.0,0.0,0.17738143,0.0,0.0,0.34070477,0.0,0.0,0.39953226,0.0,0.0,0.29165336,0.0,0.0,0.34202123,0.0,0.0,0.2955384,0.0,0.0,0.33429006
