575.49725,121.54229,0.97739613,578.80066,116.04929,0.80632,567.65704,116.30386,0.973807,0.0,0.0,0.3227486,549.3796,122.224976,0.9469654,584.34827,164.1819,0.98539364,537.8363,170.51497,0.9987783,596.70734,220.84793,0.8936608,530.5776,234.00868,0.9960419,606.6677,274.18738,0.863561,532.72394,286.515,0.98890215,589.12476,270.1394,0.9976057,560.0719,275.3039,0.9993092,594.491,343.48642,0.994464,573.6287,356.11737,0.99851257,570.60315,410.32724,0.9790846,559.8648,431.26184,0.9909704
0.0,0.0,0.05721843,0.0,0.0,0.029318962,0.0,0.0,0.03658464,264.5226,171.9566,0.6421434,287.0075,172.8056,0.73250616,250.98698,196.1994,0.9875158,296.44815,198.93723,0.99297696,231.99454,228.47505,0.9422384,308.61646,236.28293,0.96783787,232.15385,255.12865,0.78540486,314.3125,266.74265,0.84141254,258.11636,266.50824,0.99753666,286.37387,267.7371,0.9981509,262.88806,317.0962,0.991824,283.49017,318.12347,0.9927583,265.7092,365.2815,0.9696462,277.7737,366.88235,0.97212785
0.0,0.0,0.12738553,0.0,0.0,0.07455428,0.0,0.0,0.11252016,0.0,0.0,0.43320233,168.79257,210.8751,0.59664994,152.83755,222.26437,0.9690223,172.55165,223.13013,0.9749527,145.06105,239.11865,0.773252,176.93767,240.22626,0.8532053,144.5708,253.11444,0.53447175,176.31064,254.56683,0.631941,154.72223,253.94998,0.9846543,167.31264,254.23633,0.9864239,156.58484,279.48666,0.9524148,166.07622,279.7038,0.9588697,157.25946,302.40125,0.9044292,164.03772,302.7963,0.9143849
0.0,0.0,0.21165083,0.0,0.0,0.15549007,0.0,0.0,0.12650003,759.4674,205.04755,0.74260986,770.565,206.77435,0.6623811,748.1553,221.76962,0.9850877,779.3189,224.91629,0.9877614,729.4382,237.24046,0.89283603,788.86536,243.582,0.8991204,731.0038,238.77226,0.70499164,787.28705,245.59883,0.70656586,750.8574,269.0752,0.9914464,769.37885,270.44302,0.99219126,753.3474,302.6637,0.9767969,763.8615,304.26688,0.9756384,758.1243,333.2756,0.94688064,758.3646,334.84845,0.94429016
378.9841,180.39783,0.93094647,381.2703,177.3688,0.7273591,375.3122,176.58502,0.937256,0.0,0.0,0.26079607,365.3374,179.30382,0.89886284,383.6892,205.40474,0.9806898,353.95816,201.94214,0.995877,388.15762,232.90749,0.8362758,354.31793,229.4791,0.9841202,387.07272,225.54897,0.8014664,380.35715,221.39177,0.9620943,379.77777,261.39426,0.992864,358.47513,260.672,0.99696654,382.27298,306.52805,0.98541915,353.9528,305.9394,0.99368036,381.14996,348.41397,0.9630267,346.65698,348.18552,0.9799795
434.18396,207.82976,0.8998981,437.06696,205.13913,0.8304185,431.52866,205.07387,0.8317652,441.67896,207.26942,0.61221766,427.1068,206.81459,0.6244743,448.65073,223.38524,0.9840083,419.1301,223.2839,0.98706913,455.5325,241.66591,0.8987054,411.38364,242.71391,0.9054704,455.79117,246.02606,0.84365404,417.01956,246.10593,0.84255385,442.72928,265.02618,0.9882747,424.33868,264.828,0.9891958,440.3543,298.00494,0.97401696,424.15997,297.54553,0.9738425,435.5063,332.9706,0.9441044,425.32928,332.13678,0.9445986
0.0,0.0,0.12298999,0.0,0.0,0.074545234,0.0,0.0,0.079802126,118.35274,216.0668,0.5904377,129.43005,216.06224,0.5711875,112.97406,227.75455,0.98807573,134.9185,227.95178,0.98795056,106.76789,243.87732,0.8903401,142.15038,244.0065,0.89745355,106.97362,258.83038,0.68914086,142.7416,258.8341,0.69643706,116.200874,257.5536,0.99442095,130.16664,257.667,0.9944617,117.45886,280.76212,0.97979695,128.18227,280.5869,0.9801733,117.50607,300.86475,0.9512052,126.1184,300.8496,0.9521879
693.08636,148.55887,0.96779263,697.5678,143.6353,0.90005994,686.99384,143.63173,0.9411859,703.63556,145.3803,0.6075429,677.82,145.78474,0.7951442,710.2994,177.41628,0.98149234,669.0502,174.37798,0.9889992,713.95953,217.84335,0.9044577,658.1086,202.56117,0.9545945,699.02423,217.41757,0.8578056,670.2862,183.72528,0.921301,697.3495,261.31644,0.98885787,670.8457,260.43716,0.9914689,697.1485,334.07196,0.98184115,686.5436,334.92505,0.9871273,678.2347,402.26437,0.94210726,677.7233,403.77298,0.9541523
0.0,0.0,0.13205925,0.0,0.0,0.064376116,0.0,0.0,0.1449671,0.0,0.0,0.33057863,84.73083,215.71696,0.69110674,68.05782,227.72133,0.96285915,87.43487,228.5167,0.9763581,61.75571,243.94214,0.699866,91.64551,244.68538,0.8745528,0.0,0.0,0.45804295,92.12162,257.83145,0.662801,69.78034,257.97012,0.9813338,82.356026,258.31262,0.98545456,70.563,280.97855,0.95145226,82.28094,281.12192,0.96416634,68.5912,302.22787,0.9195676,78.8141,302.8557,0.9363805
0.0,0.0,0.15764852,0.0,0.0,0.046065614,0.0,0.0,0.19208537,0.0,0.0,0.23278281,477.55173,194.39348,0.8433113,456.27356,209.3761,0.93906325,483.30304,209.345,0.988379,455.00824,229.20985,0.52638775,488.5225,230.53438,0.9500189,0.0,0.0,0.31671262,493.57382,245.36583,0.7948179,460.5966,249.11133,0.9826135,478.76532,249.35944,0.9929524,462.47845,282.5403,0.9618963,478.3375,282.44174,0.98397183,462.71213,315.23193,0.9381686,474.53165,315.38245,0.96659863
657.62537,191.4955,0.65035367,0.0,0.0,0.26217255,655.49713,188.45842,0.73223776,0.0,0.0,0.10624638,645.6305,189.86711,0.8142599,645.79736,207.9962,0.8211454,636.5688,207.33426,0.9574174,0.0,0.0,0.28066093,631.5919,226.58524,0.85594344,0.0,0.0,0.265359,635.95605,233.86978,0.7228965,646.8988,252.88159,0.9209682,640.9101,253.27432,0.9636312,645.6147,290.94263,0.9082097,641.24744,290.9814,0.9577286,646.4459,326.23642,0.8789,640.9772,327.09848,0.93060195
0.0,0.0,0.11513531,0.0,0.0,0.03781469,0.0,0.0,0.13414778,0.0,0.0,0.17195682,842.4033,208.21005,0.66936636,820.4162,220.1324,0.8207575,843.33575,223.19925,0.93033767,0.0,0.0,0.3294137,849.91895,238.76546,0.7527515,0.0,0.0,0.2123261,0.0,0.0,0.49748027,818.89825,261.3344,0.92627,834.2457,262.9393,0.9565823,817.9699,294.58826,0.8861631,835.1646,295.90802,0.93019855,817.8931,325.9856,0.8635069,833.29504,328.70792,0.90327907
0.0,0.0,0.096473865,0.0,0.0,0.03223058,0.0,0.0,0.1061866,0.0,0.0,0.08673278,0.0,0.0,0.4471324,824.9333,221.14548,0.5779373,842.28467,223.24945,0.73986065,0.0,0.0,0.21188337,846.18066,240.01216,0.51270485,0.0,0.0,0.17588243,0.0,0.0,0.35859773,822.0905,262.2713,0.7779358,833.78357,263.2374,0.8438231,823.0,294.97086,0.727774,835.8895,295.57404,0.80817676,824.3814,325.9664,0.7175486,834.5397,327.8977,0.780751
