645.25555,159.88469,0.96381265,648.5076,156.12515,0.90996027,641.0206,155.63419,0.94514096,651.74286,160.4848,0.6013529,631.40784,158.91951,0.8014289,657.05444,187.98831,0.99222505,618.7656,188.51974,0.9960401,666.9755,217.65335,0.95462567,607.6191,224.42696,0.97784436,671.2068,243.1423,0.9321694,604.49243,261.42117,0.95594364,649.5093,254.69536,0.9953312,626.1776,255.30295,0.99668556,641.84344,305.1271,0.9848023,628.9616,305.91757,0.9874464,633.7827,351.59967,0.94656986,628.9644,353.09888,0.9531874
0.0,0.0,0.12313313,0.0,0.0,0.11342389,0.0,0.0,0.021241928,449.0576,116.26676,0.8493334,0.0,0.0,0.26644334,437.78967,172.47163,0.96685565,517.27106,169.8694,0.89163876,409.24127,242.86908,0.9109825,525.7009,250.14214,0.60781485,415.79077,268.40848,0.75933254,0.0,0.0,0.44547963,448.23798,322.0865,0.96225697,497.66077,320.22736,0.93236405,458.74847,438.98935,0.7690718,476.7125,435.44858,0.65272915,0.0,0.0,0.25465944,0.0,0.0,0.19592476
0.0,0.0,0.22110067,0.0,0.0,0.07725558,0.0,0.0,0.2167862,0.0,0.0,0.40257397,174.62253,192.22687,0.85091287,152.15222,211.31636,0.97543234,180.18497,210.41852,0.9901025,143.75867,235.54553,0.74303406,189.167,232.48314,0.9244406,0.0,0.0,0.49849245,186.84653,248.17743,0.7365064,156.57431,257.10477,0.99259853,174.81946,256.838,0.9953401,158.43135,294.27057,0.98705125,172.78183,294.0034,0.99114746,159.63222,333.1937,0.97714704,170.45715,333.79962,0.98232216
546.222,171.87529,0.91276103,549.8146,167.5335,0.84232485,541.5048,168.05089,0.8422562,554.8313,172.23958,0.633263,535.75275,173.03403,0.63208145,564.24963,203.96262,0.96770704,530.28284,203.79921,0.95272094,583.42883,240.69382,0.8434417,526.3576,242.26544,0.78188705,586.2894,260.11212,0.72496665,531.17633,277.7497,0.6753721,562.0249,276.90018,0.9745428,540.974,277.62494,0.97003436,563.98364,335.85458,0.96859366,548.666,335.7808,0.96520466,576.345,393.71603,0.9393336,561.24786,392.26343,0.9368961
338.95786,204.17303,0.9098053,340.8827,202.00383,0.819184,336.84274,202.08401,0.8726694,343.005,203.68172,0.5677233,332.8236,203.70723,0.73585683,346.2618,217.90242,0.97961855,326.53766,217.99866,0.99108714,347.32455,233.84961,0.8532902,318.72827,233.39342,0.9456671,344.1376,242.75182,0.80133075,320.2268,241.96994,0.89764315,342.8947,253.48027,0.9814724,330.6072,253.61954,0.9881728,341.36438,282.37506,0.9577493,330.5788,282.2812,0.97001517,339.0634,309.80298,0.918208,329.58417,309.6377,0.9360075
361.7495,202.19937,0.90165406,364.53027,199.74484,0.83742195,359.57596,199.83456,0.8154143,368.5306,202.25443,0.6812618,356.6411,202.49313,0.61185485,374.1406,217.1623,0.98679745,352.08908,219.09315,0.98713803,380.43463,232.4206,0.9168695,351.2168,237.41261,0.9037475,377.0457,234.88272,0.8692237,361.17844,240.2087,0.8482021,372.19974,254.36687,0.9883355,357.99426,255.38795,0.98872656,371.61734,285.28043,0.9767716,359.99966,286.04102,0.9756625,369.6,315.24454,0.95014095,361.6894,315.69052,0.9482907
0.0,0.0,0.31435943,0.0,0.0,0.15893486,0.0,0.0,0.37625036,0.0,0.0,0.08190365,0.0,0.0,0.44035438,0.0,0.0,0.4031305,840.83307,227.26175,0.78294885,0.0,0.0,0.13453361,837.3723,244.88054,0.68391615,0.0,0.0,0.16077667,841.1245,254.5142,0.57295156,851.00183,262.84033,0.5453795,844.3521,263.3301,0.7600652,0.0,0.0,0.4849096,844.0167,294.5299,0.70930856,848.95654,325.39163,0.5243026,845.34076,325.8523,0.6943438
297.87302,212.62827,0.84938645,299.51144,210.57655,0.6367532,296.12726,210.56172,0.8461036,0.0,0.0,0.3231878,292.11813,211.8218,0.8001268,303.03824,224.615,0.965158,285.04822,224.02899,0.99121124,305.68045,239.25992,0.7668126,276.31775,237.31049,0.96736634,305.78894,252.28111,0.72122073,276.3365,249.57019,0.93047965,297.5669,254.39006,0.981604,286.65033,254.28145,0.9913249,294.1421,276.94827,0.9607137,286.33652,276.9024,0.9804113,290.08813,297.31277,0.93472445,284.70828,297.7414,0.9605918
0.0,0.0,0.100743614,0.0,0.0,0.058798756,0.0,0.0,0.09106645,0.0,0.0,0.3886604,209.14531,220.75124,0.5665191,193.86523,230.23746,0.9467589,212.68488,230.89043,0.9587167,188.43694,243.7337,0.68807095,216.80418,244.45741,0.80137664,0.0,0.0,0.4550712,216.43834,257.58978,0.56768656,195.8316,254.89243,0.9738473,208.66768,255.0935,0.9776594,196.3459,274.57526,0.94672734,209.08022,274.68,0.9552923,195.65367,292.5423,0.918547,207.79337,292.7052,0.92885846
0.0,0.0,0.35812038,0.0,0.0,0.28088123,0.0,0.0,0.26608226,743.8853,214.79437,0.58697176,747.9015,214.86595,0.5156963,740.70905,227.18509,0.96604496,750.7985,227.03178,0.9609004,736.40814,240.79999,0.7689606,753.908,240.32237,0.7347635,735.6301,247.28938,0.588388,753.2148,247.03015,0.5525394,740.1348,257.77988,0.9674635,746.3327,257.5786,0.96540844,738.20624,281.44174,0.90358216,745.0756,281.0991,0.89849085,737.1388,302.47128,0.80021936,743.40027,302.43195,0.7941744
