478.6471,184.81046,0.88007796,0.0,0.0,0.4005461,474.71658,181.56143,0.8651132,0.0,0.0,0.17003684,461.66574,185.52274,0.8881532,478.26752,214.95583,0.9678352,444.03244,215.31491,0.9982053,495.64948,244.11829,0.8631661,422.5514,247.80217,0.9963253,510.34308,261.44772,0.841548,406.25125,271.85028,0.98921984,468.71185,283.16556,0.99678963,452.64862,284.6887,0.99918944,452.9854,329.85403,0.99427384,469.3138,337.44034,0.9986286,430.88324,371.56448,0.9828964,479.7377,389.21924,0.9932147
123.33322,201.56786,0.93294775,125.31008,199.21486,0.8402339,120.99004,199.1822,0.90962124,127.68529,201.23329,0.52727765,116.11172,200.99109,0.78944,131.35867,215.78722,0.98656046,109.34475,216.01486,0.99466187,136.71954,232.3172,0.91914016,101.90477,233.45723,0.9761194,137.42241,244.63464,0.890282,101.22774,248.18016,0.95333105,127.25013,250.65253,0.9917481,113.37666,250.8691,0.99491996,127.37512,276.636,0.97934955,113.17046,276.7147,0.98601377,126.30217,300.8932,0.9590919,113.14587,301.27536,0.96919817
533.8216,192.53577,0.7588769,0.0,0.0,0.27831846,530.4248,189.15009,0.8408732,0.0,0.0,0.060873415,520.8939,190.94771,0.8966482,527.7134,211.34526,0.904152,511.7723,212.07277,0.99144286,530.13434,238.54504,0.5200273,506.98944,242.80391,0.9849812,538.8043,257.12463,0.5438502,520.0212,265.34607,0.96140295,526.67944,269.29886,0.9716993,517.1481,270.53333,0.99279916,530.5358,310.53354,0.9306192,528.7334,311.79526,0.982599,516.5838,352.9649,0.85705525,518.0601,355.78946,0.9469714
704.20013,205.26033,0.9217723,707.0155,202.74144,0.9121388,702.6047,202.84721,0.80966413,713.3571,203.45352,0.821303,0.0,0.0,0.4732104,721.1847,216.47583,0.98967427,698.3221,215.83133,0.9850118,727.7766,233.98297,0.95449424,691.71893,229.48775,0.88824385,722.4986,239.6956,0.9191834,696.67914,228.69014,0.84070534,717.7632,252.96327,0.98456407,703.3489,252.40767,0.9816534,715.7918,280.40012,0.94246227,701.54645,279.8173,0.92149425,715.8699,306.18283,0.8615193,705.5306,304.95316,0.8286526
0.0,0.0,0.13383995,0.0,0.0,0.066719405,0.0,0.0,0.10357364,0.0,0.0,0.39675963,340.39,189.68837,0.61268336,322.35886,203.11113,0.95555675,345.62997,204.61728,0.971696,316.039,218.47157,0.8043029,351.88272,224.2142,0.89288795,318.588,225.4124,0.6122414,353.50925,236.63747,0.7262131,325.95065,244.0747,0.9887511,340.99008,244.61395,0.99109834,326.76715,275.07593,0.98082054,337.1177,275.36508,0.98348504,329.1632,304.50348,0.9654618,335.66605,305.0239,0.9686428
803.64594,192.81097,0.8774275,803.4797,189.15092,0.51097536,799.7784,189.64882,0.90120584,0.0,0.0,0.13985877,789.0858,191.4459,0.9089988,798.6476,209.81761,0.9583108,782.74084,212.20638,0.9898211,807.2045,232.18677,0.62676454,789.2513,239.823,0.9492744,821.1866,249.34967,0.5902607,806.9151,253.6878,0.8936383,803.33997,255.6058,0.97641194,792.16656,258.48642,0.9891829,819.6585,286.68573,0.95461375,805.4925,289.92078,0.98043674,823.11017,313.8119,0.93233234,803.18787,318.69876,0.9635243
168.22281,201.68422,0.77569604,169.77762,199.58636,0.6437034,166.63931,199.69469,0.6658062,0.0,0.0,0.46259004,163.64893,201.2507,0.5019442,176.97694,213.23999,0.96852195,158.15802,213.76376,0.9763098,180.5676,228.30704,0.88448066,152.2078,228.78699,0.90938026,177.06674,239.06042,0.84461635,155.0035,238.18694,0.8652832,172.72762,245.47661,0.9865333,161.08151,245.72589,0.98826736,171.13834,270.8964,0.97763807,161.73787,271.0993,0.97869796,168.02374,294.9642,0.9602075,160.72627,295.2076,0.9616763
786.6557,209.5077,0.51375556,0.0,0.0,0.104751036,784.9206,206.63875,0.6786143,0.0,0.0,0.06838262,777.2332,207.7189,0.9219102,767.25836,219.94797,0.8992472,772.4833,222.70114,0.9911758,0.0,0.0,0.3680836,777.21515,244.0944,0.97899014,0.0,0.0,0.33356687,791.5198,251.71713,0.92692244,764.41223,260.78375,0.9721858,768.2179,262.39752,0.99282277,766.5622,290.5043,0.9462713,770.251,291.4771,0.9867851,759.06726,315.1419,0.9162402,759.6706,317.69876,0.9698251
0.0,0.0,0.14616619,0.0,0.0,0.112148345,0.0,0.0,0.07787863,0.0,0.0,0.49840644,0.0,0.0,0.3350454,222.59598,228.32707,0.94731975,238.30467,228.03572,0.94003266,217.64598,241.6526,0.84104955,244.44022,240.6533,0.78086835,215.32565,250.93701,0.69098824,244.29114,248.81741,0.6181395,225.0535,254.16829,0.9799745,235.13103,254.1722,0.97834545,224.74057,275.0435,0.9636966,233.75797,275.31876,0.95671105,226.93562,294.2592,0.93775827,233.47086,294.18692,0.9288593
786.64886,208.52882,0.7007329,0.0,0.0,0.22062209,784.66064,205.62105,0.78254074,0.0,0.0,0.098227665,777.19965,206.95549,0.91402817,769.42365,220.71841,0.93185157,772.0362,223.15294,0.9898012,0.0,0.0,0.46211544,776.4639,244.05022,0.96229285,0.0,0.0,0.43679637,789.29456,251.71786,0.9033271,766.65015,259.76486,0.9781552,768.8412,261.45633,0.99259865,769.1854,287.7028,0.9697239,772.3209,289.1651,0.9902498,762.4208,313.15878,0.96236265,763.90796,316.55276,0.98369586
0.0,0.0,0.31291407,0.0,0.0,0.20337132,0.0,0.0,0.2548404,0.0,0.0,0.18905008,0.0,0.0,0.29293984,847.547,224.95924,0.6354556,843.35254,225.88945,0.7428791,0.0,0.0,0.40238795,838.51135,241.97998,0.57948047,0.0,0.0,0.38546556,839.4462,250.4402,0.50746036,847.07605,259.36227,0.6861821,844.9315,259.8865,0.7472427,845.81573,286.95197,0.5829781,845.2316,287.10568,0.6464514,849.80475,314.48413,0.5157814,849.83997,314.83588,0.5687148
