0.0,0.0,0.16854733,0.0,0.0,0.12602304,0.0,0.0,0.059991412,309.12646,131.59767,0.6979365,0.0,0.0,0.3537297,294.70004,167.54555,0.974047,348.98917,166.99239,0.9127597,281.82578,214.32175,0.90593857,345.3149,211.30731,0.6367901,289.70062,208.5977,0.74537116,0.0,0.0,0.47104582,301.49017,256.07306,0.99583626,338.29517,255.65317,0.9921445,307.99542,334.1915,0.9959655,336.14542,333.07867,0.99303246,314.16278,411.8771,0.9890376,335.06857,411.1047,0.98487574
812.25,161.97949,0.9280421,818.85443,157.65091,0.82991767,805.3816,157.03099,0.9057727,0.0,0.0,0.49445763,796.8112,162.3285,0.71114445,841.48706,200.60738,0.9179072,789.54004,201.34212,0.9721552,854.0,240.77583,0.58736336,776.0178,242.00934,0.8827238,0.0,0.0,0.4979195,782.8131,238.28612,0.78593624,830.8978,288.35037,0.9519558,805.1817,288.45688,0.9732231,808.6974,360.2898,0.95130616,825.3367,365.07544,0.9752146,765.4337,426.928,0.9053873,828.1452,438.66348,0.9391175
0.0,0.0,0.37815377,0.0,0.0,0.1696179,0.0,0.0,0.31114742,0.0,0.0,0.44862047,191.35678,206.8624,0.78511935,172.32709,222.6827,0.9758389,196.16806,222.12885,0.98496974,162.24486,241.99026,0.82435364,205.36845,242.53307,0.9130586,163.91931,257.27298,0.65667266,208.17769,259.45734,0.77519566,176.14052,260.03397,0.9869018,191.15993,259.6004,0.99010414,177.31909,288.05774,0.9726288,187.644,287.3709,0.9786556,179.98773,315.43622,0.95123416,186.54407,315.52203,0.9593393
751.2781,156.18799,0.96301323,755.8254,150.78008,0.7677944,744.3999,150.34961,0.94804734,0.0,0.0,0.3182841,726.25745,154.19942,0.90879875,745.83734,194.81967,0.9758163,706.01154,193.29005,0.9975551,754.04285,240.82076,0.8782848,670.9359,244.8776,0.99086034,763.3344,251.19383,0.8560393,646.318,273.0254,0.9796705,731.1818,284.61026,0.9918053,711.0215,285.92142,0.9969453,713.37476,354.32748,0.9869812,734.5005,362.7236,0.99535155,694.2874,413.97412,0.95211756,744.97284,431.5037,0.97534573
453.5757,213.05504,0.9075034,456.10544,210.8657,0.86183095,452.01624,210.77577,0.8122359,460.3536,212.23198,0.7338832,449.4893,212.00095,0.57178295,465.88422,225.13751,0.98882407,444.5923,225.20694,0.9883343,470.18753,239.24957,0.9360846,439.31586,238.94913,0.91027415,460.30515,239.32982,0.895824,443.85544,239.51384,0.8608297,461.98215,259.3299,0.9891622,447.85345,259.3319,0.9888943,463.87747,285.3082,0.97667766,447.07852,285.10037,0.9731242,466.9004,309.54047,0.9497925,450.2408,308.7554,0.9436448
631.7824,200.93275,0.8996369,634.55475,198.24222,0.78711593,629.3501,198.25266,0.87325054,0.0,0.0,0.4954913,625.04535,200.0308,0.7524925,640.70386,215.79059,0.97098327,618.7995,216.63834,0.9889065,643.0709,234.2113,0.7892519,615.46796,235.72717,0.9405876,637.11615,248.59145,0.7382201,616.50995,251.42169,0.89003116,635.26624,253.2155,0.9782906,621.4401,253.635,0.987333,631.72296,281.23065,0.9607657,620.03845,281.34955,0.9752271,629.76416,307.06445,0.9375968,621.34674,307.24716,0.9551311
245.53288,219.89317,0.7872468,246.69315,217.85165,0.6319652,243.3396,217.64764,0.70232695,0.0,0.0,0.43583933,237.7497,219.22554,0.58144397,248.08064,231.69012,0.95436895,234.59322,231.39867,0.95280516,253.6085,239.93832,0.764542,236.49026,241.9183,0.7488635,251.77364,232.71495,0.6952283,244.43414,235.21815,0.674763,246.23132,259.53308,0.96447563,237.57045,259.78864,0.9635429,244.3059,284.91794,0.9573044,239.30002,285.4179,0.9545668,243.83957,308.98523,0.9398841,239.67926,309.7069,0.93658817
0.0,0.0,0.2306197,0.0,0.0,0.14187841,0.0,0.0,0.17892827,0.0,0.0,0.46603724,100.85553,225.048,0.54886067,90.872574,233.33818,0.9748693,103.451385,233.65608,0.9773605,86.67579,243.97716,0.8121841,107.11824,243.98085,0.8549725,86.44489,251.94699,0.64103466,107.75558,251.92592,0.6889222,91.68965,254.09346,0.9870198,99.492615,254.19635,0.98770255,92.08481,270.11316,0.973683,99.12137,269.91092,0.97583145,91.27629,285.4198,0.96042365,98.45037,285.69647,0.96318275
0.0,0.0,0.12093655,0.0,0.0,0.08915579,0.0,0.0,0.076478496,0.0,0.0,0.480738,0.0,0.0,0.36832824,116.31771,229.96243,0.9576867,130.62344,229.86887,0.9527611,112.58898,240.83868,0.79039365,136.2496,240.69145,0.75229496,111.81653,249.9121,0.5966792,137.2177,249.47429,0.55106723,119.24264,250.51622,0.98398596,128.36148,250.51738,0.98327774,118.62276,268.17484,0.97105545,127.72654,267.9486,0.96937513,119.03825,284.43832,0.9583936,127.51317,284.27243,0.95683295
664.8647,207.11646,0.8704822,668.3345,203.9979,0.8350509,662.42694,204.28961,0.76510555,674.2865,207.0004,0.70630145,0.0,0.0,0.49322084,679.2819,226.05916,0.9657385,656.42255,227.07349,0.9642721,676.83405,247.73,0.8017068,652.60864,247.26065,0.7474899,665.9329,265.52777,0.71439236,651.61536,264.23907,0.65541154,675.33997,261.10538,0.9448789,660.26605,261.34467,0.94459635,672.65314,286.4498,0.9083021,655.74133,286.42844,0.8970415,672.91614,309.96616,0.8673977,658.2388,309.48987,0.8540475
0.0,0.0,0.1588964,0.0,0.0,0.09851071,0.0,0.0,0.13267802,0.0,0.0,0.3794927,376.79248,220.10477,0.50322765,364.7852,229.892,0.94897544,379.46713,230.40533,0.9555387,358.80142,241.43736,0.71147805,383.0066,242.2792,0.77585614,358.7823,249.51984,0.5091162,382.55145,250.4707,0.57146233,366.80344,254.34192,0.97653276,375.8459,254.63235,0.97811687,367.7594,273.94513,0.95661354,375.76953,274.14133,0.960451,367.70987,292.59494,0.9334842,374.231,293.0885,0.93839777
414.7444,225.453,0.8522924,416.65277,223.58615,0.8389522,413.68204,223.46725,0.7304515,420.58347,224.4785,0.724013,0.0,0.0,0.40015975,424.61264,234.42673,0.9805971,411.17056,234.03978,0.970556,426.8118,246.36946,0.8986242,407.75656,245.18834,0.80013764,421.54376,253.3462,0.8556461,408.6379,251.8984,0.7623465,421.73608,258.23218,0.9791014,413.15884,257.87827,0.9745171,419.8265,277.00452,0.9514136,412.27917,276.62784,0.9385873,420.13297,294.37482,0.90448314,413.7388,293.8206,0.8864156
