0.0,0.0,0.3621491,0.0,0.0,0.42005098,0.0,0.0,0.0811396,623.61554,190.36592,0.926187,0.0,0.0,0.26502764,623.5281,210.43065,0.99200714,647.3941,208.3914,0.9671743,621.20074,243.42532,0.96139866,656.318,237.98474,0.60746396,616.1267,269.5189,0.86575407,0.0,0.0,0.4270466,626.63495,264.6017,0.9948154,645.7109,263.07556,0.9891695,608.2527,305.44516,0.9927409,645.52637,304.60754,0.9808934,598.53033,346.33136,0.9845754,649.0964,344.37637,0.96876705
0.0,0.0,0.21911892,0.0,0.0,0.05468567,0.0,0.0,0.22195444,0.0,0.0,0.29234323,151.99178,193.84813,0.8889368,127.40964,213.58308,0.97702706,158.3522,213.50449,0.9934422,119.33764,238.13461,0.778186,167.77351,241.12141,0.9660637,124.18695,257.7036,0.5698383,170.2851,266.26868,0.861006,132.42924,265.9363,0.9940175,153.48325,265.5431,0.99710006,129.56908,304.05405,0.98508924,151.9083,303.11737,0.99250764,126.703224,340.29218,0.96643037,149.9524,340.59253,0.97974294
0.0,0.0,0.2522482,0.0,0.0,0.06700374,0.0,0.0,0.25607485,0.0,0.0,0.22974406,94.92202,193.43983,0.8326648,67.45158,212.00793,0.95109266,97.86486,213.60289,0.97735244,58.721317,236.86761,0.64710957,103.823006,240.72636,0.8880955,0.0,0.0,0.44542542,103.98946,257.74283,0.7009044,71.34815,264.30603,0.9850386,91.69854,264.869,0.99020594,72.685875,302.94028,0.9781008,91.1323,302.92728,0.9856405,73.33491,338.98154,0.9651863,90.07646,340.55026,0.9744339
0.0,0.0,0.1848775,0.0,0.0,0.16545007,0.0,0.0,0.06723766,204.31038,182.82745,0.8171806,221.1893,182.35022,0.5070946,196.52457,204.2939,0.9872513,232.01314,203.37001,0.9780161,184.71896,230.4073,0.9222651,238.52452,230.52036,0.7933842,184.1048,248.25197,0.73534536,232.15436,248.87698,0.5460332,198.41922,256.25113,0.99465996,221.45474,255.40778,0.9929299,196.00427,297.00735,0.9916175,214.3551,296.88907,0.98721343,193.17715,337.05734,0.9823689,207.98384,336.53256,0.97596383
282.2226,191.0819,0.9378777,284.7014,188.01814,0.8467383,278.86765,188.19812,0.9162812,287.7367,191.25581,0.53287095,272.89752,191.43077,0.80566114,293.23584,212.401,0.9879992,265.09622,213.18123,0.9959716,299.6983,235.73328,0.9174471,256.57288,238.4607,0.9797519,304.33865,260.05292,0.88559705,256.9463,265.1594,0.9561546,290.23126,260.67194,0.9933583,272.88297,261.17508,0.99627244,288.68204,295.514,0.9813486,275.09302,295.74408,0.9882577,284.3901,328.18048,0.9530563,274.58472,328.62183,0.96674323
0.0,0.0,0.28442615,0.0,0.0,0.2363319,0.0,0.0,0.08033266,733.6178,155.81453,0.8186083,0.0,0.0,0.3442802,718.86237,182.24817,0.98516154,775.86163,182.98071,0.93956286,700.3963,214.16457,0.95567995,787.3928,218.39655,0.74802667,706.49115,236.10197,0.8709272,779.44434,239.41675,0.60873675,721.874,259.8714,0.9940434,757.6959,259.55255,0.98784536,718.1825,314.91028,0.9899838,739.7969,316.42294,0.9809636,735.4214,372.11038,0.9669626,747.65967,374.03433,0.95167273
343.8572,203.86958,0.6295594,0.0,0.0,0.44266015,0.0,0.0,0.49723753,340.3344,203.58492,0.7072777,341.91638,204.30937,0.77723455,332.57944,222.9684,0.9846709,347.25684,223.16536,0.99015105,324.50198,246.20715,0.8345399,354.5549,241.56999,0.8840752,320.11932,262.00458,0.6850311,355.38824,250.32376,0.72574127,336.27795,264.0035,0.9870336,346.86615,264.458,0.9895587,330.39673,296.92038,0.9741736,351.12332,297.33325,0.9761198,327.24545,330.11038,0.9557954,352.57593,330.80627,0.9581163
0.0,0.0,0.2505006,0.0,0.0,0.15357484,0.0,0.0,0.094779775,410.19806,160.33961,0.5958128,0.0,0.0,0.37490162,399.43402,188.34244,0.95394826,448.0628,186.07713,0.9437272,388.54523,231.008,0.8926278,460.8717,222.39632,0.8490676,392.2364,266.68817,0.8086814,458.24536,253.9715,0.75844026,405.983,265.19733,0.9904811,436.9811,265.40887,0.98923945,407.67377,326.2927,0.9896259,431.61566,332.11176,0.98901117,409.13873,384.02887,0.97493106,425.30865,394.6232,0.974697
0.0,0.0,0.28687456,0.0,0.0,0.3110832,0.0,0.0,0.13695018,0.0,0.0,0.32930562,0.0,0.0,0.08790331,0.0,0.0,0.37381294,0.0,0.0,0.3663051,0.0,0.0,0.243208,0.0,0.0,0.17011727,0.0,0.0,0.21752256,0.0,0.0,0.15963739,0.0,0.0,0.33267274,0.0,0.0,0.33793625,0.0,0.0,0.32466498,0.0,0.0,0.30541766,0.0,0.0,0.2719261,0.0,0.0,0.26458356
0.0,0.0,0.036732852,0.0,0.0,0.018749045,0.0,0.0,0.028229108,0.0,0.0,0.20914954,0.0,0.0,0.36897308,781.94183,196.69577,0.69413364,806.3598,196.72672,0.78501976,0.0,0.0,0.2548224,0.0,0.0,0.46925846,0.0,0.0,0.12499657,0.0,0.0,0.22641131,784.57007,260.5571,0.89256024,800.83997,260.62885,0.9149277,783.1626,306.43143,0.85952145,800.89233,306.61758,0.8864442,788.57635,354.2129,0.8234535,801.8872,353.97098,0.8470215
