0.0,0.0,0.15567943,0.0,0.0,0.13347185,0.0,0.0,0.044808477,620.0438,194.2154,0.78964806,0.0,0.0,0.35858113,618.789,213.89977,0.9810945,644.191,212.78493,0.97092474,616.2893,243.3251,0.9237747,646.4725,241.95467,0.8035812,613.3002,266.2986,0.78243315,640.1612,268.08994,0.60018,622.91376,266.0019,0.9945516,642.63043,265.08353,0.9929456,605.0896,304.36484,0.9907162,643.5024,303.76755,0.98503864,595.922,344.4012,0.98042816,647.92096,342.47568,0.97239316
0.0,0.0,0.12988259,0.0,0.0,0.03725285,0.0,0.0,0.11271137,0.0,0.0,0.27454498,150.74527,193.23141,0.7827503,124.25142,212.53922,0.965127,157.0771,213.02618,0.985617,117.128136,237.92876,0.77117556,165.44304,241.82335,0.9382602,121.107544,258.93927,0.5568819,167.36632,266.6293,0.7922214,130.17253,265.1561,0.99183136,152.35646,265.12057,0.9952018,128.18729,302.65018,0.981468,150.63716,302.12958,0.9887279,128.30695,337.71356,0.9592667,150.51208,338.2898,0.9717872
0.0,0.0,0.27286127,0.0,0.0,0.07306172,0.0,0.0,0.2863231,0.0,0.0,0.23399457,95.63486,194.96495,0.8463835,68.33995,212.95082,0.94906443,98.25266,215.08485,0.9780678,59.10993,237.1126,0.6165978,104.12142,241.70169,0.887826,0.0,0.0,0.4191868,104.627655,258.37137,0.69790715,71.724945,264.44168,0.9831738,91.737724,265.19324,0.98943126,71.692116,302.68842,0.9757354,90.109955,302.82672,0.9846773,71.84878,338.14456,0.96310467,88.669525,339.9807,0.9736338
283.55566,190.51215,0.95040464,286.1185,187.35736,0.87198734,280.25702,187.2805,0.93484986,0.0,0.0,0.49906704,273.55328,190.18263,0.8086547,294.11853,211.87129,0.9844429,263.78894,212.3794,0.9943388,302.02054,235.72331,0.9132206,254.49673,238.34322,0.9766367,306.36725,261.34286,0.8901156,255.64519,266.317,0.95562357,290.88202,259.7049,0.9905301,272.02234,260.487,0.9943878,292.0991,294.66394,0.97446185,277.87433,295.3164,0.9833081,288.59476,327.5468,0.9428236,279.65195,328.63345,0.9584442
0.0,0.0,0.3501934,0.0,0.0,0.19934116,0.0,0.0,0.12515321,731.6956,154.57767,0.6598561,0.0,0.0,0.46902344,717.7203,180.09421,0.9781104,771.04645,182.12347,0.98005235,704.92334,214.20113,0.945039,788.6932,220.58272,0.9402883,710.2153,235.117,0.88760215,785.2918,250.72475,0.8793432,722.86536,257.5366,0.9963142,756.1549,259.49847,0.9961971,714.81305,313.8172,0.9947299,743.55493,321.55777,0.99485165,724.08185,369.75943,0.982625,745.848,380.9949,0.98350626
0.0,0.0,0.19055252,0.0,0.0,0.15150928,0.0,0.0,0.07790122,202.30244,183.97675,0.7912169,218.9972,183.3754,0.5754482,193.94727,205.01482,0.9868173,230.21028,203.4188,0.98058987,182.9681,231.3308,0.90970725,238.309,229.02441,0.81409365,183.16824,248.81041,0.7077503,232.57458,245.33797,0.5645617,197.46489,256.12323,0.99453497,221.3542,255.0557,0.9933797,193.12737,297.6775,0.9912788,214.50014,297.21094,0.9879176,189.01466,337.84058,0.9816201,208.3727,337.1035,0.9766669
348.54028,205.13597,0.8954362,350.25256,202.20541,0.7473728,345.10672,202.16318,0.86754066,0.0,0.0,0.44327626,338.37494,205.46005,0.7803638,350.9905,224.79001,0.9742415,333.7142,224.88196,0.9894294,357.43613,242.23657,0.7794443,324.3403,245.38484,0.92382497,360.61337,248.55443,0.7177276,322.78937,258.8428,0.85601944,348.5914,267.305,0.98247254,338.765,267.39258,0.988901,344.58862,298.6246,0.9682888,339.5707,298.4514,0.97793055,340.73657,330.96457,0.9484927,338.89606,331.14514,0.9606593
0.0,0.0,0.25532046,0.0,0.0,0.14909856,0.0,0.0,0.09937517,409.88925,164.72319,0.57544386,0.0,0.0,0.38904816,399.71906,192.47641,0.95134693,448.33087,189.91289,0.9478277,387.77945,233.84868,0.88844,462.98367,227.83118,0.86651736,391.49356,264.12518,0.8069741,461.7858,260.22128,0.7824778,407.81326,266.5774,0.9891207,438.2747,266.44324,0.98854804,410.79596,324.5155,0.9871252,431.86472,328.5733,0.98726267,413.2434,378.88794,0.9690572,424.92545,387.44012,0.9701387
0.0,0.0,0.44172347,0.0,0.0,0.4707964,0.0,0.0,0.13437963,846.01086,135.32407,0.5913052,0.0,0.0,0.07683145,848.36163,169.05359,0.8252451,0.0,0.0,0.4929358,831.3231,220.88539,0.7784001,0.0,0.0,0.25271222,811.02264,261.24844,0.7283651,0.0,0.0,0.31974086,852.25305,264.9328,0.6694946,0.0,0.0,0.47457883,0.0,0.0,0.49366173,0.0,0.0,0.3011532,0.0,0.0,0.22597542,0.0,0.0,0.15045947
664.475,208.16304,0.86877626,667.5182,205.3141,0.8657422,661.94434,205.58054,0.7073785,673.5959,206.82774,0.77602625,0.0,0.0,0.35650802,679.30695,222.01433,0.9686309,657.0053,223.44118,0.93199736,681.1277,239.27812,0.86854994,656.64404,240.84253,0.5732735,675.6734,244.25223,0.79358125,660.825,241.52403,0.5233304,679.16864,260.26633,0.9293643,664.8567,261.03366,0.8944988,678.80115,288.09964,0.8615788,667.4109,288.72803,0.78152966,683.1148,318.48938,0.7705894,673.9417,318.32544,0.6888969
0.0,0.0,0.04583455,0.0,0.0,0.0352147,0.0,0.0,0.022379795,0.0,0.0,0.19725442,0.0,0.0,0.097544715,786.6548,193.80754,0.5942653,0.0,0.0,0.43571535,0.0,0.0,0.41638356,0.0,0.0,0.21410997,0.0,0.0,0.28918052,0.0,0.0,0.1605066,782.7399,261.49503,0.8876509,789.6312,260.87543,0.848573,780.1404,309.35114,0.92441636,789.6981,308.9586,0.8931794,785.13837,360.20462,0.91171217,794.5598,359.64648,0.8856982
