694.2262,163.28207,0.9551923,694.05975,158.02177,0.6701008,687.91583,157.48434,0.94838107,0.0,0.0,0.19097927,668.8599,162.30219,0.9178055,690.57355,202.32182,0.9725682,653.5803,198.2235,0.9971239,697.5483,249.54204,0.8789342,647.3465,253.77992,0.992961,704.10767,244.28896,0.8539814,658.5564,281.74954,0.98328424,692.3815,290.62012,0.9951533,664.93414,288.09647,0.99834895,692.3743,359.89883,0.9908896,653.2853,352.15497,0.99687815,688.1997,419.16992,0.9710056,630.2159,408.77304,0.9853704
0.0,0.0,0.15994628,0.0,0.0,0.1436466,0.0,0.0,0.042639237,326.5505,128.47632,0.788971,0.0,0.0,0.21194804,310.47873,165.37315,0.97004336,373.82498,164.27638,0.8603849,295.1322,221.62361,0.9008609,362.93942,210.38118,0.53253025,305.71362,235.8342,0.72761947,0.0,0.0,0.3651254,318.4615,261.8588,0.99188626,362.37006,262.28955,0.98298615,315.00687,343.43216,0.99272645,360.50583,356.48203,0.98633957,309.40442,417.19388,0.97655076,357.49664,442.5365,0.9654471
0.0,0.0,0.33638912,0.0,0.0,0.1335419,0.0,0.0,0.27315354,0.0,0.0,0.4354091,193.37886,203.06056,0.8000474,172.01506,219.8324,0.9800996,198.18983,219.27748,0.9865702,162.20633,240.77467,0.8390501,205.6644,241.07063,0.90703684,163.56699,257.6183,0.6655158,207.3599,259.1401,0.7540656,176.03287,259.84802,0.99077517,193.14166,259.3599,0.99265254,177.82596,289.95822,0.98187226,191.48305,289.1738,0.98492545,179.56123,318.48077,0.96566296,191.3943,318.7617,0.969863
761.94916,164.49338,0.9711382,767.1166,160.24043,0.938584,755.9379,159.5433,0.91876715,773.321,165.3065,0.7889271,745.9099,164.41275,0.69455814,782.54645,200.88809,0.9940812,731.6107,200.22737,0.9849332,800.08685,242.95573,0.9678402,712.5146,243.24704,0.90352756,813.47455,273.43668,0.9245691,719.70465,266.53265,0.8469367,768.9224,285.7256,0.9935296,738.8415,285.90884,0.9897877,762.24347,352.35135,0.9781212,745.84705,352.66452,0.96715206,749.3501,411.39938,0.90850997,745.97577,409.84567,0.8818093
462.39868,213.62544,0.91461986,465.21707,211.26845,0.9018116,460.81107,211.31924,0.77941877,470.71085,212.95824,0.8332134,0.0,0.0,0.43865103,477.1098,227.31012,0.99054736,455.3888,227.02573,0.98270965,481.13602,243.26033,0.95362335,448.64597,240.50595,0.8476894,473.18063,246.73341,0.9155568,453.19373,241.10307,0.7952334,470.79294,260.55408,0.98699397,456.34326,260.08734,0.982357,471.21854,287.68365,0.96536493,451.95703,287.2979,0.9456578,471.2731,310.5365,0.9231337,451.40738,309.58264,0.8926175
0.0,0.0,0.23019283,0.0,0.0,0.115389116,0.0,0.0,0.29233834,0.0,0.0,0.060754906,0.0,0.0,0.34722593,0.0,0.0,0.19352017,840.06635,228.88487,0.60477686,0.0,0.0,0.07519528,828.2762,252.10652,0.6136464,0.0,0.0,0.105134465,827.8291,274.09824,0.5182741,0.0,0.0,0.26252618,843.0376,273.2642,0.5077191,0.0,0.0,0.25655034,0.0,0.0,0.4947937,0.0,0.0,0.3282281,844.89606,332.62988,0.51867425
0.0,0.0,0.103380375,0.0,0.0,0.07173488,0.0,0.0,0.05200273,266.83698,212.50043,0.59877217,0.0,0.0,0.37542826,263.4455,223.02145,0.9716561,284.30106,222.77574,0.9661608,259.88406,238.01624,0.79744446,290.28885,237.12332,0.725308,258.1261,246.59747,0.53422076,0.0,0.0,0.4488355,267.82288,251.66751,0.98071504,282.26447,251.43768,0.97916573,267.43097,276.9006,0.94352275,281.22003,276.4385,0.93751323,269.1246,300.89355,0.9032234,281.08743,300.07367,0.89582723
0.0,0.0,0.496185,0.0,0.0,0.32931027,0.0,0.0,0.37899792,0.0,0.0,0.34049627,0.0,0.0,0.41898,234.1824,232.80336,0.92005146,228.62679,232.82121,0.92687273,233.36882,244.74516,0.7244157,229.56642,244.4647,0.7359565,228.08438,247.08344,0.64705044,228.78603,247.5565,0.6475805,233.37064,261.8579,0.9644751,230.24324,261.85236,0.96529007,231.87596,287.02435,0.95895714,231.01746,286.9807,0.9573407,232.43515,310.79428,0.94215214,232.22731,310.7773,0.9400751
0.0,0.0,0.25676638,0.0,0.0,0.16963801,0.0,0.0,0.18317975,93.75547,223.36172,0.55792594,100.08843,223.91693,0.535032,89.65706,232.14911,0.9804849,103.02822,232.77399,0.9803535,84.18718,243.15578,0.83822125,106.058716,243.65033,0.8470288,82.91193,252.05708,0.6642941,105.29067,252.54092,0.6697572,90.21122,253.09431,0.9880965,98.35011,253.2844,0.988,90.47689,269.8285,0.97477764,97.533905,269.81216,0.9751184,90.464035,285.7622,0.96047026,97.1055,286.07367,0.9610483
0.0,0.0,0.13030086,0.0,0.0,0.08055747,0.0,0.0,0.106669806,0.0,0.0,0.37098286,0.0,0.0,0.4777436,118.55615,230.33037,0.9544773,134.15031,231.10669,0.95967627,112.093765,241.79584,0.7490085,137.44551,243.15373,0.79984164,112.02311,252.39058,0.52356964,137.03065,253.7255,0.57591534,119.94181,253.59164,0.9765869,129.4589,253.98608,0.9779239,120.64716,271.09436,0.9448636,128.52939,271.4351,0.94890225,120.10745,286.0687,0.9163311,126.70717,286.72476,0.9215419
416.86087,226.75691,0.7668071,418.54858,224.95114,0.73829013,415.7407,224.83348,0.6381457,421.86267,225.73372,0.60027796,0.0,0.0,0.35798383,425.7765,235.11372,0.96785194,411.91446,234.70184,0.95699036,428.29538,246.02328,0.86372805,407.71863,244.83395,0.7848157,423.33414,251.53976,0.818603,408.66428,250.29088,0.7465737,422.49255,258.0465,0.9776494,413.81528,257.71667,0.9742465,420.6024,276.21164,0.95851487,412.46225,275.82925,0.950756,420.11426,293.54675,0.9289753,412.76074,293.0224,0.91932124
