128.61847,171.72905,0.58875984,0.0,0.0,0.14922176,126.66661,166.52411,0.6579634,0.0,0.0,0.19710043,118.13055,168.55122,0.9020651,90.38151,200.88385,0.8979716,118.95167,201.34445,0.9906454,90.864044,248.10185,0.536135,136.67072,247.81999,0.9708561,0.0,0.0,0.4506652,152.4367,287.89743,0.90505546,93.59402,285.65027,0.97459126,117.90815,286.6131,0.99219304,82.403336,344.2837,0.9739337,136.28166,344.68127,0.9920683,63.873554,399.83395,0.9561663,143.88147,403.82825,0.97905445
0.0,0.0,0.053862013,0.0,0.0,0.02035461,0.0,0.0,0.042922657,260.35623,205.54266,0.5210716,279.14236,206.40523,0.80198205,245.7494,226.7736,0.979018,287.66714,228.46063,0.98472357,231.95355,256.18375,0.84664047,300.37823,258.74277,0.8969606,230.67502,276.4325,0.55671716,298.9058,277.0538,0.61899674,250.99167,286.20636,0.9946514,279.524,287.11005,0.9953702,249.40468,329.6287,0.98707473,285.92926,330.39813,0.9875301,248.68372,370.91125,0.96727854,289.0947,372.8179,0.9677274
0.0,0.0,0.12064518,0.0,0.0,0.05314842,0.0,0.0,0.066803075,0.0,0.0,0.45792654,554.1137,193.74341,0.6145821,525.701,214.04065,0.9740181,562.826,213.72095,0.9789737,516.60077,242.96806,0.8667164,572.2454,243.32791,0.89427674,517.4237,258.13345,0.677483,568.193,257.92465,0.71385694,528.32623,270.76675,0.9928283,553.322,270.15317,0.9938777,527.63257,314.29767,0.98591554,552.67773,313.81854,0.98712164,523.3518,354.70554,0.96559584,547.62787,354.9614,0.9681066
51.18121,166.53656,0.94377667,55.80735,161.46306,0.8611438,46.8934,161.90688,0.9449951,0.0,0.0,0.40231842,41.73443,165.22076,0.8140818,72.57299,196.38893,0.9136673,33.279972,197.28352,0.98684317,0.0,0.0,0.49440655,21.01469,235.70226,0.94846255,0.0,0.0,0.49230653,22.270845,270.30527,0.8947265,65.930046,269.5789,0.9418532,41.008213,270.1088,0.979758,59.290363,330.55206,0.92142296,40.028793,330.7583,0.96911365,50.649452,388.76132,0.8708756,36.89249,388.94455,0.93341964
0.0,0.0,0.12309068,0.0,0.0,0.07160798,0.0,0.0,0.07200277,0.0,0.0,0.4254892,0.0,0.0,0.47697255,670.7547,215.22311,0.95343924,695.6157,214.09691,0.96159834,667.11456,236.3045,0.79430217,701.3562,234.465,0.8317817,668.56824,253.84969,0.5795926,699.9647,250.89362,0.6248449,676.6699,253.82687,0.9838802,692.97064,253.441,0.9861391,679.5391,285.41528,0.9654596,692.01855,285.12634,0.96842176,683.47626,315.7893,0.93592626,693.0646,315.41956,0.9398617
0.0,0.0,0.14566417,0.0,0.0,0.062177278,0.0,0.0,0.10853004,0.0,0.0,0.36298135,341.68845,195.13068,0.659161,319.30032,218.36922,0.9431729,350.78467,216.21635,0.9578941,310.84772,250.19653,0.7039707,365.12823,245.45134,0.81155694,0.0,0.0,0.4580993,366.06088,261.81033,0.5684606,328.97128,277.2419,0.97815895,348.7098,276.48608,0.9816912,336.34604,318.67996,0.9654168,346.56216,317.7657,0.97067857,339.90942,360.51096,0.9327213,341.2345,359.65366,0.9400369
0.0,0.0,0.11246026,0.0,0.0,0.09823417,0.0,0.0,0.04981802,644.0614,211.75656,0.5385946,0.0,0.0,0.27601093,639.03564,227.44858,0.9285939,662.11847,227.18674,0.8840186,631.94196,246.7201,0.78441876,667.7683,247.28377,0.5869249,629.8788,261.51624,0.5778051,0.0,0.0,0.4077873,641.92346,266.0373,0.9770388,656.6391,265.92905,0.9696417,642.4881,297.1454,0.97621924,653.0748,297.47314,0.96567184,647.0108,328.0829,0.9698145,653.39795,327.93796,0.96022236
0.0,0.0,0.11531747,0.0,0.0,0.05757601,0.0,0.0,0.09334742,0.0,0.0,0.27358764,0.0,0.0,0.49563345,149.38205,219.41113,0.86823887,172.57861,220.4863,0.9095027,0.0,0.0,0.49949446,176.78372,241.11423,0.6739738,0.0,0.0,0.30298984,0.0,0.0,0.42549405,153.644,261.24533,0.93650347,168.76614,261.98355,0.9489189,155.88896,296.02805,0.8813184,167.84007,296.63855,0.9010569,158.0149,328.10092,0.8305358,164.95357,329.07944,0.8505094
0.0,0.0,0.23072502,0.0,0.0,0.24082287,0.0,0.0,0.1185874,0.0,0.0,0.29773065,0.0,0.0,0.09342706,0.0,0.0,0.4618742,0.0,0.0,0.31033704,0.0,0.0,0.3125368,0.0,0.0,0.12619455,0.0,0.0,0.2507713,0.0,0.0,0.12209889,0.0,0.0,0.4216162,0.0,0.0,0.3500271,0.0,0.0,0.39207134,0.0,0.0,0.3146833,0.0,0.0,0.33639783,0.0,0.0,0.28602758
470.3985,212.7294,0.7907971,472.5946,210.4024,0.7008537,468.39914,210.28938,0.66261613,475.79526,212.39401,0.5439366,0.0,0.0,0.44954967,479.18576,225.77934,0.95195216,459.05585,225.96275,0.9344357,484.12546,239.48605,0.7735025,454.31805,240.02083,0.6534913,476.83688,242.67538,0.69243264,462.3541,242.11182,0.5864961,474.94516,257.5109,0.95936215,462.03787,257.9975,0.95173657,474.46002,285.0163,0.9552079,465.0978,285.68234,0.94348,471.8755,312.6364,0.93938273,466.15787,313.12283,0.92702127
