0.0,0.0,0.07272901,0.0,0.0,0.22656727,0.0,0.0,0.0017383337,727.28986,0.5681353,0.9795934,0.0,0.0,0.02153371,719.1572,77.2495,0.99285007,842.67883,66.62976,0.6408321,684.3925,210.14258,0.9828432,0.0,0.0,0.13384683,645.9314,314.51428,0.8572633,0.0,0.0,0.09584559,752.241,323.59366,0.9568371,833.3327,318.3514,0.7583703,0.0,0.0,0.337529,0.0,0.0,0.079760626,0.0,0.0,0.017796444,0.0,0.0,0.006025495
301.1817,186.48654,0.9495667,304.06534,182.82396,0.8907657,297.11395,183.1592,0.9228032,307.7112,186.1959,0.6278153,290.29037,186.88344,0.782068,315.21176,210.78651,0.99169874,282.00778,212.93509,0.99574226,324.089,237.4389,0.93047005,277.05698,244.14392,0.9655397,329.6222,262.10056,0.8874447,275.6188,271.53326,0.9265551,310.01764,266.96817,0.9946731,290.09393,267.95184,0.9962161,307.16302,305.27234,0.9846051,293.21976,305.97626,0.98774856,301.19046,341.42697,0.9615319,295.2761,342.44385,0.96780574
0.0,0.0,0.13860378,0.0,0.0,0.04548245,0.0,0.0,0.14684696,0.0,0.0,0.32990506,202.21552,195.41605,0.81846523,177.58289,211.98116,0.96920466,205.77043,213.75763,0.991738,167.78638,235.26784,0.8157657,212.22804,238.98991,0.9718304,170.19681,255.95981,0.627208,219.23228,261.20883,0.8807896,181.45728,259.83334,0.9927861,199.30362,260.74356,0.9963922,181.90675,295.30844,0.98055893,194.31511,295.89386,0.98913187,183.71693,328.13153,0.9536408,191.08615,329.82043,0.9691329
0.0,0.0,0.17322162,0.0,0.0,0.10525831,0.0,0.0,0.10321068,127.97927,197.9645,0.636227,141.31044,198.40881,0.6150369,120.47154,216.63289,0.9783288,149.89832,217.31516,0.9839271,109.66383,239.61049,0.83821404,155.74037,240.93399,0.8700965,107.96809,255.82693,0.60234034,156.21718,258.9517,0.63390344,124.31563,261.82767,0.99070823,143.14021,262.0345,0.99172795,121.25134,296.20532,0.9774859,138.67746,296.4607,0.97712564,122.87353,329.29367,0.95606697,135.32085,329.38,0.95515066
0.0,0.0,0.31343955,0.0,0.0,0.09881001,0.0,0.0,0.32775143,0.0,0.0,0.36809757,85.8791,195.92104,0.8891895,63.30656,214.032,0.97356623,89.79621,214.12839,0.98991174,56.248825,238.62784,0.7194833,95.53727,237.71349,0.92913914,0.0,0.0,0.49535114,96.89461,254.83269,0.7609045,66.92432,259.5841,0.99083215,85.15961,259.687,0.99440974,67.251976,293.89514,0.98423713,86.32544,293.70776,0.98977405,65.38011,327.14105,0.97401977,85.2676,328.11905,0.9807586
364.60547,193.68115,0.92139727,367.1772,190.73286,0.79443204,361.2368,190.5907,0.9083891,0.0,0.0,0.41531545,352.8845,194.8307,0.7921025,372.1362,215.30612,0.9755932,344.40695,216.70903,0.98973304,378.9926,230.48553,0.842053,335.2615,236.47858,0.95362,374.39615,219.53285,0.7968104,339.29843,231.67763,0.9133121,367.03433,265.29407,0.987528,348.67416,266.28436,0.9922083,367.37274,304.44788,0.9788835,348.46072,305.57437,0.98571104,368.1609,339.93637,0.9595227,346.02765,341.62573,0.9691009
0.0,0.0,0.07068746,0.0,0.0,0.03874289,0.0,0.0,0.042705588,448.25125,180.11006,0.5552538,467.71783,180.60396,0.6076092,438.00656,201.74884,0.97459894,476.82413,202.58118,0.9851066,425.98236,232.68323,0.87564725,488.34555,232.64127,0.9294636,424.75198,257.08426,0.66551673,487.3297,256.32794,0.7480502,444.42038,262.07394,0.995046,468.48413,262.67606,0.9961499,447.41882,309.65543,0.98802805,464.6051,310.34915,0.98928005,450.61008,355.39023,0.96751493,459.16754,356.24237,0.96988845
0.0,0.0,0.20559789,0.0,0.0,0.17516838,0.0,0.0,0.0774623,563.40936,198.70682,0.69779974,0.0,0.0,0.34248745,560.86523,216.57286,0.976141,583.09534,215.10622,0.9600432,556.75604,241.03079,0.8902846,590.89575,238.00606,0.7369625,551.3158,262.6506,0.7136263,590.2634,256.33917,0.52600694,564.9719,260.83478,0.98777485,579.70856,259.80234,0.98456234,560.2555,296.37482,0.9704149,575.7945,295.77914,0.95829284,562.09485,329.94186,0.93968475,576.9114,328.91016,0.92309445
268.52106,203.9101,0.8948277,269.8409,201.74579,0.74586606,266.014,201.61758,0.8964419,0.0,0.0,0.3880545,259.99374,202.77292,0.8320843,272.18024,217.5352,0.9539269,253.40569,216.56969,0.9847189,276.57208,232.13254,0.63855815,250.29382,231.07712,0.9123315,276.52353,240.26123,0.5711571,256.18887,237.62926,0.8323293,267.06876,251.61569,0.94265777,255.47617,251.42604,0.96930796,264.57074,281.12277,0.8502292,255.83943,281.09265,0.91374743,257.91437,308.09335,0.7774066,253.05861,308.80457,0.8482934
0.0,0.0,0.11099162,0.0,0.0,0.024295531,0.0,0.0,0.14184892,0.0,0.0,0.049382888,521.6798,201.97691,0.60203254,504.48328,212.128,0.7102627,519.7997,213.81093,0.91292536,0.0,0.0,0.33957174,527.74664,230.41382,0.88304955,0.0,0.0,0.29405072,528.66785,232.71378,0.7587972,499.25266,251.87198,0.9502784,509.17108,252.32451,0.9777012,500.27872,284.57385,0.94616157,506.33948,284.53397,0.9772669,499.49594,314.8194,0.93283415,501.39987,316.09604,0.9643171
401.8696,210.73608,0.751837,403.83765,208.31607,0.73179924,400.6609,208.41205,0.5559355,408.4721,209.2459,0.64020365,0.0,0.0,0.2456831,412.9773,221.98073,0.95310706,398.49445,222.42447,0.9239353,414.91672,237.16562,0.8098328,397.77127,237.05048,0.6145847,405.82095,239.68178,0.74390393,401.227,239.07402,0.5752659,409.72675,254.76802,0.9532172,400.36603,254.68443,0.9401813,409.57373,281.05096,0.9012846,401.7019,280.77258,0.8719421,410.543,306.35284,0.80877995,404.45853,305.82767,0.7704981
