0.0,0.0,0.4618903,0.0,0.0,0.12876962,0.0,0.0,0.34722048,0.0,0.0,0.38760078,125.438866,146.96089,0.85384285,81.43821,180.89775,0.9832653,131.2195,184.0856,0.99096996,68.20949,233.16736,0.92769736,147.33539,233.98894,0.9678123,61.576675,273.87683,0.8320789,134.81587,259.9701,0.9137061,90.388535,275.16425,0.99787915,118.14673,276.7216,0.9983992,111.740654,347.29105,0.99555993,101.8018,352.6771,0.99679416,120.592,411.10974,0.9831472,77.495384,418.84283,0.98601574
0.0,0.0,0.102355346,0.0,0.0,0.03883486,0.0,0.0,0.059948705,0.0,0.0,0.41593257,358.36288,210.92802,0.65970623,329.8113,229.31178,0.9747258,366.2447,229.68692,0.9826462,316.8829,255.12819,0.875883,375.60168,257.8706,0.9219145,314.68506,274.77887,0.69971603,372.94116,278.70667,0.76803774,336.38986,281.54895,0.99326986,361.2,281.38577,0.99485695,334.8727,320.34665,0.98205686,365.36987,319.8468,0.985391,335.8137,354.39377,0.95307654,369.98846,354.69675,0.9602372
0.0,0.0,0.1139194,0.0,0.0,0.071116164,0.0,0.0,0.064054765,598.4824,195.80884,0.6126327,614.1558,195.23611,0.62254703,591.22565,216.76524,0.9800326,622.51013,216.10132,0.985015,584.2369,242.9242,0.89260507,630.0517,243.56335,0.9158447,585.31177,261.44443,0.6973554,630.5082,263.5733,0.7353299,597.01227,264.98544,0.9933215,617.21967,264.8689,0.9943567,601.3095,299.4001,0.9839384,616.675,299.5176,0.984901,603.442,332.35812,0.962516,614.8136,332.1824,0.96395165
0.0,0.0,0.12331772,0.0,0.0,0.06754768,0.0,0.0,0.07783408,420.4512,185.0479,0.6585401,440.56512,184.68428,0.7440512,409.31424,213.14218,0.9876368,450.45297,210.29929,0.9914778,400.23364,248.18939,0.92541116,468.72943,235.78716,0.9469916,399.72415,275.3962,0.75351834,470.11893,249.64323,0.78667706,419.57178,276.91348,0.9945733,444.1985,276.21375,0.9955427,425.3759,321.86862,0.97605497,436.01843,321.6607,0.97789043,432.8451,363.37726,0.92048067,430.98325,363.7817,0.92414397
550.01544,203.0853,0.90425783,552.3015,200.46269,0.79790604,547.62695,200.57954,0.8650306,555.96936,202.09659,0.5207511,544.35425,202.11374,0.73638463,560.7679,218.29654,0.97973675,539.94257,218.51593,0.99147344,565.88324,237.53288,0.84754866,532.99744,237.88179,0.9488556,570.0773,256.84354,0.7884211,532.08777,256.1104,0.89922005,560.0669,258.1811,0.98584193,547.60406,258.57172,0.9911568,559.8333,288.88312,0.96877575,551.1453,289.00507,0.978885,558.6293,318.18417,0.93787205,551.7283,318.00763,0.9532979
0.0,0.0,0.08452501,0.0,0.0,0.05181325,0.0,0.0,0.054553017,690.5677,204.47067,0.52426213,702.8898,204.25089,0.5726963,682.71906,218.47748,0.9701727,708.8922,218.86871,0.97581816,673.6201,235.21603,0.85999525,714.73334,238.22504,0.88177985,673.68823,250.22366,0.6497319,716.271,255.31795,0.67833817,687.0202,253.21416,0.9909112,704.00867,253.56473,0.99186337,688.88226,279.5905,0.9812284,703.85266,280.0974,0.9813353,690.32294,305.65643,0.9642798,703.82837,306.18176,0.96398365
0.0,0.0,0.06895645,0.0,0.0,0.07284932,0.0,0.0,0.022274334,154.22011,202.49425,0.5369793,0.0,0.0,0.13612601,153.25842,219.41315,0.9005621,172.80458,219.34207,0.7689888,150.77463,243.4808,0.77074784,0.0,0.0,0.37281555,145.60771,256.0155,0.54534936,0.0,0.0,0.24829961,154.13625,264.17474,0.9616004,167.89206,263.9105,0.9364192,150.70491,300.4569,0.9529004,166.6103,300.8453,0.91517675,149.73856,334.98218,0.9201321,165.97841,334.69135,0.8785652
0.0,0.0,0.17616734,0.0,0.0,0.0752192,0.0,0.0,0.16491954,0.0,0.0,0.16488169,0.0,0.0,0.49132362,639.8965,223.23785,0.79351485,648.13495,223.2422,0.88529265,0.0,0.0,0.42438543,652.71277,240.78363,0.7304038,0.0,0.0,0.3233745,655.8832,257.51566,0.56063426,642.25653,257.8887,0.91800386,647.8243,257.8938,0.9442624,641.07434,284.87875,0.8963224,644.9694,284.5599,0.92957795,644.60095,310.11008,0.8754527,645.7642,310.1019,0.9054908
302.53128,209.44356,0.6610226,305.34534,206.21796,0.5863067,0.0,0.0,0.49975044,0.0,0.0,0.47514582,0.0,0.0,0.31760558,318.2867,223.83466,0.90569836,296.7896,224.76607,0.911607,318.68558,245.1458,0.69995797,293.2679,246.17506,0.6914436,312.4232,262.15585,0.62953347,295.19247,261.66473,0.61747944,315.0106,267.5403,0.95141983,301.22565,267.838,0.9543551,316.5091,301.8241,0.9522409,301.3914,301.86453,0.9512766,320.93924,335.7673,0.9411595,303.9676,334.9857,0.9399371
0.0,0.0,0.15760407,0.0,0.0,0.16595607,0.0,0.0,0.051189985,212.77939,214.4225,0.69650006,0.0,0.0,0.23882833,210.83601,229.14134,0.94668317,232.82236,227.5054,0.8734834,205.52924,249.27502,0.8068057,0.0,0.0,0.43439513,205.73697,257.26404,0.5678522,0.0,0.0,0.2733995,221.25137,265.49634,0.9407064,236.6198,265.14526,0.9077092,225.61432,289.75574,0.8779113,242.6042,289.75168,0.8047902,228.03926,318.18628,0.79590005,245.88083,316.60443,0.7229507
482.6699,208.57718,0.66838884,484.87888,205.69832,0.67069805,0.0,0.0,0.380847,490.11923,206.81912,0.68949646,0.0,0.0,0.19679192,494.99234,221.52884,0.956461,482.06363,221.97568,0.8817247,498.39673,241.68893,0.84960043,0.0,0.0,0.44247335,491.2344,253.84232,0.7488671,0.0,0.0,0.40039185,494.6286,259.76297,0.96219516,486.6322,259.9877,0.93532854,493.9489,292.73868,0.95105237,488.17432,293.15234,0.9069585,499.99063,325.88263,0.92803156,496.41354,325.5756,0.8835203
