246.24861,176.66997,0.5075293,0.0,0.0,0.12313158,245.29134,170.61488,0.50806594,0.0,0.0,0.29069525,238.28844,171.45108,0.8886846,201.7752,198.5452,0.95726764,241.66948,201.51561,0.9911447,188.60512,240.77547,0.77077067,251.83606,244.10931,0.969469,197.70593,260.33917,0.65072936,260.63602,270.32318,0.90940136,216.27998,277.5416,0.9897962,243.36504,278.77734,0.9953654,215.9503,333.17923,0.9857691,246.76085,333.34677,0.9935642,211.43427,387.07172,0.96613276,245.59962,388.4724,0.9794042
0.0,0.0,0.073755644,0.0,0.0,0.0275316,0.0,0.0,0.062903106,0.0,0.0,0.41571796,305.01974,205.2348,0.7882739,276.75058,226.92607,0.9755457,314.30707,225.97533,0.9895375,266.7309,252.65355,0.845851,328.10916,252.28964,0.95368797,269.45093,270.09283,0.60910916,332.81055,270.49316,0.8023564,286.1805,280.75143,0.99277157,310.1284,280.4135,0.99558926,289.41718,319.3972,0.97377026,308.6262,318.9206,0.98281235,293.10712,355.36862,0.9307839,307.3068,355.44684,0.9485877
0.0,0.0,0.2911211,0.0,0.0,0.07810005,0.0,0.0,0.2713882,0.0,0.0,0.28328854,570.7487,194.64664,0.85300577,547.7016,213.41342,0.9739609,576.98553,214.0401,0.9902795,539.8879,238.80383,0.76202434,586.5316,243.74265,0.9450036,547.82104,249.15836,0.5650283,589.36444,260.6365,0.81572616,554.4149,266.26154,0.9899182,574.32855,266.1029,0.99439657,556.36395,307.5458,0.97040266,576.6088,306.57495,0.98329645,554.5067,346.0955,0.9335213,574.24664,346.15637,0.9562401
0.0,0.0,0.032374132,0.0,0.0,0.011718931,0.0,0.0,0.03143648,0.0,0.0,0.28058994,374.43848,191.90158,0.69766,344.72888,214.7951,0.9163733,381.97794,214.6002,0.9619094,334.80588,243.54344,0.5444071,391.86545,241.36984,0.82708853,0.0,0.0,0.27374095,395.49323,255.98108,0.50430477,355.36865,272.02197,0.98547596,380.1519,272.5447,0.99042845,352.90445,314.22803,0.97789544,379.3596,314.68588,0.9840418,351.85226,358.20673,0.9641978,376.72647,358.9884,0.97133
0.0,0.0,0.19688343,0.0,0.0,0.12291329,0.0,0.0,0.10983834,677.5818,200.2782,0.5525758,689.2298,199.64697,0.53749096,672.2103,216.02104,0.97074336,696.66846,214.80809,0.9696581,669.28345,236.66801,0.8260328,702.4006,235.91722,0.8033308,670.693,254.48294,0.6070591,702.8228,254.29701,0.578691,677.913,253.74599,0.9862546,694.29126,253.27846,0.9864166,680.73895,284.0391,0.97171426,695.80994,283.6388,0.9702232,683.3724,313.37244,0.9488858,696.9749,312.70956,0.94678354
0.0,0.0,0.09959004,0.0,0.0,0.043190636,0.0,0.0,0.078072675,0.0,0.0,0.30840388,166.9599,206.30168,0.5872869,146.20947,222.24014,0.9326225,169.38692,222.29861,0.9485952,136.55121,242.40306,0.65903205,171.63452,241.29828,0.7553953,0.0,0.0,0.42944995,173.34418,248.1875,0.5064826,149.75311,264.78278,0.9809147,165.97835,265.061,0.9835644,145.71793,298.5959,0.9708877,165.18144,298.9956,0.9732048,142.71379,332.58615,0.9544547,164.23872,333.69156,0.9568193
517.45935,196.5741,0.9069747,520.7804,193.79358,0.8730087,515.0536,194.11485,0.8109926,526.3152,196.04604,0.74412054,512.0751,196.9643,0.53827924,532.3032,212.61278,0.98388296,507.9482,214.08884,0.9821799,532.37823,231.40666,0.9116899,504.62628,232.11374,0.86919373,522.8622,231.85002,0.8591347,509.38226,228.5286,0.80715173,528.71545,254.88507,0.9794518,512.79504,255.47807,0.97852397,528.0852,288.89395,0.9495685,514.062,289.2004,0.94150406,529.72003,318.84656,0.8840007,518.4419,318.51215,0.8710294
0.0,0.0,0.35744435,0.0,0.0,0.39329267,0.0,0.0,0.12718403,645.33386,217.57845,0.7489406,0.0,0.0,0.1994776,644.64777,232.44426,0.9644741,656.7402,231.56284,0.89678186,638.4555,250.65327,0.88723695,0.0,0.0,0.4906028,633.36194,261.4934,0.7601098,0.0,0.0,0.39395452,646.61224,268.18845,0.97894055,654.4813,267.66504,0.96154094,646.76996,296.8987,0.9777519,652.15576,296.9077,0.9541033,649.7055,325.92816,0.96801424,652.6159,324.9416,0.94542366
494.28482,210.64438,0.81290966,496.9863,208.20125,0.6884779,492.318,207.8119,0.74420685,0.0,0.0,0.43116826,488.2542,209.29298,0.5571336,504.86,225.31693,0.93967265,481.61255,224.25952,0.96120775,509.01022,240.71115,0.74525243,476.94,239.38315,0.8402344,499.73865,238.15971,0.70282006,487.91107,236.89836,0.77939856,500.75253,260.73532,0.9621793,485.86203,260.54163,0.96988004,500.3929,290.66806,0.9507552,488.72354,290.27753,0.95795786,498.99698,317.34958,0.9299236,491.64493,316.54932,0.93779016
734.4301,222.2977,0.6681873,0.0,0.0,0.33304906,732.9014,220.44276,0.6667087,0.0,0.0,0.17548478,727.15656,221.08743,0.732135,729.0738,231.82658,0.91856426,722.2457,230.75789,0.96712005,732.492,243.50583,0.60378873,721.4115,243.79369,0.89140624,737.44385,250.98686,0.55411434,728.61395,253.67397,0.8137153,727.14734,256.428,0.9450036,722.88367,256.38846,0.9673786,731.32477,275.50916,0.9016835,727.03284,275.57895,0.94265294,731.5331,293.04422,0.8596507,726.30115,293.86966,0.9037965
441.3094,204.99818,0.5432848,0.0,0.0,0.39153865,0.0,0.0,0.4464079,0.0,0.0,0.32750723,0.0,0.0,0.426884,445.15228,220.01143,0.87387294,434.1082,220.0913,0.89888644,444.6632,237.67172,0.5356287,428.9686,238.13184,0.6232776,0.0,0.0,0.43723473,431.66742,250.9564,0.50062406,444.259,256.06183,0.9044246,437.37616,256.27502,0.91554594,442.40775,285.3058,0.86277425,436.72586,285.44846,0.8735291,443.1494,313.1411,0.82519716,438.1546,313.1652,0.83498985
