0.0,0.0,0.40406516,0.0,0.0,0.10056925,0.0,0.0,0.32195342,0.0,0.0,0.30423382,182.69925,167.76743,0.7609855,139.06216,195.72745,0.9579026,183.07954,201.22472,0.9781757,119.893196,243.53604,0.8721245,193.72258,246.337,0.9491637,126.43405,282.04834,0.8025672,198.93176,281.20367,0.89647186,147.86986,281.6711,0.9874795,174.23946,284.01974,0.9912039,159.61963,339.52402,0.97616595,170.73392,343.4755,0.9833567,162.65553,392.68762,0.92959136,153.46729,398.6838,0.94225657
9.856839,165.752,0.81961215,15.138975,161.77072,0.91852635,0.0,0.0,0.46116155,25.345646,165.65591,0.87225646,0.0,0.0,0.1004678,37.332603,193.92993,0.9741354,0.0,0.0,0.38127467,38.310867,230.5049,0.941962,0.0,0.0,0.062312424,12.619104,248.78954,0.85105115,0.0,0.0,0.09107014,29.90595,270.87357,0.92509604,3.317667,271.19315,0.6019539,36.38349,331.25955,0.91496235,8.840177,328.49588,0.57968175,39.827465,390.58255,0.835229,11.447107,380.08813,0.5713523
0.0,0.0,0.10302004,0.0,0.0,0.033115815,0.0,0.0,0.07627106,0.0,0.0,0.3312351,300.8922,204.33275,0.7234737,269.57614,223.4114,0.96420485,308.4435,225.99738,0.9809301,261.0525,252.18692,0.7860381,320.5765,258.29797,0.914345,260.16147,272.67065,0.5558042,315.8991,280.025,0.72942424,272.7488,284.15942,0.9899955,298.40518,284.83377,0.99322575,270.4377,324.42682,0.975972,295.15353,324.73846,0.9829266,273.20963,365.8905,0.94109654,295.21545,367.68427,0.9541706
0.0,0.0,0.15176208,0.0,0.0,0.06943214,0.0,0.0,0.105156906,0.0,0.0,0.45231956,560.1695,196.99915,0.6940714,534.02905,218.78423,0.9703763,567.419,217.73773,0.9791171,525.0106,246.2914,0.82603073,575.09595,244.3266,0.89341855,531.0369,263.52908,0.6014903,574.15283,260.1021,0.69787514,539.7738,271.33817,0.9911078,561.5713,270.9001,0.99278146,542.4011,312.3744,0.98435104,557.92554,312.04172,0.9865118,541.20874,351.3351,0.96817195,552.84863,351.5127,0.97140884
0.0,0.0,0.04223664,0.0,0.0,0.018865203,0.0,0.0,0.030320996,0.0,0.0,0.34482768,350.82327,193.05116,0.58946633,328.58664,211.34746,0.91913086,363.0366,210.47601,0.9536919,323.53262,239.4075,0.585404,378.55716,235.6977,0.78806555,0.0,0.0,0.31821388,0.0,0.0,0.48634195,339.51364,269.00168,0.9864277,363.8235,268.91006,0.99040633,338.92584,316.00793,0.98254526,370.09067,315.64032,0.9868297,337.69284,363.05972,0.97069114,371.47028,362.17203,0.9759493
0.0,0.0,0.098326884,0.0,0.0,0.05005049,0.0,0.0,0.06557864,0.0,0.0,0.35274142,691.86206,200.075,0.5143513,671.89166,216.41788,0.9439092,698.08435,215.43375,0.9610147,668.19653,239.6241,0.7609655,703.8414,238.15593,0.84989136,668.3807,262.14407,0.5273266,703.5643,259.8765,0.63238215,677.2155,256.72598,0.979735,694.2572,256.3292,0.9840275,679.23535,287.376,0.94974256,691.55707,287.0064,0.95813805,682.7928,314.92093,0.90405726,691.30554,314.811,0.91560537
475.21017,209.51251,0.8648904,478.29095,207.13062,0.850204,473.7734,206.85097,0.684064,483.57498,209.10654,0.7793711,0.0,0.0,0.35778308,489.56125,223.50569,0.9854682,467.7349,223.74948,0.9681277,493.72653,238.98784,0.94217753,463.05106,239.59554,0.76670736,484.97992,239.2875,0.89960116,468.60577,239.42197,0.7176647,486.23438,260.8484,0.9882669,472.16223,260.9989,0.9815011,486.78375,290.07004,0.98297864,474.25537,290.0975,0.969467,486.73157,318.2056,0.96676695,476.07446,317.24707,0.9484824
0.0,0.0,0.34828076,0.0,0.0,0.34973308,0.0,0.0,0.14910956,410.165,215.48318,0.72817886,0.0,0.0,0.29165536,407.8671,230.68315,0.96402097,424.23822,228.85161,0.93151236,403.80118,250.25023,0.84440255,432.57446,245.6658,0.579546,400.75946,263.06552,0.68145627,0.0,0.0,0.42651406,413.53018,266.78683,0.9749097,423.74744,265.9729,0.9647838,413.53412,296.78674,0.9617513,421.7466,296.34866,0.9394201,418.89642,327.3992,0.94514906,422.36536,325.91107,0.92282027
0.0,0.0,0.11327353,0.0,0.0,0.10760623,0.0,0.0,0.04561708,645.6413,213.53232,0.5568745,0.0,0.0,0.22485843,641.6564,227.84294,0.9294978,661.57556,227.75359,0.86646384,633.9546,246.78198,0.78556156,664.302,246.78027,0.50293905,630.425,260.05814,0.57973164,0.0,0.0,0.3451529,644.29913,264.52444,0.97334903,657.14905,264.54416,0.9616548,645.6105,294.26764,0.9717036,654.6866,294.7966,0.9554225,647.73175,324.33597,0.95890355,652.9398,324.37845,0.9424988
0.0,0.0,0.32419258,0.0,0.0,0.2511084,0.0,0.0,0.23716164,0.0,0.0,0.3747517,0.0,0.0,0.3348867,521.6104,210.47874,0.84764427,527.224,209.87305,0.86199874,0.0,0.0,0.45761973,0.0,0.0,0.47799698,0.0,0.0,0.3158147,0.0,0.0,0.3278823,525.1019,254.62677,0.87519777,528.2551,254.54865,0.88067424,525.1683,291.24774,0.754043,527.22845,291.01584,0.7548731,526.9643,326.32047,0.64780194,527.0124,325.86316,0.648286
0.0,0.0,0.15025565,0.0,0.0,0.1604011,0.0,0.0,0.052630022,210.5095,215.60017,0.6055788,0.0,0.0,0.16850813,211.95357,229.65602,0.90295684,227.95605,227.7804,0.77777505,213.54918,249.23383,0.73777777,0.0,0.0,0.3507275,212.17699,263.21805,0.52008134,0.0,0.0,0.24202539,220.75221,263.22406,0.90235066,231.60616,262.54745,0.84908986,223.7442,288.70892,0.83506316,233.77094,288.21625,0.74458957,228.6639,313.70874,0.7526714,237.30281,311.69867,0.66928285
