0.0,0.0,0.061349884,0.0,0.0,0.035690036,0.0,0.0,0.035474103,800.67487,201.43193,0.55584574,821.71063,200.38002,0.60217005,792.4325,227.77974,0.9702472,832.12317,226.76073,0.98250186,782.59985,261.94974,0.8525586,843.07825,262.2937,0.9197174,785.1405,280.34244,0.59980154,851.1088,283.0638,0.7090534,804.6746,294.45786,0.99193794,828.3805,294.38724,0.9939038,811.1196,347.0386,0.9739742,822.95447,347.21478,0.9777998,817.861,398.53238,0.9245031,815.87775,398.02768,0.932419
0.0,0.0,0.11515497,0.0,0.0,0.06546358,0.0,0.0,0.057681814,303.50308,207.92455,0.5330303,321.45,207.54208,0.539955,295.20224,225.59764,0.9783691,330.35474,225.19319,0.9811513,281.87134,250.65085,0.92057943,339.5619,254.44786,0.92135274,279.24738,270.4342,0.78340816,337.8771,279.48447,0.7838333,301.40906,272.93936,0.9942222,323.02487,272.32172,0.9948624,306.3996,313.66797,0.9870775,318.0446,312.95236,0.9874692,310.20963,351.7113,0.9649849,313.82465,351.2287,0.9662045
0.0,0.0,0.14332254,0.0,0.0,0.06450255,0.0,0.0,0.10651254,0.0,0.0,0.4896282,398.26648,199.46245,0.71253806,373.7668,221.3643,0.97327423,404.47446,221.42264,0.9847928,367.5463,250.51244,0.8010085,412.87408,249.81892,0.8951688,366.6519,276.102,0.545617,414.19476,274.4762,0.6630265,379.1366,273.46127,0.9899188,398.8911,273.7802,0.9922272,377.4294,313.7904,0.97357595,395.41815,314.1926,0.97700185,377.84796,352.12408,0.9452023,391.66428,353.15518,0.9499293
0.0,0.0,0.14595637,0.0,0.0,0.18670568,0.0,0.0,0.038838338,739.96747,185.96848,0.9261311,0.0,0.0,0.44104037,729.7031,212.4823,0.9898403,774.24994,210.81938,0.9716556,717.2669,246.42738,0.9208677,782.2686,242.60207,0.59420264,720.65265,273.53784,0.65672743,0.0,0.0,0.27990064,735.9508,276.9687,0.9909231,764.14856,276.5157,0.98351914,738.61523,324.77542,0.97773176,758.42706,325.46112,0.9514901,748.4788,373.12057,0.94787806,759.6655,372.54587,0.90777016
0.0,0.0,0.3712071,0.0,0.0,0.10737461,0.0,0.0,0.3960998,0.0,0.0,0.3314869,527.6477,197.34659,0.91406316,503.19077,218.78528,0.97472316,532.90985,217.73125,0.99117416,497.11154,247.47894,0.67926085,541.37006,244.11365,0.9288898,0.0,0.0,0.44403237,539.1428,261.68448,0.7495627,508.32602,268.6736,0.98730785,527.7907,268.18744,0.99273586,514.01355,308.3593,0.97279334,527.4441,307.509,0.98406917,515.99725,347.11346,0.9463743,525.38776,347.49704,0.96297795
0.0,0.0,0.13525386,0.0,0.0,0.0982719,0.0,0.0,0.06557607,577.1013,215.49683,0.6053674,0.0,0.0,0.41925633,571.6774,235.34435,0.9550364,599.84235,234.68251,0.9452475,564.3594,260.96042,0.8230648,606.10956,258.57172,0.7437668,564.3255,278.82498,0.61152893,603.3651,276.9343,0.5164559,576.88196,280.3859,0.97972167,594.68,280.1398,0.9762487,578.4479,312.23026,0.96538293,590.56433,312.11237,0.9549318,584.8367,345.20596,0.93513376,591.1693,344.41815,0.92071533
0.0,0.0,0.10897898,0.0,0.0,0.056572523,0.0,0.0,0.08334162,0.0,0.0,0.38339671,464.7403,232.32423,0.59309137,446.47485,247.38728,0.9520237,470.28882,247.37975,0.9689645,441.35248,266.09332,0.7929693,475.12296,268.04257,0.88594854,440.79053,282.03635,0.58378965,476.7323,286.1465,0.70630616,450.61545,281.8501,0.9841471,465.57635,281.87625,0.9875519,455.50607,308.5394,0.9668031,463.09515,308.5621,0.9724506,458.321,332.86224,0.9391863,460.32785,333.0538,0.9463727
0.0,0.0,0.14709686,0.0,0.0,0.12859559,0.0,0.0,0.07016464,618.01135,230.38576,0.6450645,0.0,0.0,0.306554,615.09155,243.49022,0.96959573,632.8828,243.00912,0.9553914,610.1502,259.88748,0.8103842,638.02026,259.547,0.650432,607.9548,271.46194,0.5803324,0.0,0.0,0.41452622,616.81464,275.4845,0.9842009,628.002,275.18933,0.9809514,617.81744,300.5282,0.961555,625.6745,300.42584,0.95183957,621.18756,323.67908,0.92817056,624.8036,323.19376,0.91536367
0.0,0.0,0.26750204,0.0,0.0,0.21963829,0.0,0.0,0.17582682,0.0,0.0,0.48755932,0.0,0.0,0.3771032,211.31273,251.29071,0.95926815,222.72362,250.8806,0.9542492,205.68472,263.89597,0.80980265,226.2599,263.84225,0.7536362,204.75362,276.14603,0.68668103,223.86615,275.96567,0.62325346,214.57059,273.93127,0.98573446,221.00175,273.79727,0.9849471,214.5187,293.48386,0.97891015,218.94496,293.42596,0.97683775,215.6908,312.85577,0.96893334,218.65471,312.7968,0.9669599
0.0,0.0,0.059390534,0.0,0.0,0.039649144,0.0,0.0,0.039037727,0.0,0.0,0.35651362,0.0,0.0,0.33785525,418.01038,234.46893,0.87833595,439.24713,233.94453,0.88461596,414.78003,251.62268,0.53131276,444.9093,250.58348,0.5385983,0.0,0.0,0.30050832,0.0,0.0,0.29842928,421.6328,266.0722,0.94158375,436.38763,265.86267,0.94440174,420.28268,292.11954,0.88948184,436.27225,291.70496,0.89177614,419.94208,315.92264,0.83817565,435.49387,315.5535,0.8420297
179.61461,243.29575,0.76823217,181.36493,241.5147,0.7604948,178.95393,241.29683,0.5839949,185.45567,242.42743,0.70292544,0.0,0.0,0.28286898,191.04774,253.06412,0.98295194,176.36844,252.67673,0.9657059,198.29913,265.60364,0.91206396,174.3665,264.76514,0.7594697,198.16937,277.5781,0.84957445,173.86879,275.65335,0.6926902,186.73201,278.4393,0.98409015,177.6486,278.05038,0.9779439,185.79724,297.7487,0.9626166,177.0409,297.38303,0.9478887,185.5998,315.43262,0.9350466,177.66246,314.97824,0.9169021
