0.0,0.0,0.25759616,0.0,0.0,0.060345564,0.0,0.0,0.33248922,0.0,0.0,0.0795085,19.41791,145.89441,0.7050286,0.0,0.0,0.44364068,25.82274,183.90656,0.8578216,0.0,0.0,0.1896901,51.000557,240.71646,0.7910029,0.0,0.0,0.2095915,54.401436,277.9935,0.6888524,2.915227,283.1902,0.5463795,19.839205,283.7365,0.7633475,0.0,0.0,0.4559603,16.636923,355.01926,0.6945966,0.0,0.0,0.2931143,0.0,0.0,0.43035793
0.0,0.0,0.12550816,0.0,0.0,0.0524855,0.0,0.0,0.080983885,243.53146,201.00133,0.51986825,263.21994,201.99359,0.7460842,232.20374,223.42908,0.9807601,272.306,225.46933,0.9889346,218.76974,252.7012,0.868501,285.92267,258.6972,0.93657434,214.62663,272.5543,0.6521705,283.68365,280.81894,0.7683824,235.93085,287.66452,0.9934691,261.0023,288.16968,0.9953434,236.35185,330.60498,0.9808888,255.72517,331.05823,0.98528856,242.54462,374.1116,0.94586444,254.09169,375.5309,0.9553665
118.41835,175.52159,0.9424145,124.02336,171.86768,0.85169137,114.69891,171.57303,0.9017073,133.89226,176.19058,0.6201369,111.30963,175.077,0.74735373,144.87944,202.19669,0.9667963,105.857704,200.87138,0.9891992,148.86955,232.38594,0.85867155,96.784744,232.76552,0.9628981,128.98666,249.15427,0.8091547,90.904785,263.42084,0.92619514,138.57294,268.1967,0.9858052,110.605965,266.13733,0.9917699,139.90594,320.20044,0.9751873,100.8416,317.4274,0.98639476,135.4533,368.8069,0.9431411,96.87301,370.0298,0.9625624
0.0,0.0,0.08531984,0.0,0.0,0.045544285,0.0,0.0,0.06064578,0.0,0.0,0.38296297,689.41284,198.28566,0.53425246,669.78,215.77286,0.9408995,696.59,215.20981,0.96794796,666.7984,238.69685,0.72117555,704.1527,237.87885,0.86847943,0.0,0.0,0.4682394,707.0054,260.30252,0.6374734,676.58417,257.7923,0.9819962,693.38885,257.96667,0.9869752,681.12286,290.4864,0.95872533,691.5053,290.6808,0.96772575,686.34937,321.83728,0.92740834,689.7079,321.68738,0.9385396
0.0,0.0,0.11787712,0.0,0.0,0.05184937,0.0,0.0,0.092922054,508.7254,190.28198,0.56417894,525.2454,190.1357,0.7912847,494.93112,215.6876,0.9743779,531.7587,214.10538,0.97685367,484.23654,249.16096,0.75137573,539.36646,242.58215,0.7687396,0.0,0.0,0.42942566,0.0,0.0,0.42743105,501.7995,273.563,0.990902,526.90533,273.71637,0.9907761,504.74255,318.46198,0.98640233,530.93787,318.96686,0.98442495,504.28232,359.67783,0.9751652,529.3365,360.81635,0.97180647
0.0,0.0,0.14771935,0.0,0.0,0.100209184,0.0,0.0,0.0861352,641.27466,209.54404,0.557921,653.75195,209.82251,0.52419955,633.3825,227.74077,0.958985,660.24493,228.8183,0.95766324,623.2804,248.02948,0.7993344,666.8823,251.6364,0.78226817,621.0156,266.61993,0.57622886,667.0225,271.06512,0.56001955,636.51807,270.42798,0.9864036,653.3324,270.9242,0.98625934,636.8171,302.09952,0.9819047,649.0613,302.8479,0.9801869,640.6848,333.44678,0.9741684,648.0757,334.28366,0.9722588
0.0,0.0,0.028793585,0.0,0.0,0.014375754,0.0,0.0,0.019640658,0.0,0.0,0.3585545,315.58133,189.88048,0.53904605,289.66162,213.9475,0.8890415,326.54712,212.24281,0.92954016,287.02374,247.69838,0.5662012,338.6587,243.54454,0.7385088,0.0,0.0,0.2917476,0.0,0.0,0.41728228,300.52612,274.28262,0.97959423,326.87726,273.99948,0.9846793,298.8296,320.1233,0.9786067,332.81323,319.75095,0.9823247,297.7993,370.8588,0.968652,336.43185,369.96188,0.9724461
0.0,0.0,0.12549014,0.0,0.0,0.06732426,0.0,0.0,0.077700324,0.0,0.0,0.43345103,489.50534,181.35396,0.52474993,463.9045,203.13419,0.9307325,495.78564,203.78055,0.9051761,455.9344,233.85527,0.5974645,0.0,0.0,0.4685967,0.0,0.0,0.32046923,0.0,0.0,0.23741616,465.50803,262.32507,0.9650688,486.6614,262.58612,0.95750886,467.5437,306.5615,0.94935286,485.5837,307.15982,0.93598956,470.26987,347.92282,0.9210166,482.13232,349.34824,0.9062581
547.80927,202.50572,0.7686979,549.85675,200.17325,0.7412542,546.40356,200.22717,0.5411267,554.35486,202.1352,0.7223844,0.0,0.0,0.32836205,560.3375,218.33174,0.97258973,545.6138,218.45927,0.9370378,563.947,235.99794,0.8658064,547.815,236.7434,0.54844636,551.3086,221.42995,0.7823857,0.0,0.0,0.48701686,555.88025,256.43997,0.9712606,546.944,256.20682,0.9530618,553.8593,285.91495,0.96096826,548.767,285.76917,0.92985594,556.5442,317.00293,0.9362473,554.7481,316.03693,0.9018964
0.0,0.0,0.27391988,0.0,0.0,0.22027029,0.0,0.0,0.19791616,0.0,0.0,0.47305188,0.0,0.0,0.3704904,411.109,221.8348,0.9475667,418.26712,221.56479,0.9411632,402.26056,239.31326,0.7229164,414.20386,238.0952,0.66882193,398.12802,251.38936,0.5349116,0.0,0.0,0.4883198,410.12274,256.07626,0.9765387,413.958,255.92433,0.9745544,409.80518,282.69617,0.9549752,412.81372,282.68893,0.9505914,410.23114,308.15533,0.9259588,411.4898,308.04453,0.92083097
0.0,0.0,0.4860165,0.0,0.0,0.39478543,0.0,0.0,0.32817933,0.0,0.0,0.4321033,0.0,0.0,0.31432953,168.57307,214.64507,0.8942382,155.68623,215.36484,0.8863147,171.83215,236.66838,0.679255,156.37994,237.62012,0.64022267,165.14616,246.17381,0.56399477,158.0641,245.04463,0.5312854,166.97977,257.2731,0.9341814,158.27853,257.4245,0.93263125,165.12831,294.81335,0.90387714,154.70729,294.92102,0.8964897,169.3528,330.62054,0.85017735,156.44919,330.17188,0.8423848
814.5694,231.63342,0.6409687,0.0,0.0,0.41323957,813.4533,229.94669,0.5820777,0.0,0.0,0.27270958,809.9995,230.99478,0.5703848,814.9939,240.49562,0.93400335,804.1485,240.15283,0.96384555,816.5206,251.57916,0.7250851,796.4841,251.43921,0.8751495,816.51013,261.1706,0.66403574,794.9639,261.9947,0.8025073,810.2737,263.24252,0.9685969,803.75916,263.27145,0.9770608,810.4082,280.95084,0.9522325,804.1105,281.10907,0.9638803,809.0611,297.4856,0.93487924,802.4893,298.06516,0.9469123
203.26038,200.18074,0.7754052,205.8657,197.35141,0.56589055,200.70168,197.12106,0.7701465,0.0,0.0,0.2811553,195.43086,198.73978,0.6822301,211.24161,217.83461,0.8736245,187.60385,216.76006,0.9514202,0.0,0.0,0.39284995,182.1303,238.72032,0.7891684,0.0,0.0,0.34733176,188.90166,251.995,0.66353655,203.95961,261.08054,0.88531643,188.54567,260.54883,0.9335097,198.58113,296.90857,0.83017796,183.69405,296.2366,0.89752644,196.33403,330.34265,0.7839841,182.59024,329.59952,0.8479514
