0.0,0.0,0.13624847,0.0,0.0,0.07581137,0.0,0.0,0.08160959,742.22656,206.1696,0.5189655,758.539,206.00392,0.57570827,735.8365,223.53679,0.9769718,765.615,223.11104,0.98833126,727.9545,248.19618,0.90061563,774.94604,245.8653,0.95249933,727.2014,269.2065,0.7545547,773.53735,265.86182,0.84082663,743.7851,268.5897,0.99287593,761.9114,268.71008,0.994962,748.6944,302.05325,0.9774785,756.9464,302.1385,0.98178285,754.10614,332.93372,0.94293326,753.22845,332.8301,0.9507707
0.0,0.0,0.13434185,0.0,0.0,0.095828295,0.0,0.0,0.071491554,475.45544,216.65787,0.7345825,489.89557,216.49152,0.6387652,466.58514,232.86308,0.9864478,498.16806,233.28703,0.9883283,457.97556,253.40445,0.91109496,507.20166,255.51584,0.9079945,458.5192,270.0312,0.71295303,506.45612,273.17764,0.6971221,469.47507,276.1137,0.9929234,490.42264,276.29047,0.99351996,466.78888,309.05496,0.97488326,489.3125,309.5864,0.97331953,467.83405,339.69135,0.9412709,490.42783,340.18582,0.938167
656.56384,184.76016,0.95461875,659.9475,181.59833,0.8733746,653.41547,180.71451,0.9393756,0.0,0.0,0.4854889,645.54517,182.39098,0.81394476,667.3226,203.20464,0.98735493,634.13116,206.06999,0.99575835,683.4125,217.73395,0.92328316,621.7625,237.12117,0.9793835,671.34094,209.50038,0.90360266,614.2964,263.43707,0.95778024,661.6637,260.89,0.99327034,640.4428,262.19025,0.99597067,662.35657,303.67233,0.9793575,643.4807,304.6153,0.9857561,666.19586,342.34457,0.9364282,650.24176,343.89337,0.9516397
252.0209,176.34575,0.9368735,256.39575,172.4765,0.89241344,248.58112,172.44168,0.88338107,263.40906,175.00053,0.6578275,243.08228,174.9511,0.60148346,272.88458,197.35599,0.982819,234.49202,198.55737,0.98757535,280.7436,223.28043,0.90875536,225.28436,225.9278,0.929659,270.30243,222.72862,0.8682369,232.03635,227.87823,0.88664645,265.9224,258.1811,0.99041396,241.73782,258.71597,0.9920047,261.86636,308.1736,0.98457265,243.93568,308.4322,0.9852248,258.86667,355.14993,0.9598435,248.75061,354.7869,0.96042013
0.0,0.0,0.10582739,0.0,0.0,0.04653244,0.0,0.0,0.0776847,0.0,0.0,0.4651179,381.91736,181.17915,0.6813893,349.12714,201.75676,0.97266036,385.44254,204.75946,0.9877702,334.83456,236.73273,0.8364946,391.84625,237.11145,0.93938124,333.1648,264.22134,0.6134801,393.83572,256.20547,0.768067,353.2434,266.5718,0.9927596,375.7199,268.4515,0.9951841,352.64874,315.7067,0.9751237,370.43106,317.71378,0.9809647,354.46335,361.02206,0.9312102,363.85498,364.2405,0.94302595
56.16051,190.31607,0.9348848,60.883743,186.41388,0.91708505,53.16668,186.98767,0.7869315,71.05001,188.74959,0.8381237,0.0,0.0,0.42355314,85.06175,211.51064,0.9916055,48.017,213.45393,0.96352494,99.78214,239.66862,0.97038054,37.30293,235.22807,0.8200558,81.85329,238.23135,0.93676364,47.214108,216.54993,0.77276766,78.45165,269.70657,0.993983,54.89016,270.18988,0.9871242,76.57982,327.23,0.9913687,61.347534,328.46298,0.9828876,81.10302,379.1718,0.97588056,72.71917,378.04822,0.96391267
0.0,0.0,0.09367037,0.0,0.0,0.056779128,0.0,0.0,0.05401761,152.51942,204.82097,0.5092831,0.0,0.0,0.49210346,144.58896,220.86536,0.9394736,172.66808,221.40085,0.94373465,139.51738,241.72075,0.731956,176.40782,241.10254,0.7438175,0.0,0.0,0.48264813,0.0,0.0,0.48309493,148.84892,264.78278,0.9783956,168.16547,265.3447,0.9784534,143.91747,299.9432,0.96410257,167.39113,300.62537,0.9599817,142.01466,333.10822,0.9356541,167.85776,333.51108,0.92982256
314.83502,197.99475,0.9128546,319.03577,195.0739,0.87098026,312.89896,194.51367,0.83307105,325.94452,197.50827,0.6982206,309.3357,196.01738,0.55765176,331.48938,215.9705,0.98139006,300.35428,214.2822,0.9839716,331.48,239.00098,0.90651983,290.89426,235.22078,0.8993528,317.15118,237.22768,0.86062527,299.6942,234.2626,0.84508026,323.27478,265.22733,0.982343,303.0392,264.38724,0.98342645,320.14038,304.658,0.960994,301.95154,303.64835,0.95792264,319.56088,341.01672,0.90314513,307.02444,339.1334,0.89704984
0.0,0.0,0.062095843,0.0,0.0,0.03717423,0.0,0.0,0.04173334,0.0,0.0,0.32629728,0.0,0.0,0.3894067,509.16568,216.66591,0.8843363,528.62134,216.39496,0.90623355,504.00803,238.12863,0.6352687,537.58905,235.6374,0.7171567,0.0,0.0,0.42065492,0.0,0.0,0.48902366,514.59766,259.50046,0.9740918,527.9057,259.6125,0.9775407,513.2954,295.66022,0.9678632,528.77625,295.81192,0.9703241,512.60425,331.2032,0.9523517,528.0999,331.11636,0.9546863
0.0,0.0,0.30354968,0.0,0.0,0.15762354,0.0,0.0,0.23932157,0.0,0.0,0.25421202,0.0,0.0,0.45458215,190.64897,221.03381,0.8881017,194.56648,220.68602,0.9062316,184.96658,241.67769,0.611542,192.0017,241.62975,0.683937,0.0,0.0,0.4828075,198.37956,251.66914,0.53106207,187.25542,260.91943,0.94463676,189.90778,261.1475,0.94913286,185.39749,295.4623,0.9138287,188.73549,295.86404,0.91749465,184.56143,326.3781,0.86054003,186.41205,327.36377,0.8644301
