0.0,0.0,0.4142937,0.0,0.0,0.07780655,0.0,0.0,0.48997602,0.0,0.0,0.14476392,277.80972,178.08311,0.8624223,244.82042,202.87296,0.86396265,271.8409,205.30853,0.9887313,241.70827,244.66946,0.5211203,280.3862,245.20853,0.9729276,0.0,0.0,0.4444131,301.7572,257.7343,0.90831286,246.81325,279.98532,0.9764266,268.87408,282.7268,0.9928302,241.6425,332.8502,0.9758232,290.25568,337.3171,0.9927235,219.9939,380.02255,0.95784223,293.64346,390.05066,0.9800806
0.0,0.0,0.068219565,0.0,0.0,0.04738649,0.0,0.0,0.03644257,364.96753,194.54512,0.62224466,383.22308,193.85138,0.565105,356.23544,215.49518,0.9749194,394.6173,214.38988,0.9792389,345.40738,242.0056,0.8585598,406.333,240.94717,0.8700715,344.46674,257.23956,0.597159,402.0287,256.32953,0.6132357,366.2119,269.49942,0.99174106,389.74765,269.2394,0.99257725,371.1803,311.68185,0.97723514,385.57065,311.83603,0.97702926,377.6986,353.66147,0.9484366,381.59692,353.29648,0.9477955
0.0,0.0,0.03783196,0.0,0.0,0.016560601,0.0,0.0,0.028562864,0.0,0.0,0.24059066,312.6341,206.27332,0.5027888,291.63574,226.5486,0.8765065,321.9761,226.18068,0.9423126,293.3276,254.71555,0.5381686,331.8417,255.72272,0.8329215,0.0,0.0,0.30453274,333.6119,269.64374,0.56925446,298.50522,280.80707,0.97292644,319.60477,280.7836,0.9833245,300.7293,321.22415,0.9488827,323.2959,321.04556,0.96768916,301.70706,360.15613,0.9096369,323.04755,359.31982,0.934597
0.0,0.0,0.20953123,0.0,0.0,0.06773935,0.0,0.0,0.19906054,0.0,0.0,0.40567902,579.1058,195.4857,0.85907096,553.9116,216.1999,0.9775978,583.3388,217.26749,0.99070954,544.73956,240.7886,0.81469303,588.622,244.7827,0.9453893,549.3946,246.3421,0.5970362,588.7332,254.03654,0.79786557,560.5077,270.28018,0.99486405,581.3866,271.04306,0.99674594,562.08026,312.82114,0.99081916,587.7418,313.11374,0.9935353,561.8628,353.59302,0.9810495,591.2479,354.67416,0.9851187
0.0,0.0,0.15349492,0.0,0.0,0.08873248,0.0,0.0,0.093585394,0.0,0.0,0.46258608,693.0658,202.43497,0.53454673,674.9108,217.81628,0.96447355,699.0606,216.76859,0.9715313,670.7181,237.02022,0.8244066,704.23737,235.99911,0.85808843,671.85394,252.00992,0.6244311,702.5622,251.40472,0.66683096,680.71106,253.48637,0.9872426,696.5808,253.13765,0.98905784,683.09845,282.02463,0.97341794,695.49426,281.74838,0.9754226,686.02954,309.90274,0.9511654,695.9761,309.60464,0.95369494
0.0,0.0,0.12412809,0.0,0.0,0.07198429,0.0,0.0,0.072697274,0.0,0.0,0.49775285,167.88954,206.02393,0.5080036,146.0654,221.1919,0.9475423,172.20734,221.75253,0.94882506,137.54462,241.84161,0.7136231,172.73781,241.89107,0.69548994,0.0,0.0,0.45780888,0.0,0.0,0.42872152,150.90945,264.67776,0.9767709,168.93242,265.2955,0.9758807,144.41577,300.16364,0.95875,165.81615,300.948,0.9518608,140.8539,334.38602,0.9289095,163.0183,335.11838,0.9201545
513.6624,199.52925,0.86669594,516.2477,197.04135,0.7688506,511.26114,197.06187,0.8021717,520.58374,200.45287,0.5256427,506.64844,200.43726,0.60130775,526.6191,216.85944,0.9676715,500.6484,217.41203,0.97425747,531.5791,231.60416,0.8454539,495.9301,232.71437,0.8842464,523.2324,221.4337,0.78417665,503.9012,222.27036,0.8239951,523.0768,256.9838,0.979146,505.2269,257.35544,0.98165095,528.1543,289.63968,0.9668928,506.1639,289.89343,0.96920085,530.52875,319.60474,0.94672114,505.75848,319.43796,0.94901294
448.8716,202.44159,0.8513081,450.27814,200.20914,0.638513,446.6013,199.82083,0.8379362,0.0,0.0,0.3239601,440.42044,200.58707,0.77715343,452.99075,216.47891,0.9609324,433.13232,215.46848,0.98700106,456.5069,233.1287,0.7236694,426.73132,234.44861,0.93661976,452.28772,242.73792,0.6629268,426.72754,251.74118,0.87468183,449.96985,254.31375,0.9759243,437.45084,254.13712,0.9865602,449.66284,283.6804,0.95403254,438.25204,283.37265,0.97291315,451.0149,311.00565,0.9194708,440.02222,310.85287,0.94467616
0.0,0.0,0.17571855,0.0,0.0,0.19612734,0.0,0.0,0.056317803,643.3222,215.71985,0.7474053,0.0,0.0,0.20995265,639.6172,230.24649,0.9655254,660.0986,230.13022,0.9032725,631.2999,248.64864,0.8860228,0.0,0.0,0.49670857,628.3868,261.7292,0.7158627,0.0,0.0,0.34163633,640.2079,266.19476,0.98161054,653.42816,266.11386,0.96536684,642.33813,294.61966,0.9758816,650.82043,295.20056,0.9478609,646.6228,323.5012,0.95928824,651.79974,323.27472,0.92783374
0.0,0.0,0.3867793,0.0,0.0,0.24575244,0.0,0.0,0.3627938,0.0,0.0,0.2115172,0.0,0.0,0.44204834,490.81595,224.00572,0.8545712,485.1469,223.98402,0.8957386,488.5072,240.55533,0.525795,479.85547,240.30743,0.7016016,0.0,0.0,0.45633364,483.27032,247.06508,0.60260177,491.46707,258.52823,0.9455489,488.18558,258.91052,0.95468,493.09076,287.41486,0.9318219,490.44354,287.4935,0.94373816,494.05536,314.12878,0.89341754,490.9878,314.4791,0.9074472
