0.0,0.0,0.48751158,0.0,0.0,0.12918502,0.0,0.0,0.44178826,0.0,0.0,0.31814757,122.602036,144.3958,0.8775095,79.047226,177.83086,0.95733887,127.72868,182.5025,0.9887543,63.908413,233.00574,0.8244269,142.0696,233.19376,0.96643895,62.228653,276.11417,0.72418916,132.02342,263.20862,0.9136681,85.84662,274.53653,0.9925687,113.314186,276.76086,0.9961618,107.90384,344.35593,0.9896745,101.72641,349.81717,0.99476564,114.36062,409.2196,0.97177833,74.8886,417.28677,0.9813256
0.0,0.0,0.11561327,0.0,0.0,0.04697383,0.0,0.0,0.06468123,0.0,0.0,0.43962926,357.31067,209.8485,0.63650495,329.70425,228.72305,0.97289735,365.53574,229.15932,0.9802342,317.4104,254.54802,0.86633503,374.51328,257.85904,0.90913373,315.30692,274.10565,0.6838057,372.38013,279.19333,0.74504715,336.19632,281.53726,0.99140924,360.41925,281.32718,0.9932373,334.60236,320.32523,0.9762654,363.68756,319.8161,0.9801789,335.20547,353.94937,0.93808454,367.0329,354.0832,0.94657624
0.0,0.0,0.15892585,0.0,0.0,0.08743147,0.0,0.0,0.104419895,599.06433,195.98802,0.5878742,614.0878,195.95482,0.66692495,592.769,216.71986,0.97756106,623.4102,216.69954,0.98885125,585.7845,244.11555,0.8823922,631.62177,244.26398,0.94965774,588.83344,260.8213,0.7143067,633.1052,264.83624,0.8254656,596.5263,264.56335,0.99349046,616.2519,264.54678,0.9953816,602.0904,301.37314,0.9849006,615.79803,301.24252,0.9878599,603.06305,336.09473,0.96442044,610.93243,335.5553,0.96928585
0.0,0.0,0.43019867,0.0,0.0,0.15383346,0.0,0.0,0.30219728,0.0,0.0,0.41141376,437.58136,182.30309,0.70983267,408.50177,208.29259,0.9606381,446.40045,207.1266,0.98026925,400.60062,244.16872,0.87341577,466.83173,233.7496,0.9519312,402.81348,264.25543,0.78523225,473.4078,238.58353,0.89333767,416.21393,275.4787,0.98792404,438.87045,275.12265,0.9917705,419.8839,320.46722,0.97611713,432.0142,322.0057,0.98457193,421.9969,365.18134,0.9352255,425.12347,368.91275,0.95080495
550.0283,203.33008,0.89679146,552.2806,200.72267,0.78757846,547.7128,200.87862,0.85336465,555.9347,202.28046,0.51974934,544.5565,202.42558,0.7220957,560.6229,218.24791,0.9788553,540.18085,218.60313,0.99060035,565.5204,237.19058,0.84607005,532.96875,237.58221,0.9443924,569.2793,256.46274,0.7848192,531.53754,255.54865,0.8919936,559.42474,258.038,0.98501784,547.2198,258.46533,0.99034286,559.1392,288.2587,0.966653,550.855,288.45483,0.9767718,558.0718,316.7539,0.93322736,551.57367,316.68256,0.9486522
0.0,0.0,0.08573346,0.0,0.0,0.053138457,0.0,0.0,0.053869244,0.0,0.0,0.49705893,703.5326,203.99008,0.53087276,683.3352,218.9939,0.9682275,709.3678,219.17528,0.9745841,674.0682,236.16852,0.852917,714.80396,239.68286,0.87374496,674.4345,251.08986,0.6381189,715.75885,258.34525,0.664987,688.18274,254.59958,0.99135065,704.88403,254.84091,0.99232566,690.5451,281.47638,0.98281,703.56396,281.8743,0.98292494,692.5897,308.61444,0.969481,702.34247,308.9945,0.96929485
0.0,0.0,0.06742702,0.0,0.0,0.067425005,0.0,0.0,0.023708602,154.88336,203.1287,0.5757687,0.0,0.0,0.19243944,151.67276,219.84407,0.9263811,173.85205,220.1941,0.8444231,147.0486,242.94633,0.7870877,0.0,0.0,0.45212504,142.91904,256.9744,0.54858893,0.0,0.0,0.28300792,152.16156,263.9344,0.97627753,167.7694,263.9306,0.9634889,147.8411,299.71536,0.97315264,166.64415,300.37024,0.95394564,145.61874,335.6918,0.9566758,166.13809,335.88297,0.9356574
304.5711,211.15384,0.65700567,307.05222,207.99867,0.5637172,0.0,0.0,0.49599615,0.0,0.0,0.48726737,0.0,0.0,0.36762172,317.02075,225.92851,0.9269383,300.42798,226.29546,0.9324335,316.12787,248.38046,0.7428776,296.66272,249.2995,0.74220544,310.59998,266.95667,0.6624544,298.2677,268.2809,0.65841585,313.27615,269.09262,0.9681769,303.03226,269.1478,0.9698579,313.43375,303.30975,0.96871746,304.4583,303.28143,0.96766895,316.12112,336.546,0.9621261,306.24274,335.76117,0.9609805
0.0,0.0,0.19001107,0.0,0.0,0.07513242,0.0,0.0,0.18924825,0.0,0.0,0.15123835,646.7632,209.05124,0.53905165,639.1122,222.32837,0.7915725,647.58234,222.35875,0.8980731,0.0,0.0,0.4070255,652.3003,239.4706,0.7637462,0.0,0.0,0.31507632,655.9062,255.61417,0.59584814,641.3487,256.55185,0.91433793,646.9782,256.58594,0.94592315,640.6851,283.29208,0.8869244,644.4789,282.96075,0.92894024,643.9044,308.48138,0.8637907,644.8141,308.5755,0.9022969
0.0,0.0,0.1621742,0.0,0.0,0.17635216,0.0,0.0,0.050170943,212.63252,214.54921,0.714745,0.0,0.0,0.22463873,211.01793,229.3689,0.95155853,232.75882,227.76936,0.8766337,205.38765,249.37708,0.83192915,0.0,0.0,0.43942744,204.79724,257.07236,0.60679156,0.0,0.0,0.28255975,221.81941,266.20605,0.9463775,237.01857,265.83316,0.91313165,225.52235,290.40244,0.88696903,242.38188,290.3744,0.8104094,228.03156,318.7181,0.80501026,245.72531,317.0937,0.72691303
483.78494,208.50067,0.61101246,485.9478,205.63243,0.6228039,0.0,0.0,0.33171326,491.50467,206.67557,0.6524875,0.0,0.0,0.16839589,497.1958,221.0491,0.93967277,483.78262,222.08186,0.8327851,501.81015,241.30704,0.8045725,0.0,0.0,0.35435364,495.58545,254.15942,0.69147134,0.0,0.0,0.32582977,496.8677,258.83286,0.95114976,488.5753,259.34607,0.91462034,496.1944,291.9475,0.9462253,490.2838,292.66467,0.89658713,502.47217,325.61258,0.9291072,498.76318,325.63342,0.8838087
