0.0,0.0,0.06655582,0.0,0.0,0.028562563,0.0,0.0,0.04782998,266.41278,170.36525,0.5829818,286.93674,171.09052,0.78154916,252.78441,195.47496,0.9889032,295.07346,196.61047,0.99509263,235.48145,231.3703,0.9445533,308.30734,232.35605,0.97789735,232.7917,264.5347,0.8058087,313.0798,262.9648,0.8827639,259.56342,263.87796,0.9978421,286.27097,264.57962,0.9985734,259.5301,311.90674,0.99151516,283.1357,312.61703,0.99327576,260.8723,357.49078,0.968783,279.15277,359.27582,0.9735084
603.86426,113.0914,0.9803884,607.74115,106.77676,0.872282,596.2085,106.93362,0.9694744,0.0,0.0,0.4204071,579.4155,115.30427,0.9094594,616.47235,163.33386,0.9843254,562.5597,164.88765,0.997707,627.9283,222.50993,0.9251746,548.1175,231.0545,0.99278134,637.6977,269.35532,0.910728,553.5144,287.75726,0.9850116,617.01526,273.70575,0.99630153,578.5753,275.1564,0.99849343,630.2299,358.5007,0.9926131,577.1064,357.45462,0.99704736,636.702,440.1513,0.9690795,565.70325,437.7876,0.9830914
726.00433,148.34543,0.972667,732.4797,144.53749,0.842101,720.183,143.21155,0.9629322,0.0,0.0,0.44819415,706.6564,146.21225,0.90693575,742.11334,183.14694,0.9848396,688.5189,184.50876,0.9983987,760.7625,213.92337,0.8972017,671.6563,226.01195,0.9936939,746.7488,190.42021,0.8554247,685.3186,207.14662,0.9815347,728.69507,274.08707,0.9973273,700.35815,275.71228,0.9990615,708.20087,347.05353,0.9964875,725.1894,356.22653,0.99886847,669.43585,410.85593,0.98827446,739.4944,430.53625,0.99436414
0.0,0.0,0.14339626,0.0,0.0,0.082740866,0.0,0.0,0.11243154,75.78821,214.78003,0.53975177,86.7935,215.34625,0.6261527,69.35399,226.46852,0.9836178,91.53576,227.3923,0.98552716,62.127117,241.7217,0.8389346,96.36526,242.7655,0.881792,61.959938,252.87735,0.60739213,95.15021,254.02112,0.6679013,71.55749,256.17706,0.990186,85.90367,256.51828,0.9908823,71.47955,279.39618,0.9673932,84.81574,279.5895,0.97047454,71.142685,300.4619,0.9353889,82.66867,300.84558,0.9402129
0.0,0.0,0.1334264,0.0,0.0,0.0715483,0.0,0.0,0.13236177,0.0,0.0,0.36939698,168.48166,211.51741,0.6347658,152.69124,222.90479,0.96719587,171.58319,223.80795,0.9764398,145.38182,239.64273,0.76172906,175.5111,240.59846,0.87880373,145.66142,253.5385,0.53513473,175.21204,254.9077,0.68338084,154.30612,254.42514,0.9856414,166.35674,254.72118,0.98806983,156.31374,279.51416,0.9569446,165.37827,279.69278,0.9656005,156.09427,301.69186,0.91530037,162.67407,302.1989,0.9285327
389.86963,170.74811,0.8562265,392.49597,167.19975,0.5499963,386.51962,167.12483,0.82024384,0.0,0.0,0.32728565,377.65204,169.74,0.7955421,395.59927,192.76736,0.9530732,366.337,193.38187,0.990589,400.99557,218.85922,0.82612795,364.16592,220.64532,0.9768868,401.81213,210.75519,0.78068024,388.91193,209.46642,0.9496384,393.41168,254.55215,0.9881599,373.56516,255.73355,0.99440646,388.31323,303.75616,0.9792108,375.84415,307.7207,0.9909019,374.912,344.19888,0.948008,373.87772,351.30765,0.969737
0.0,0.0,0.098139994,0.0,0.0,0.046965655,0.0,0.0,0.09788992,0.0,0.0,0.3639359,129.08432,216.25136,0.6778023,111.01841,226.94292,0.97242415,133.24117,227.66122,0.98212457,104.84329,242.32014,0.7597652,138.68947,242.90166,0.89818424,106.56265,253.38873,0.50858074,139.57137,254.42465,0.6926079,114.367584,256.51422,0.98797834,129.04614,256.844,0.9905786,116.291405,280.36182,0.9662199,128.49687,280.33554,0.97471184,116.13528,302.37967,0.94002235,126.09386,302.759,0.95201707
437.1254,204.00179,0.9158089,440.47208,201.2369,0.8769807,434.91516,200.94649,0.84132725,445.66248,204.07475,0.6964485,431.28897,203.16368,0.56550545,451.42923,222.91013,0.9837773,424.21716,221.90639,0.98320293,458.08612,244.54642,0.92118824,417.06876,241.70494,0.89452153,459.04248,255.46356,0.87916464,423.30963,247.72192,0.8446201,445.43512,265.9931,0.98762274,428.33044,265.7049,0.98729753,443.8749,300.5103,0.97873974,429.3862,300.22263,0.97550553,441.07617,334.16898,0.95721954,429.2486,333.3853,0.95236564
0.0,0.0,0.4488043,0.0,0.0,0.3444235,0.0,0.0,0.30936992,0.0,0.0,0.3865114,0.0,0.0,0.29426852,770.09094,229.11838,0.9110223,757.9361,227.84737,0.866876,776.3142,243.34653,0.7381193,763.2484,240.15678,0.57195354,773.069,234.02983,0.6464273,771.9127,225.64572,0.50021464,764.14197,269.17032,0.96147686,756.38696,268.71616,0.9503564,760.38885,302.03967,0.95937115,758.19135,302.00568,0.94500554,759.43726,333.83234,0.9386929,757.7953,333.6141,0.92281604
0.0,0.0,0.17352045,0.0,0.0,0.1273432,0.0,0.0,0.10556468,0.0,0.0,0.27730158,0.0,0.0,0.21767533,828.1014,218.14008,0.76756203,831.4999,218.98378,0.7427379,0.0,0.0,0.44967568,0.0,0.0,0.37964264,0.0,0.0,0.33033392,0.0,0.0,0.28162244,829.8077,257.93057,0.89370924,831.78754,258.68643,0.88588536,832.3274,291.7036,0.88974357,832.0892,292.52313,0.8758025,834.4664,324.87515,0.87944305,831.93414,325.47714,0.8686456
0.0,0.0,0.18105072,0.0,0.0,0.11202227,0.0,0.0,0.13661024,0.0,0.0,0.33688712,0.0,0.0,0.42328587,456.06012,214.638,0.9125688,473.73813,213.60095,0.9192301,457.417,236.48874,0.5820752,482.61853,234.37798,0.6525187,0.0,0.0,0.3999782,0.0,0.0,0.45058358,462.87668,252.79037,0.95679015,474.3834,252.40028,0.9589111,464.06036,283.42654,0.9212374,473.22995,282.63165,0.9269171,466.19568,312.23343,0.87361103,472.25616,311.758,0.88105845
0.0,0.0,0.48132205,779.59076,208.99435,0.5188874,0.0,0.0,0.22048001,785.9018,209.59174,0.62341195,0.0,0.0,0.09035506,794.37714,221.18114,0.92761564,783.26416,221.38364,0.81319314,804.1666,235.71948,0.8169889,0.0,0.0,0.38533595,799.33527,242.59927,0.7177902,0.0,0.0,0.36147654,792.98206,253.4534,0.9394523,786.3629,253.19626,0.9026435,792.42834,278.85117,0.88263935,786.8835,278.73743,0.8106972,795.36475,301.4287,0.78902334,790.8928,300.70816,0.7065831
