791.6365,147.21066,0.52879024,793.5805,141.55586,0.59294075,0.0,0.0,0.14971794,798.1438,143.63797,0.8805049,0.0,0.0,0.21844892,793.85205,174.70023,0.9839587,837.84937,172.50699,0.8298068,773.17566,220.59447,0.96001387,0.0,0.0,0.45772606,751.8798,254.16658,0.8827669,0.0,0.0,0.41775107,803.8221,261.1323,0.9790066,827.4009,260.42722,0.93458635,820.9618,322.57806,0.9595054,818.7056,326.36093,0.891234,844.06714,379.87366,0.87378293,810.62665,384.4028,0.7830203
0.0,0.0,0.14262117,0.0,0.0,0.065773904,0.0,0.0,0.10599608,126.82838,192.432,0.5396022,143.49826,192.792,0.73227507,117.36957,212.35915,0.9820816,150.42348,213.29015,0.9913663,107.35129,237.7725,0.888414,156.74487,239.94168,0.9530051,110.40007,254.25633,0.7177049,159.61522,259.38086,0.8254823,123.35015,261.72565,0.9960504,144.71101,262.18927,0.99723154,124.91291,298.7336,0.99200225,139.83682,298.91696,0.99343514,128.59595,334.48807,0.9822667,138.07034,335.0662,0.9843597
0.0,0.0,0.20535554,0.0,0.0,0.24294205,0.0,0.0,0.054685183,597.523,194.03441,0.913908,0.0,0.0,0.35858083,591.7924,213.31102,0.9937977,620.9484,211.96379,0.9842226,583.2326,241.89719,0.9714588,629.5378,234.61583,0.8028141,574.6374,264.3521,0.8835453,620.5515,249.31496,0.5813416,593.21906,258.9104,0.9970655,612.8973,258.45456,0.9948776,590.7083,296.90323,0.993848,614.20245,297.41235,0.9861945,594.866,336.11972,0.9853387,620.44165,335.89075,0.9729777
0.0,0.0,0.265656,0.0,0.0,0.087548085,0.0,0.0,0.24489966,0.0,0.0,0.37233812,97.45255,192.26474,0.8348218,70.418205,210.18353,0.9731469,101.097374,212.50392,0.98664176,60.719658,234.3326,0.75112706,106.79762,238.4042,0.90744257,61.010452,255.56912,0.5351492,109.95617,257.80173,0.72428125,72.89709,261.32053,0.9908155,92.86061,262.21082,0.9937457,71.4712,297.08185,0.9843991,87.8764,297.58307,0.9887693,75.3893,331.61865,0.97131604,87.66179,333.7779,0.97723424
290.1277,190.03383,0.948215,293.25888,186.7648,0.9074265,286.91693,186.91258,0.9056876,297.7177,189.77545,0.7163534,281.48273,190.01805,0.7019041,303.6521,211.5734,0.9917018,273.93457,212.54701,0.9935207,311.31934,236.3348,0.9503106,264.48935,238.87178,0.9533431,314.2047,261.92615,0.918528,266.76428,266.2187,0.9158903,298.67096,262.23703,0.99335915,280.06125,262.7589,0.99407035,297.03674,298.81567,0.9825586,280.41946,299.13046,0.98220557,296.1612,333.259,0.95364535,283.22644,333.63394,0.9527742
0.0,0.0,0.1228531,0.0,0.0,0.10241991,0.0,0.0,0.04509431,186.39548,188.78029,0.70777583,0.0,0.0,0.3581599,183.18495,208.52731,0.9667864,215.48357,207.29553,0.95415866,175.48642,234.37523,0.88274395,225.02672,232.55942,0.7793495,173.67737,253.72847,0.7059256,221.89317,255.60591,0.56835854,189.28783,257.82635,0.9891509,210.27754,256.88397,0.9866136,188.21588,294.53143,0.9832646,208.82086,293.61276,0.97665954,190.59695,332.76028,0.96816117,208.58755,330.47247,0.9594493
352.5972,199.50145,0.8883951,355.2061,196.78555,0.76922405,349.9965,196.61261,0.8545245,0.0,0.0,0.44619974,344.73206,199.20908,0.6901219,363.38345,217.26521,0.96880686,337.5121,218.06926,0.98460925,368.196,235.3786,0.82710326,328.83704,239.58641,0.9311922,361.75595,236.23021,0.7820983,330.02875,248.08093,0.8844661,357.73923,260.58975,0.98718053,341.6169,261.0457,0.99110126,355.94498,295.53314,0.9835986,343.69223,295.8918,0.9876155,351.05286,329.92993,0.97444737,342.508,330.27893,0.97905856
0.0,0.0,0.18570805,0.0,0.0,0.09169791,0.0,0.0,0.07011615,719.30194,162.54424,0.54538584,0.0,0.0,0.43571857,706.3201,188.58708,0.96577495,759.02673,188.79016,0.96626765,694.11115,225.31776,0.9099949,768.2699,225.76746,0.9017068,705.1216,243.6507,0.8083785,757.2549,248.63844,0.8021744,711.77954,262.79572,0.9951231,746.8303,263.532,0.9948837,709.9952,317.78195,0.99307185,743.6752,321.63773,0.9932636,709.90576,369.49777,0.97907317,742.1477,375.53485,0.98013526
0.0,0.0,0.18653458,0.0,0.0,0.071795635,0.0,0.0,0.08471019,0.0,0.0,0.4231943,0.0,0.0,0.49393007,404.1261,189.87221,0.9585767,450.28732,186.35481,0.972703,394.84796,228.17747,0.8973743,473.0697,216.68005,0.9384977,400.7822,244.00714,0.807379,483.23074,226.268,0.86668706,417.28406,260.44962,0.9954614,446.08005,260.05524,0.99616146,422.20908,314.5182,0.9940122,446.82108,313.36227,0.99529946,420.6017,370.3426,0.983108,442.9152,369.51758,0.9861812
252.85544,207.29561,0.842003,254.23843,205.36168,0.60118407,250.66154,204.69685,0.8416894,0.0,0.0,0.2851469,243.49237,205.48999,0.80306524,253.92723,221.09128,0.9518059,235.2416,218.79558,0.98307884,255.73384,234.33673,0.67176944,233.5598,233.30235,0.9227398,254.39534,233.76479,0.6201555,244.07239,235.23749,0.8577649,248.9316,255.25955,0.97057915,236.71812,254.61462,0.98351467,246.97694,283.63193,0.95384055,236.76744,283.09686,0.9734614,245.62094,310.70584,0.9298165,235.6757,310.44324,0.9527967
665.2578,207.39581,0.9002819,667.9781,204.47292,0.8275734,662.51575,204.89835,0.85522413,672.6495,206.17308,0.57763326,659.01,207.2629,0.6669918,678.9921,222.36517,0.96183,654.74805,224.69397,0.97567296,685.0875,241.11684,0.7649853,651.58887,245.00232,0.86278594,684.17786,257.6038,0.6904315,656.84656,260.06622,0.7816042,678.8979,260.4764,0.93860334,663.32983,261.9045,0.9527752,682.52716,289.22205,0.86163837,667.5397,290.2347,0.88816947,682.9488,314.90057,0.7718805,670.28735,315.6059,0.80238503
