0.0,0.0,0.18535534,0.0,0.0,0.08104371,0.0,0.0,0.04887183,407.41678,104.4495,0.73530203,444.8796,102.86882,0.5263105,397.47156,150.83835,0.9873656,464.67773,150.5075,0.983877,354.12332,211.46613,0.96777,490.93585,220.74113,0.954506,324.63782,250.00761,0.9053877,489.67056,276.541,0.89075595,416.00043,278.93588,0.99698704,454.20474,277.42047,0.99689204,419.94278,380.52866,0.9820473,430.27332,377.37027,0.98320985,435.94022,457.98227,0.85294235,416.64322,456.35916,0.8633107
0.0,0.0,0.20225506,0.0,0.0,0.080009416,0.0,0.0,0.18954632,0.0,0.0,0.3963855,87.452774,207.62332,0.79513973,66.92942,223.74255,0.96805096,92.01484,223.58862,0.98513466,61.644615,244.28941,0.7617577,97.60089,244.09413,0.9178352,63.29417,260.08844,0.5387227,98.74409,260.3986,0.7432766,70.72893,262.3823,0.9876694,87.252464,262.39713,0.9916918,71.447014,291.79187,0.97476906,84.0385,291.678,0.98169774,73.4241,319.3179,0.9536603,83.36471,319.91507,0.96263176
0.0,0.0,0.11582628,0.0,0.0,0.09510218,0.0,0.0,0.052716006,178.00708,198.78493,0.66054696,0.0,0.0,0.42876378,172.65157,215.71814,0.9782151,195.98663,216.20665,0.9777655,163.11577,235.2322,0.9168404,200.7427,238.65627,0.8903656,161.74217,251.23285,0.7682432,203.55658,257.271,0.72175133,173.9815,257.10876,0.9927636,188.44978,257.19666,0.9927685,174.37932,286.55252,0.98309267,184.01602,287.16016,0.9806027,175.68558,315.94397,0.96273154,181.41292,316.1383,0.958522
0.0,0.0,0.116086945,0.0,0.0,0.09710593,0.0,0.0,0.04514608,571.2946,173.20685,0.7806265,587.6732,172.50769,0.52856743,564.1667,196.48642,0.9875329,598.8734,195.84991,0.9866457,549.70215,226.08076,0.93717283,606.87396,227.3038,0.90424424,542.55255,251.43568,0.7740152,605.96466,254.01054,0.705623,571.7273,254.52922,0.99494755,593.57715,254.06996,0.99494463,572.81964,297.2655,0.98336524,591.3814,297.25137,0.98072994,576.3804,337.6915,0.9522996,590.33466,337.0764,0.94736326
0.0,0.0,0.15590402,0.0,0.0,0.05606494,0.0,0.0,0.1520067,0.0,0.0,0.33733973,129.20436,206.01157,0.78270984,110.33957,220.8863,0.9662014,134.1256,220.68265,0.98692733,104.6012,239.95116,0.7580486,139.74138,241.32529,0.93543583,107.31648,252.682,0.53573394,141.83533,257.59238,0.7800002,115.12704,259.51468,0.99041665,131.3343,259.45798,0.9941883,115.14427,288.30814,0.97916394,130.15376,287.96558,0.98634064,115.83721,315.21216,0.9618993,129.5099,315.34784,0.9715314
352.78436,171.1725,0.92537636,355.87677,166.67336,0.7266186,347.70847,166.7605,0.9520752,0.0,0.0,0.19847733,337.3205,168.89658,0.91280085,360.68924,196.63017,0.89500177,326.3211,196.63464,0.9908558,0.0,0.0,0.34934962,317.05847,231.39114,0.9664265,0.0,0.0,0.37298277,319.4785,268.09494,0.9200839,358.25912,259.3387,0.9474192,336.86102,260.18884,0.9863908,356.76703,308.97125,0.92582613,343.85693,309.45578,0.97926486,347.6649,355.5708,0.89728713,342.47855,356.42807,0.95940596
0.0,0.0,0.06339666,0.0,0.0,0.0628071,0.0,0.0,0.027625613,0.0,0.0,0.38130814,0.0,0.0,0.13754994,830.3862,213.1514,0.7467937,853.607,213.77086,0.54418397,821.3364,239.61667,0.52667964,0.0,0.0,0.18699883,0.0,0.0,0.31911418,0.0,0.0,0.12302497,834.7034,263.42297,0.78888595,849.7382,264.22934,0.69726163,841.0247,299.40497,0.7274162,848.23004,300.58942,0.6075147,845.5787,334.38028,0.65397197,845.59955,335.45422,0.5598782
0.0,0.0,0.22864793,0.0,0.0,0.18957525,0.0,0.0,0.06624085,712.481,167.19547,0.6572173,0.0,0.0,0.22310294,711.66895,192.64868,0.9712705,745.63513,188.07039,0.8989904,702.1269,227.09515,0.9408067,761.0114,222.20853,0.7394727,693.8049,251.36627,0.84476477,760.0252,243.25647,0.6351381,720.8041,254.8646,0.9918188,741.69385,252.63509,0.985137,726.1296,305.7604,0.9852122,739.1067,304.2618,0.97626173,730.2536,353.22778,0.95672023,734.7392,353.25122,0.9431854
0.0,0.0,0.092744716,0.0,0.0,0.097129196,0.0,0.0,0.030271722,535.9179,196.9388,0.69044966,0.0,0.0,0.21490203,529.813,213.70155,0.9456245,555.8152,214.67848,0.86050934,516.9345,236.90178,0.785359,0.0,0.0,0.34503472,0.0,0.0,0.4954221,0.0,0.0,0.18292546,534.43195,259.47736,0.96635413,551.35455,260.20273,0.9393925,534.7264,296.28455,0.93977296,552.8205,297.52698,0.8804168,540.9517,330.34848,0.90247685,556.1582,330.89542,0.8415595
306.66568,200.88628,0.77778673,0.0,0.0,0.46922487,304.5602,198.75366,0.8235512,0.0,0.0,0.18115352,299.6926,201.07236,0.8258604,308.80902,216.29654,0.86507106,294.15683,216.59651,0.97131425,0.0,0.0,0.28437838,289.80032,230.10721,0.8715732,0.0,0.0,0.27436677,293.02866,235.73967,0.76529014,306.01627,246.44687,0.92569864,296.7943,247.06525,0.9698118,302.1241,273.37744,0.9337878,296.5836,274.13388,0.9734012,296.64258,302.0912,0.9399032,291.42566,303.53656,0.969132
664.02014,206.3464,0.89912254,667.0978,203.36125,0.87430996,661.3686,203.69878,0.8062391,672.55695,205.1904,0.7336617,658.16425,206.16449,0.50877655,679.6759,222.05562,0.96702796,654.8274,223.3974,0.95701075,684.6086,243.01404,0.8099451,651.8303,243.84067,0.69915247,676.09686,258.5542,0.7010608,656.235,257.12524,0.59117776,676.34875,261.5801,0.885593,660.4006,262.1153,0.87241775,679.5953,287.70895,0.6714221,664.1824,287.94128,0.62901807,0.0,0.0,0.49381667,0.0,0.0,0.4594117
