0.0,0.0,0.21775506,0.0,0.0,0.19974908,0.0,0.0,0.04527737,346.3382,115.40469,0.84039307,0.0,0.0,0.22933675,335.22775,153.33652,0.9854997,395.93906,156.18933,0.92079526,312.8055,202.19518,0.9556325,395.6278,213.86986,0.67312634,315.2294,228.89673,0.86638176,387.63382,241.23247,0.5346216,340.553,255.99202,0.9966151,379.81,256.54144,0.9921747,339.4946,342.3354,0.9952303,367.86768,348.58588,0.9900641,345.02798,420.23856,0.98006403,361.05148,430.6373,0.96905524
0.0,0.0,0.4608456,0.0,0.0,0.09639455,847.39087,50.46158,0.646413,0.0,0.0,0.019423218,816.312,56.675495,0.721175,0.0,0.0,0.25256002,795.26935,118.05701,0.82028455,0.0,0.0,0.078540795,790.9789,199.23686,0.7570481,0.0,0.0,0.10347854,848.82855,184.55238,0.6622251,850.25415,278.0105,0.5632177,816.5729,280.28452,0.81882995,0.0,0.0,0.43812305,831.24725,404.0135,0.7317302,0.0,0.0,0.25405836,0.0,0.0,0.41687077
0.0,0.0,0.16121502,0.0,0.0,0.07841036,0.0,0.0,0.105793685,0.0,0.0,0.45922032,200.81679,204.29283,0.61570686,180.49968,221.23042,0.97496164,206.55893,220.69176,0.98014164,172.49046,243.3447,0.8566647,213.39798,242.97879,0.8839456,168.99278,262.3175,0.66852784,214.66196,261.51715,0.69910294,184.74294,260.0674,0.9919186,201.92038,259.6451,0.99301684,182.63449,288.71176,0.9822483,199.26369,288.27252,0.98318046,181.91083,315.70364,0.96658474,197.13718,315.9508,0.96780616
644.3863,164.13281,0.9550434,646.37164,159.60379,0.69934547,639.38116,159.23688,0.94986886,0.0,0.0,0.2698242,624.305,162.69669,0.92234653,642.6029,195.97787,0.97415984,607.1408,194.49754,0.9974923,649.0252,236.66826,0.87014484,600.44946,237.52171,0.99338466,657.16547,227.3846,0.8459791,625.00226,235.18944,0.9831572,640.64294,274.46112,0.99405754,616.09045,275.10263,0.9980369,641.6927,337.6362,0.9881954,616.7171,338.65115,0.99617875,639.01666,394.66742,0.96133244,612.2159,397.4352,0.9811983
717.5077,173.95503,0.93871063,722.94574,169.7406,0.8426395,712.24603,168.57329,0.917829,0.0,0.0,0.4806348,701.6884,173.8473,0.74303657,729.942,207.86086,0.9335541,683.47864,204.40611,0.97102576,723.5038,246.57335,0.7557572,667.94965,243.05301,0.9005527,711.42535,245.80542,0.67806715,684.50165,248.73985,0.83055246,717.7415,281.75098,0.962628,683.65686,280.92303,0.97431684,737.7944,344.5661,0.9530658,685.16223,340.72504,0.96864396,740.13324,402.66748,0.9172245,677.13055,398.8607,0.9362233
0.0,0.0,0.18275116,0.0,0.0,0.124165654,0.0,0.0,0.10230308,282.24216,211.9952,0.5653071,291.39343,211.53157,0.5006623,277.46957,224.18785,0.96278733,297.51523,223.52356,0.95688874,274.28394,240.40881,0.8228488,301.7665,239.58917,0.777579,274.89978,250.26466,0.62532514,300.9546,249.20609,0.5757458,280.5443,253.83127,0.98473996,294.97577,253.61136,0.98344374,276.8554,276.36282,0.9752822,297.3322,276.35428,0.9709963,273.47284,299.4801,0.96478105,298.28055,299.03546,0.96019375
473.02533,213.83154,0.85897905,475.33505,211.82526,0.8364101,472.08514,211.83209,0.690524,480.22168,213.22226,0.76745874,0.0,0.0,0.40356246,484.98212,225.50337,0.9843279,467.77512,224.9531,0.9750001,484.72412,238.67259,0.929094,461.14752,235.67543,0.81586885,474.4087,235.18573,0.8846989,467.2322,229.2934,0.76488936,480.03458,257.95682,0.98528326,468.60574,257.44107,0.9812423,477.76697,285.32953,0.9713047,464.36795,284.94354,0.957734,477.04013,311.21652,0.9443708,463.21097,310.2038,0.92560863
0.0,0.0,0.049868505,0.0,0.0,0.018869307,0.0,0.0,0.050958425,0.0,0.0,0.05002121,0.0,0.0,0.2274398,0.0,0.0,0.31109408,771.65845,160.55768,0.500801,0.0,0.0,0.12858514,0.0,0.0,0.38108084,0.0,0.0,0.11844715,0.0,0.0,0.26735705,759.3001,225.47264,0.7184365,766.65906,227.2571,0.8004464,754.73016,280.32922,0.74854106,761.07935,281.53592,0.82335496,750.5076,328.1834,0.704562,754.09607,330.7137,0.7713483
0.0,0.0,0.37167758,0.0,0.0,0.2461624,0.0,0.0,0.32189688,0.0,0.0,0.47029316,99.132454,221.68869,0.6194307,90.67227,230.8896,0.9743323,100.55092,231.33382,0.97781914,85.42525,243.23357,0.8084735,103.62663,244.14107,0.864834,84.81892,254.0073,0.6648541,104.052704,254.98038,0.730745,89.95184,253.76215,0.98465234,95.62201,253.93956,0.98570895,90.878044,271.7172,0.96732926,94.93255,271.81683,0.9706359,89.9622,288.72568,0.9462929,93.07545,289.28296,0.9507961
0.0,0.0,0.09188704,0.0,0.0,0.065443724,0.0,0.0,0.0680158,0.0,0.0,0.38660616,0.0,0.0,0.38022432,145.93358,228.58516,0.926322,160.93472,228.247,0.9272425,140.27681,241.32248,0.66327465,165.6749,240.86244,0.6778569,0.0,0.0,0.43554184,0.0,0.0,0.44452447,147.5281,252.57253,0.9708,156.74762,252.39287,0.97141945,148.37097,272.0053,0.95382875,155.30214,271.84546,0.9548857,148.46535,290.19528,0.9367782,153.31935,290.07874,0.9383814
0.0,0.0,0.1993415,0.0,0.0,0.1404434,0.0,0.0,0.12431637,118.209114,224.4644,0.514706,0.0,0.0,0.45067295,114.38607,234.08923,0.9553545,128.65707,234.29285,0.9515213,108.65764,246.04305,0.8275647,134.62038,245.6964,0.78898275,105.43526,257.30948,0.6697962,133.76605,255.62762,0.622654,116.562454,256.19885,0.9798069,125.96251,256.40768,0.97840846,115.980415,273.9485,0.96572566,125.61344,274.28363,0.96016884,115.686745,289.21045,0.950697,124.92696,289.43082,0.94447374
414.65216,227.67387,0.76567554,416.00574,225.9932,0.7287555,413.8714,225.96819,0.58220375,419.43494,226.26295,0.6466954,0.0,0.0,0.30314216,424.22192,234.65128,0.97583145,410.7246,234.7709,0.9634561,428.01382,245.11995,0.89185804,407.25934,244.70346,0.78847,422.67267,250.02675,0.84258527,407.86072,249.16559,0.74101967,421.60165,257.42975,0.9792128,412.89886,257.33725,0.9741905,419.84973,275.48798,0.94816357,411.93866,275.186,0.93476,419.20282,291.37222,0.8935458,412.69067,290.87186,0.8742225
