0.0,0.0,0.22152665,0.0,0.0,0.23043048,0.0,0.0,0.08157865,579.1604,198.45763,0.86279756,0.0,0.0,0.46810618,572.8878,217.38803,0.99291635,602.42224,217.67294,0.9877359,560.4928,241.72478,0.96823174,610.5486,244.27776,0.88296324,547.0412,259.2018,0.8778158,605.26514,262.2437,0.7078203,577.72626,259.77252,0.9963887,595.16626,259.60074,0.9951174,580.50073,295.74924,0.9914402,588.5916,296.0786,0.9859307,590.1079,332.86115,0.9784445,589.148,332.9025,0.9687047
301.63498,185.76595,0.928549,304.79486,182.33757,0.84752613,297.9988,182.31198,0.9042736,308.5056,185.49911,0.5229039,291.392,185.29996,0.7339596,315.11816,208.1213,0.9783618,282.82962,208.24716,0.9899762,322.10828,234.69815,0.8635579,274.3799,234.25594,0.951167,321.22787,260.15533,0.8182698,273.7081,259.59598,0.9117283,307.94077,258.32565,0.9895286,287.89087,258.50195,0.99313486,305.03406,297.3946,0.98339903,288.39658,297.41742,0.98799676,299.93997,334.97153,0.9712413,287.66483,335.05167,0.9770636
0.0,0.0,0.18396229,0.0,0.0,0.13117194,0.0,0.0,0.07614008,434.94174,177.81879,0.5957925,0.0,0.0,0.32674366,425.93292,200.81686,0.9501461,467.01614,199.44807,0.8994256,412.41666,233.76071,0.8587473,473.52728,233.13167,0.69306487,414.10867,249.24551,0.6850674,468.67752,245.73169,0.5235288,429.84464,265.3029,0.98678243,457.95273,264.14655,0.9808754,427.8639,316.39285,0.98425484,456.75867,314.6499,0.97906715,423.8881,366.35257,0.965975,457.54755,365.01306,0.9601485
0.0,0.0,0.44529265,0.0,0.0,0.16704676,0.0,0.0,0.425741,0.0,0.0,0.42906874,88.36638,197.03555,0.8868328,67.53277,215.53065,0.9794302,93.97133,216.3903,0.9925168,59.805496,240.19386,0.7520257,103.12856,240.80681,0.9412546,57.62423,261.3371,0.5541485,105.39091,259.61996,0.8048766,73.33195,263.36975,0.99023753,90.79177,263.58133,0.9945258,69.80173,298.6047,0.9807195,86.02157,298.25403,0.98861337,72.55278,332.05222,0.9635,86.02957,332.9388,0.9750309
0.0,0.0,0.07004987,0.0,0.0,0.041023858,0.0,0.0,0.04348873,184.34702,189.76096,0.55017745,200.51125,188.97783,0.60482705,176.74786,208.50606,0.9750435,208.97385,207.62929,0.9864194,168.37267,233.95612,0.8977839,219.10721,233.20087,0.94939816,169.82382,257.04752,0.72036344,224.4216,257.7035,0.8142504,184.17719,255.98326,0.99451643,204.3388,255.89029,0.9960097,186.41975,292.73767,0.98539424,200.87999,292.7802,0.98774594,191.29825,328.8039,0.9629667,200.21724,328.48154,0.9669932
0.0,0.0,0.20061713,0.0,0.0,0.1182479,0.0,0.0,0.12669744,129.33328,196.93922,0.62407476,143.60245,197.56375,0.642674,121.90322,216.09518,0.9768034,152.68358,216.82964,0.98602074,112.19738,242.08553,0.8181265,158.2195,242.22192,0.8922263,109.3664,260.4924,0.5763122,158.3115,260.8789,0.669456,124.89533,263.06158,0.98869574,144.22873,263.25446,0.99104893,124.26681,299.3752,0.96932495,139.15474,299.57532,0.97262776,127.18783,333.18,0.9371541,134.15446,333.25598,0.9416632
356.27032,198.42882,0.9138197,359.82968,195.66699,0.83939594,353.8384,195.33932,0.86695313,364.85266,198.43471,0.59854555,349.49216,197.83089,0.67274,369.35788,215.73845,0.981729,342.09955,217.32451,0.9892481,374.3376,229.9518,0.89000756,329.35684,238.9071,0.9385857,363.7997,221.8566,0.8466938,328.21353,249.20331,0.8929492,361.1777,263.7918,0.9909887,344.23227,264.09637,0.99297124,357.53116,299.99414,0.9858608,345.14166,299.9315,0.9874427,352.6264,335.4633,0.9704459,345.85785,335.05045,0.9725944
0.0,0.0,0.2025306,0.0,0.0,0.30250487,0.0,0.0,0.025741993,755.38696,148.10864,0.81864136,0.0,0.0,0.06605278,754.8211,178.18184,0.98451936,793.53534,173.89291,0.73920196,744.1115,227.9768,0.97611904,0.0,0.0,0.35206679,727.5992,264.91672,0.9067345,0.0,0.0,0.3094582,756.7601,259.4387,0.9932585,782.8881,257.43878,0.96794575,749.1125,318.62503,0.98665094,777.10583,322.38913,0.9449775,745.93353,368.9534,0.95185775,769.52234,372.4847,0.88816863
258.5292,204.52039,0.8720451,260.30603,202.35773,0.7183528,256.2425,202.10384,0.84135383,0.0,0.0,0.42596132,250.65472,203.02907,0.74071366,264.2508,217.29465,0.9698396,242.8589,216.18533,0.98694056,267.26987,232.64157,0.78897923,234.56798,231.47408,0.92792314,262.25967,239.14719,0.72747314,238.82515,240.03172,0.86677325,258.91635,252.59706,0.978558,245.42358,252.24231,0.9861348,257.23694,282.0883,0.95781654,245.39746,281.6527,0.9707512,255.56265,310.1475,0.9218811,245.88428,309.80618,0.93983406
0.0,0.0,0.08992599,0.0,0.0,0.069480665,0.0,0.0,0.042088624,706.88574,161.61243,0.7777801,725.7065,162.75778,0.5917626,695.33496,188.79861,0.9773949,737.2102,190.07802,0.97607064,680.90454,226.7687,0.8159863,746.3568,225.35387,0.7563506,0.0,0.0,0.48180032,0.0,0.0,0.39981544,697.4885,259.30386,0.9892035,724.2913,259.9043,0.98844945,692.6427,313.03232,0.9715404,721.1209,314.46588,0.96400815,690.5094,365.28647,0.93430275,714.4214,367.03577,0.92198014
0.0,0.0,0.20834361,0.0,0.0,0.064181425,0.0,0.0,0.22700754,0.0,0.0,0.091763526,501.5237,200.93422,0.5673906,488.29318,211.65842,0.74690413,499.54312,213.67224,0.872221,0.0,0.0,0.4024134,508.5665,229.10382,0.7730061,0.0,0.0,0.342194,512.5316,224.06984,0.6339621,489.45416,251.53845,0.91456634,496.86148,252.87378,0.9444248,494.80066,283.98456,0.90660965,499.23254,284.93912,0.94166785,496.75186,313.73703,0.8922479,497.4574,315.71292,0.9234055
0.0,0.0,0.03542453,0.0,0.0,0.02154411,0.0,0.0,0.010022059,0.0,0.0,0.08447151,0.0,0.0,0.027053496,0.0,0.0,0.21793655,0.0,0.0,0.15602802,0.0,0.0,0.23076423,0.0,0.0,0.13150491,0.0,0.0,0.26082033,0.0,0.0,0.1709717,0.0,0.0,0.16065167,0.0,0.0,0.13472576,0.0,0.0,0.057782322,0.0,0.0,0.045155242,0.0,0.0,0.023306813,0.0,0.0,0.01938259
0.0,0.0,0.3935282,0.0,0.0,0.27429938,0.0,0.0,0.33078605,0.0,0.0,0.25750893,0.0,0.0,0.35644075,404.22998,220.08113,0.85070187,399.63126,220.21063,0.8770862,404.5606,235.01422,0.53311795,397.08344,235.14958,0.6395795,0.0,0.0,0.46342853,401.42816,238.21524,0.5440404,402.71188,253.74765,0.93369997,400.38437,253.9632,0.9409613,402.98825,281.54364,0.91356,401.2541,281.4458,0.92272496,401.8443,307.42465,0.86872506,400.04123,307.62616,0.8794801
