0.0,0.0,0.0858492,0.0,0.0,0.05344935,0.0,0.0,0.04685119,797.3489,202.84752,0.62459207,817.5602,202.04868,0.6140211,788.59424,230.71083,0.98091495,827.44135,228.29602,0.98668057,780.3456,267.18106,0.90780693,842.25037,258.64862,0.9321813,781.25665,285.3436,0.7152414,844.35974,268.69586,0.75254196,799.69037,297.17093,0.9938711,822.73627,296.70026,0.9948775,805.13446,347.9355,0.97681296,815.15735,348.0923,0.977836,811.2244,395.31073,0.92297757,807.1595,395.21185,0.92498416
0.0,0.0,0.08044885,0.0,0.0,0.034150027,0.0,0.0,0.049167205,0.0,0.0,0.36377275,321.80203,206.79378,0.5818869,294.5137,223.66742,0.9673167,329.8038,222.98676,0.97876656,282.76498,249.596,0.88172746,339.33917,249.66328,0.93045086,280.00632,271.00076,0.7218953,336.97537,271.53128,0.7978461,299.79086,273.19318,0.99396694,322.38327,272.5128,0.99544096,301.52777,315.0194,0.9869899,318.79193,314.1825,0.9894832,302.09265,353.32245,0.96527815,314.83282,353.24823,0.97065175
0.0,0.0,0.097234935,0.0,0.0,0.10966932,0.0,0.0,0.028376484,734.902,185.71553,0.88952625,0.0,0.0,0.46148,725.5335,211.6285,0.98626465,768.0114,210.24516,0.96856356,714.2253,245.19778,0.9087912,777.355,243.15958,0.6520428,716.4624,273.28906,0.63097775,0.0,0.0,0.32149225,733.7773,279.81396,0.9911981,761.0825,279.49048,0.98580045,730.2814,326.80206,0.9796183,753.849,327.33328,0.9605538,740.2066,372.84506,0.9479114,758.10693,372.10876,0.91537267
0.0,0.0,0.37170997,0.0,0.0,0.1296374,0.0,0.0,0.35109183,0.0,0.0,0.3816644,527.141,198.53493,0.85358584,503.52585,219.42421,0.9758547,530.971,219.32748,0.9914111,496.88974,247.01913,0.75344974,539.40936,245.67207,0.9378422,500.57507,263.853,0.5399254,537.35815,263.46143,0.7834056,511.02426,270.47516,0.9873117,528.20013,270.7503,0.99235314,514.13916,311.7765,0.9620815,524.6131,311.68384,0.9750974,517.33606,349.63068,0.91698366,520.27344,350.43707,0.93785244
0.0,0.0,0.09851731,0.0,0.0,0.051854573,0.0,0.0,0.07080481,382.3,201.60912,0.51673204,397.12222,201.77356,0.6681701,372.70627,223.33926,0.9628686,403.86044,223.63039,0.9743737,365.67603,251.79094,0.76613975,409.72537,251.58815,0.84586626,0.0,0.0,0.4926139,411.09488,274.8386,0.5783034,377.73532,274.4277,0.9893321,398.19586,274.96228,0.9909424,376.70175,313.9456,0.98281616,394.81226,314.67957,0.98349136,377.88876,352.1679,0.96776766,393.12048,353.18958,0.9681047
0.0,0.0,0.16366777,0.0,0.0,0.10882221,0.0,0.0,0.08836275,574.122,214.76892,0.6232645,587.0782,214.49919,0.53236336,567.9972,234.20703,0.970041,595.4824,233.64648,0.96922034,560.90436,259.31546,0.7974021,602.4641,257.95633,0.76050025,558.4243,278.1871,0.52923936,0.0,0.0,0.48068786,575.53925,280.22583,0.9835683,592.75214,280.29324,0.9824866,575.8267,315.3659,0.9616549,589.97943,315.59552,0.9546884,580.59247,349.43005,0.9284247,588.402,349.08755,0.91866696
0.0,0.0,0.09696427,0.0,0.0,0.04742025,0.0,0.0,0.0764675,0.0,0.0,0.33130595,465.9003,231.67415,0.5711388,446.594,246.53957,0.9411013,470.58932,246.78192,0.9585635,441.4821,265.99585,0.76264554,473.75317,268.05865,0.85478747,441.35477,281.5803,0.5469539,474.10767,285.03787,0.6564279,448.9097,281.9713,0.98132586,464.22794,282.01035,0.98455286,452.98233,309.91006,0.964389,461.00247,309.98718,0.96906865,454.72183,335.46255,0.9359911,457.44434,336.0457,0.9416114
0.0,0.0,0.1238821,0.0,0.0,0.081851274,0.0,0.0,0.0769595,0.0,0.0,0.44605416,0.0,0.0,0.43273023,609.2064,243.40659,0.9423415,629.381,243.08427,0.95351964,604.8109,260.2417,0.7935667,632.18005,259.17764,0.82963306,604.3593,272.89642,0.60480905,630.07806,271.6663,0.6435762,612.0288,274.20767,0.97811216,624.9797,274.1443,0.98023486,612.87317,299.62827,0.9570623,621.0209,299.7454,0.95756376,616.53723,322.81033,0.92321324,620.4083,322.68912,0.923023
0.0,0.0,0.10970427,0.0,0.0,0.070289314,0.0,0.0,0.09201109,0.0,0.0,0.3501092,0.0,0.0,0.4345787,415.22125,231.69821,0.89515626,435.55853,231.69408,0.91303456,410.17224,249.3743,0.5613204,440.67007,248.14262,0.6689255,0.0,0.0,0.37265125,0.0,0.0,0.45050076,418.56683,264.5269,0.9558349,431.89444,264.35947,0.96028477,418.9189,293.4964,0.93167645,431.34164,292.97876,0.93965834,420.30386,321.02448,0.8827501,430.89798,320.7729,0.8931685
180.26227,241.26706,0.8016583,181.95547,239.38734,0.7901159,179.3838,239.26363,0.6419955,185.86682,240.19347,0.71514136,0.0,0.0,0.3330326,191.61131,250.92314,0.9842402,176.8781,250.88814,0.9707745,199.22034,263.51385,0.91121054,174.9529,263.23584,0.78525776,199.88786,275.64938,0.8480052,174.64743,274.1784,0.71485007,188.44795,276.50812,0.98253757,179.25256,276.32184,0.9768183,188.07338,295.94446,0.9555358,178.08734,295.65442,0.9408769,188.22522,313.66458,0.91892266,178.16495,313.2859,0.9001281
0.0,0.0,0.33805496,0.0,0.0,0.27592158,0.0,0.0,0.23408839,0.0,0.0,0.47799584,0.0,0.0,0.40355393,214.5938,251.29845,0.9604649,222.89125,250.42055,0.9545745,210.71501,262.9541,0.79075366,224.69693,262.6194,0.7276034,211.38173,275.41656,0.6382033,220.81598,275.2441,0.56925005,215.67831,274.7598,0.9772316,220.55243,274.3972,0.97552377,215.08917,293.14,0.9525448,219.24478,293.02325,0.9477217,214.64783,310.804,0.9317532,218.59485,310.95834,0.9274835
