585.3526,124.393295,0.97287285,587.4823,117.92365,0.8086961,577.1548,118.47017,0.9712901,0.0,0.0,0.2951569,559.54065,122.97322,0.9360654,594.8732,161.53766,0.97231865,543.9382,162.2312,0.9972031,599.22125,218.27292,0.8350227,540.6586,217.95073,0.99156183,600.3302,225.45906,0.80017686,583.6913,209.41655,0.97858423,590.6893,259.32867,0.9918739,555.9756,260.55307,0.9973219,591.5645,345.781,0.98116046,559.6894,346.59308,0.99403125,565.7046,414.83655,0.92578274,536.0607,412.51294,0.9634482
0.0,0.0,0.22101194,0.0,0.0,0.25943956,0.0,0.0,0.042262554,444.7133,62.740086,0.91474146,0.0,0.0,0.25517896,429.6317,116.16187,0.97407997,513.61456,113.11111,0.8716095,402.81177,194.175,0.85613024,0.0,0.0,0.37478977,429.32315,207.44885,0.60898423,0.0,0.0,0.22011673,439.70267,254.19029,0.9682414,498.26852,251.5924,0.9314588,423.43042,374.26743,0.9090696,487.07193,371.6792,0.8250167,425.93414,470.81192,0.5938778,0.0,0.0,0.48247802
0.0,0.0,0.10700633,0.0,0.0,0.070064604,0.0,0.0,0.05705032,216.54984,195.90878,0.67608565,231.62793,195.7487,0.6269735,208.86958,215.28848,0.9857013,239.62567,215.50462,0.9898398,198.88457,240.03587,0.91853094,247.7956,240.86995,0.935615,192.84122,262.35428,0.74738544,248.35225,261.94962,0.7739471,213.37492,261.74905,0.99555796,233.44557,261.8622,0.9963787,209.72841,294.97467,0.9874792,231.28851,295.42996,0.98811126,210.6069,327.1164,0.97039247,231.7703,327.62546,0.9713746
662.6292,202.75563,0.6639939,664.70044,200.01373,0.58359313,0.0,0.0,0.39349285,666.6517,201.4295,0.7418578,0.0,0.0,0.4467238,662.52795,214.9353,0.97859496,670.2912,215.30519,0.96791124,650.3198,227.75197,0.8773865,663.65735,227.66574,0.7259065,651.0721,217.90205,0.77004963,658.92914,217.57016,0.6030936,663.73553,255.0286,0.98054034,670.1331,255.08205,0.9750131,654.2207,287.7249,0.96749383,669.4015,287.91266,0.9514788,651.098,318.90906,0.9335384,670.31274,318.2405,0.9118302
0.0,0.0,0.28277713,0.0,0.0,0.24686982,0.0,0.0,0.0812699,752.1167,190.95874,0.64640355,0.0,0.0,0.21517956,750.0188,211.4,0.97057223,779.5724,207.17647,0.88935196,740.5883,240.13422,0.94842225,790.546,236.23558,0.7138483,727.79266,248.1764,0.87969327,785.5083,251.62967,0.6433528,757.0444,263.0156,0.99085313,774.35754,261.49255,0.98110884,760.85504,306.02435,0.9862758,767.46826,304.5287,0.9739255,772.3429,347.3173,0.9638513,766.3841,344.65802,0.9480079
0.0,0.0,0.20597476,0.0,0.0,0.12823437,0.0,0.0,0.13329017,82.36686,219.42558,0.60585886,91.16702,219.56148,0.5679853,77.37598,229.98064,0.9874001,95.22028,230.27118,0.98727834,72.06218,243.42522,0.86595756,100.382805,243.62633,0.8726421,71.8521,254.7141,0.6717695,100.38851,254.91914,0.6733517,78.68609,254.98354,0.99256027,89.96731,255.0739,0.99251914,78.772194,274.34253,0.98019534,87.70807,274.1501,0.9804285,78.61741,292.27298,0.9662428,86.11921,292.37238,0.9668005
0.0,0.0,0.08712573,0.0,0.0,0.048823882,0.0,0.0,0.06652454,0.0,0.0,0.44328597,342.24304,208.33752,0.5548507,325.353,220.89622,0.96976185,346.58627,221.20021,0.9753587,320.14487,239.26645,0.754914,351.97025,239.5313,0.8324991,0.0,0.0,0.48344862,352.23962,255.71977,0.56913096,327.7963,254.07996,0.98792624,342.52554,254.19106,0.98938036,328.03253,280.1834,0.9688732,341.72263,280.0335,0.9728482,328.0107,305.42004,0.9454632,340.39352,305.44336,0.9510849
0.0,0.0,0.19118235,0.0,0.0,0.09382328,0.0,0.0,0.15608394,0.0,0.0,0.35716164,122.46953,219.78314,0.6287133,108.91537,230.31789,0.95190936,126.21831,229.71393,0.9739116,106.11203,243.31087,0.76084316,131.25615,243.38768,0.89748335,105.175186,256.64532,0.5851581,132.33263,258.35367,0.7511668,111.05364,254.42429,0.9824553,122.50247,254.20361,0.98764044,111.4389,272.9543,0.9662828,121.39769,272.68872,0.9750177,112.64448,289.66193,0.9471903,120.957726,289.59317,0.9572116
0.0,0.0,0.1472039,0.0,0.0,0.08967508,0.0,0.0,0.10552927,0.0,0.0,0.45243904,0.0,0.0,0.4926538,142.2168,227.70476,0.971034,158.97955,228.12488,0.9735204,137.05283,241.50569,0.7999366,163.4824,241.94727,0.8352659,136.82231,252.72034,0.59507155,162.73074,253.15813,0.63119614,142.79782,254.54185,0.9874483,153.356,254.59973,0.9881153,143.00911,275.27173,0.9698981,150.81586,275.1956,0.97182953,142.2256,293.84415,0.946814,148.24179,294.02655,0.9497955
0.0,0.0,0.06309621,0.0,0.0,0.057022534,0.0,0.0,0.044856414,0.0,0.0,0.11282411,0.0,0.0,0.07878599,0.0,0.0,0.22022264,0.0,0.0,0.22671811,0.0,0.0,0.1941498,0.0,0.0,0.19388372,0.0,0.0,0.19182809,0.0,0.0,0.18929997,0.0,0.0,0.35022175,0.0,0.0,0.36276102,0.0,0.0,0.42201498,0.0,0.0,0.4263928,0.0,0.0,0.47959194,0.0,0.0,0.48732048
0.0,0.0,0.088305354,0.0,0.0,0.03818598,0.0,0.0,0.076338306,0.0,0.0,0.22809893,268.37802,216.13335,0.53991616,253.53836,227.5313,0.8915456,273.01303,226.20418,0.94098866,249.70824,242.6739,0.6173667,279.5242,239.79984,0.84163135,0.0,0.0,0.4320596,279.4055,251.07756,0.65528,258.39243,254.87086,0.97060126,271.2695,254.31798,0.97967887,258.3373,277.85913,0.9509715,269.39398,277.17017,0.96530116,257.64487,298.59735,0.93025553,266.7169,297.90866,0.94543546
0.0,0.0,0.18150729,0.0,0.0,0.16222277,0.0,0.0,0.087571315,365.68948,223.11931,0.5947073,0.0,0.0,0.30472195,362.711,233.543,0.94819874,380.17496,233.23027,0.9050738,359.2392,247.14235,0.84013397,383.25308,248.70059,0.6280056,357.4905,258.3031,0.6584856,0.0,0.0,0.45097986,363.89493,258.23862,0.9596207,375.1187,257.74423,0.94452286,363.48627,277.63498,0.91267604,370.69058,277.41577,0.87270933,365.75012,292.9086,0.8463726,369.04745,292.45505,0.8003393
0.0,0.0,0.09028102,0.0,0.0,0.06802422,0.0,0.0,0.072733305,0.0,0.0,0.085963115,0.0,0.0,0.09002471,0.0,0.0,0.19773054,0.0,0.0,0.2171476,0.0,0.0,0.12948628,0.0,0.0,0.16398664,0.0,0.0,0.12303455,0.0,0.0,0.14748675,0.0,0.0,0.30634615,0.0,0.0,0.32080245,0.0,0.0,0.3415644,0.0,0.0,0.3566098,0.0,0.0,0.3665479,0.0,0.0,0.3782339
0.0,0.0,0.09557372,0.0,0.0,0.07578923,0.0,0.0,0.05510289,0.0,0.0,0.34857014,0.0,0.0,0.18317261,822.78204,228.2637,0.8110908,838.9272,228.8792,0.8072231,0.0,0.0,0.4967192,0.0,0.0,0.4256614,0.0,0.0,0.33624735,0.0,0.0,0.2796544,824.2204,261.3534,0.9228611,834.9034,261.7282,0.92075235,823.4731,290.639,0.89820856,833.2183,290.96216,0.8896203,825.05945,319.69473,0.87061137,830.7594,319.57132,0.86280805
