0.0,0.0,0.27249384,0.0,0.0,0.16538094,0.0,0.0,0.042688318,583.8587,48.28634,0.8495051,0.0,0.0,0.3224851,575.6972,112.791855,0.9815269,670.4345,114.004814,0.9745043,524.0156,202.61954,0.93805265,691.317,217.65945,0.9146685,489.97137,253.94864,0.82735974,686.8024,295.40164,0.80560136,591.5109,300.16998,0.97618324,647.523,299.68872,0.9773072,583.8697,425.79208,0.7052377,637.774,432.10355,0.7476823,0.0,0.0,0.13759042,0.0,0.0,0.16361462
312.44098,179.84985,0.9646845,315.64795,176.2257,0.9213687,308.81964,176.36948,0.9345015,320.27243,179.61195,0.6849784,302.47052,179.64832,0.7537924,326.34442,204.34021,0.9939527,293.35104,205.45815,0.99641514,335.03864,233.4228,0.961055,284.72913,235.98036,0.9757144,339.82385,263.86658,0.9383474,287.4974,266.71814,0.9534129,321.41483,263.6658,0.99627566,300.7781,264.56012,0.9972218,316.43826,308.20596,0.98949707,299.3217,309.1685,0.9908003,313.14368,350.32785,0.9679749,300.702,351.8153,0.9705484
0.0,0.0,0.055924837,0.0,0.0,0.03862915,0.0,0.0,0.027802477,730.357,173.58871,0.6936021,750.9554,173.47275,0.6001303,719.77325,197.47023,0.98115116,761.92114,197.34381,0.9841101,710.84515,230.98784,0.87588745,775.2754,228.93106,0.88296026,710.24646,262.31833,0.5987089,775.0264,255.53015,0.5996821,725.1676,261.04282,0.99464923,751.92487,261.3226,0.9951214,727.0035,308.44354,0.98433244,750.6353,309.35992,0.9837017,732.875,355.69855,0.9614132,750.8112,356.4958,0.9598994
0.0,0.0,0.3184398,0.0,0.0,0.119954675,0.0,0.0,0.30161688,0.0,0.0,0.34734422,90.80595,200.7385,0.80797225,69.9994,217.61162,0.96443343,94.83319,219.1172,0.98552334,61.40543,240.1613,0.7313826,102.46341,241.90984,0.9247702,59.592197,258.43692,0.5551008,104.95574,257.65863,0.78933185,73.45201,260.83047,0.98828775,89.49045,261.3814,0.99297476,73.01763,292.70377,0.98239386,85.25602,292.8767,0.9889508,73.36267,322.80472,0.97329855,81.97926,324.2457,0.9809838
0.0,0.0,0.09406058,0.0,0.0,0.043530345,0.0,0.0,0.07178491,0.0,0.0,0.37919518,132.79794,200.31506,0.5995186,112.30523,217.20688,0.96149075,139.31364,217.00314,0.9767179,104.84984,240.12607,0.7898675,145.60982,241.02568,0.88569343,104.36458,255.86256,0.5517058,147.77518,259.15082,0.6720686,117.4918,260.61838,0.9908601,134.85915,260.57626,0.99282986,120.00639,293.7825,0.9808863,132.78622,293.63834,0.9835933,121.70201,325.5115,0.9648323,128.30373,325.53946,0.9681342
0.0,0.0,0.21221977,0.0,0.0,0.20989352,0.0,0.0,0.07095846,176.54443,197.20322,0.77641475,0.0,0.0,0.3330607,173.61673,214.56635,0.9788937,198.60846,213.1341,0.95793885,166.3016,237.19797,0.91169643,207.23958,235.69055,0.72850984,164.74522,254.54259,0.75703454,206.01683,251.80296,0.53482556,178.15697,257.07687,0.98977613,194.54686,256.22006,0.9856631,177.27776,290.25473,0.9844058,192.4151,289.966,0.9755712,176.55362,322.67346,0.9722449,191.20222,321.43048,0.9616222
380.33133,188.202,0.9442844,384.391,184.90443,0.8823885,377.47232,184.55498,0.91337436,390.96045,188.66847,0.57341033,373.13293,187.7626,0.72538704,396.95483,211.1454,0.98532385,363.2874,211.62372,0.99361974,405.08374,233.37408,0.9065682,347.37988,238.47244,0.96248484,404.50934,247.35957,0.8768545,343.70782,262.5024,0.9305493,388.01917,265.2325,0.9926635,367.45917,265.12823,0.9951031,383.0017,305.87042,0.9832359,368.0649,305.57584,0.98717624,374.57986,344.53134,0.9596296,366.9078,344.30557,0.9673864
0.0,0.0,0.18061844,0.0,0.0,0.206799,0.0,0.0,0.052368242,823.5757,161.80945,0.6479457,0.0,0.0,0.12827858,814.4117,188.19951,0.90961766,854.0,185.50873,0.5437859,797.50287,231.98009,0.8395162,0.0,0.0,0.22036509,793.7972,260.80353,0.68331426,0.0,0.0,0.20485756,815.43115,260.7969,0.92014897,840.1471,259.4555,0.798588,820.571,318.15692,0.90682745,830.5482,319.83228,0.7769128,832.6075,373.90573,0.8156244,822.81525,375.9398,0.6956315
0.0,0.0,0.05274975,0.0,0.0,0.039542075,0.0,0.0,0.02102482,0.0,0.0,0.44825503,0.0,0.0,0.2499503,456.2652,204.93422,0.9286204,484.10748,204.11128,0.8631467,449.7419,232.24806,0.80698955,486.15393,231.70049,0.5453385,449.27316,253.20758,0.5677412,0.0,0.0,0.34243828,461.37384,259.19437,0.9858695,480.73715,258.86237,0.9795176,461.87305,302.6861,0.98451394,481.95782,302.6564,0.9757633,464.29288,346.18378,0.97134084,485.4655,345.99927,0.9603579
407.73846,219.26389,0.7075788,409.04987,216.92946,0.6200353,405.91812,217.05887,0.6365292,0.0,0.0,0.4165397,0.0,0.0,0.44529048,415.44504,228.40546,0.9378022,399.91098,229.38437,0.9336605,422.85712,240.88416,0.73693377,399.1602,242.72624,0.7458618,422.7734,247.01852,0.67432064,404.3068,248.13754,0.68179744,412.40085,258.5649,0.9523594,402.87894,258.99646,0.9518141,411.78674,283.20926,0.9179756,402.55505,283.20532,0.9185246,410.28677,305.4318,0.850241,401.9517,305.9749,0.85170573
