0.0,0.0,0.25854978,0.0,0.0,0.1633999,0.0,0.0,0.070010394,438.55814,177.39603,0.72178614,0.0,0.0,0.34874025,428.24564,204.79709,0.9892396,476.5653,204.81104,0.96709263,414.67578,243.98062,0.97467065,490.3748,245.29813,0.89196825,412.95795,278.9368,0.9250336,491.20963,277.1923,0.8063795,435.87164,274.62662,0.99783534,467.27698,274.885,0.99617434,432.6051,327.57043,0.99556065,460.3921,332.73407,0.9928328,430.16904,382.82257,0.9819614,454.02786,390.7133,0.9759723
0.0,0.0,0.08931986,0.0,0.0,0.086802915,0.0,0.0,0.028140467,717.9695,202.98425,0.8377302,0.0,0.0,0.44104615,713.66656,226.4729,0.98738575,747.9818,228.08362,0.98342174,702.50757,249.6745,0.94273055,756.759,264.75107,0.8800617,705.0437,245.56934,0.7785882,756.9486,281.2784,0.65528977,719.3241,287.01358,0.9948966,741.8704,287.1253,0.99410397,716.54364,331.9596,0.98457295,741.5502,332.355,0.97837037,719.24695,373.75626,0.9536933,742.3196,372.31982,0.9407942
802.75287,209.99934,0.9307231,805.94257,206.95515,0.929438,800.42084,207.03252,0.7811854,812.77295,208.42503,0.8689355,0.0,0.0,0.37413046,822.40265,225.83437,0.9929725,795.8934,226.50389,0.9836917,829.39197,246.81873,0.9714186,793.3352,247.32542,0.8340397,812.1281,250.9425,0.94866294,800.81464,251.74272,0.79846305,819.0058,272.79596,0.99076957,802.23584,272.67017,0.9849916,817.9927,309.6859,0.97482693,806.71564,309.28412,0.95210123,815.36017,344.28363,0.93398285,813.1676,342.97934,0.89652896
0.0,0.0,0.08617678,0.0,0.0,0.030479841,0.0,0.0,0.075880684,0.0,0.0,0.40603074,548.71356,163.7724,0.7701155,514.2537,191.58664,0.9667655,555.8902,195.12097,0.9860248,505.54553,231.67134,0.78573835,567.42236,237.42729,0.93122375,506.98596,267.63257,0.5309428,570.9292,274.0709,0.7321386,521.1278,266.29486,0.9945391,547.3615,268.12015,0.9964774,528.07684,323.5833,0.99009365,544.97253,324.7927,0.99286604,536.21545,378.43448,0.97581255,544.13947,380.92114,0.9806973
0.0,0.0,0.2992664,0.0,0.0,0.17797638,0.0,0.0,0.14205642,624.97266,178.62056,0.584008,0.0,0.0,0.48590583,616.9212,204.35287,0.9588402,659.2353,204.25735,0.9572084,604.7685,239.09215,0.8690498,667.8913,239.6312,0.85389066,610.23303,266.32227,0.72709215,656.79443,266.92587,0.7209338,622.2213,271.2039,0.98990154,649.26434,271.16153,0.98936915,623.6939,322.07123,0.98645383,646.30206,321.02667,0.98699147,633.4995,375.2023,0.9683482,650.7859,372.4186,0.9705865
0.0,0.0,0.16096692,0.0,0.0,0.09527924,0.0,0.0,0.12449107,0.0,0.0,0.44869494,295.78546,233.86707,0.55035055,282.09583,244.1907,0.97113043,299.1221,244.6132,0.97531784,275.63058,258.13132,0.78229123,303.55594,258.3062,0.8388944,275.10333,268.83966,0.58113027,303.6557,269.2469,0.6435514,284.99213,270.82004,0.98852557,295.46262,271.08087,0.9894202,286.02798,292.6782,0.97701126,294.13547,292.58557,0.97922224,285.96576,313.48254,0.9617819,292.55804,313.71393,0.9649074
0.0,0.0,0.10376045,0.0,0.0,0.08736299,0.0,0.0,0.04820226,0.0,0.0,0.40140584,0.0,0.0,0.19179511,594.3423,241.17139,0.8439221,610.9227,240.7141,0.76868224,589.10693,262.59305,0.6309701,0.0,0.0,0.3945101,0.0,0.0,0.44605824,0.0,0.0,0.27687922,597.60767,279.23535,0.9234978,608.50836,279.23074,0.90073323,600.26263,309.48853,0.91154265,608.23956,309.74875,0.87593246,605.8556,339.64612,0.88668287,609.75024,339.52167,0.8551028
0.0,0.0,0.14393584,0.0,0.0,0.08895269,0.0,0.0,0.12938812,0.0,0.0,0.37553716,260.30865,237.36696,0.51468015,247.22057,246.5428,0.9395011,262.57877,247.37079,0.9501987,242.1193,259.34058,0.6833545,264.96982,259.9317,0.778567,0.0,0.0,0.48927876,264.7735,269.48096,0.578427,248.06937,271.46042,0.9716403,258.41006,271.71933,0.9749555,248.16058,291.05875,0.9478245,258.34027,291.14105,0.9546794,247.36862,308.97495,0.9233383,256.78876,309.31168,0.93122333
0.0,0.0,0.19447157,0.0,0.0,0.10769582,0.0,0.0,0.19222191,0.0,0.0,0.3683069,359.75565,234.8315,0.6542674,347.8255,246.24059,0.9689414,362.83945,246.11456,0.9777019,342.93777,260.83737,0.7547069,367.55554,260.266,0.87643534,344.19608,271.24677,0.54075056,368.4383,271.20923,0.69272393,351.01013,273.55963,0.9829442,360.4314,273.54736,0.9859049,352.4081,295.04938,0.95558447,360.50772,294.85547,0.9647229,351.93735,314.4759,0.92956775,358.6807,314.7097,0.94114405
58.913616,247.93562,0.8283299,60.185146,246.11458,0.7348832,57.07927,246.13454,0.8081538,0.0,0.0,0.45289215,54.02218,246.81511,0.6834934,64.85147,256.14038,0.9756148,49.611446,256.16354,0.9816518,67.43391,268.53503,0.8398489,44.188488,268.9324,0.9112424,64.43391,279.56723,0.7893298,45.587383,280.64157,0.86384255,63.998936,279.48972,0.9759138,54.53482,279.64557,0.9790061,64.550186,297.46512,0.93629074,53.510685,297.48154,0.9462215,64.390434,314.57587,0.884731,53.251877,314.49982,0.8987051
