97.42131,149.31674,0.95627034,104.603615,145.13058,0.94742906,92.334984,144.87779,0.8728619,116.75915,149.7756,0.85978824,88.19955,149.35854,0.528726,126.1253,179.60458,0.99016166,84.92177,178.54536,0.95607406,132.33023,208.09183,0.95255977,77.375595,210.57848,0.7270456,110.53164,180.74457,0.8891949,81.99523,203.9214,0.6457466,117.36807,258.7139,0.99012345,89.54575,257.46057,0.9785774,116.65886,323.0797,0.9850796,94.06339,321.34714,0.9699734,120.12845,381.53555,0.958836,104.43422,379.97324,0.9372094
821.2071,169.24371,0.9769132,826.189,164.91187,0.88332194,815.85443,164.04732,0.9731856,0.0,0.0,0.4485244,803.1181,165.26126,0.9115139,835.6873,195.98741,0.97104836,787.9115,193.16528,0.9963362,852.14026,219.43938,0.8253223,769.74786,229.99937,0.9856694,846.6762,209.9116,0.7885527,758.2218,259.59427,0.9667446,823.52246,271.04895,0.9892525,791.2567,268.57416,0.99597245,827.4491,328.3004,0.98377615,790.5322,322.75766,0.99419373,828.8036,383.01083,0.9625997,793.7501,382.18655,0.981055
0.0,0.0,0.31692854,0.0,0.0,0.04618369,51.963894,139.46996,0.5014378,0.0,0.0,0.106231585,43.11838,146.14687,0.94041085,0.0,178.81564,0.7172907,51.406475,186.54172,0.96684843,0.0,0.0,0.20846362,72.65398,240.67354,0.89126265,0.0,0.0,0.16885746,79.919365,268.7173,0.7277154,2.201278,280.78122,0.82681626,41.302906,283.78406,0.9385541,11.816712,367.10992,0.78820884,51.131138,368.0195,0.92241013,7.794965,452.03232,0.59739685,36.186092,450.53687,0.74956846
243.70667,186.24425,0.8780619,247.37242,182.23543,0.77714235,239.85725,181.77565,0.79881954,252.4432,183.28511,0.5016186,231.43182,181.70378,0.55817336,259.8581,203.91989,0.98199993,218.09402,202.44202,0.9886059,263.62323,232.59181,0.9270685,207.65059,232.17505,0.94648165,249.03336,225.34102,0.9015216,227.47363,230.36874,0.9137944,253.76149,266.65646,0.9953425,226.88242,266.3141,0.9962012,252.34195,317.09268,0.9922071,228.83446,316.4225,0.9925176,248.22511,367.65546,0.9784818,234.84953,366.3611,0.9791586
0.0,0.0,0.30506656,0.0,0.0,0.38278264,0.0,0.0,0.07985745,664.1598,203.18088,0.9160136,0.0,0.0,0.31361622,660.5287,222.3129,0.9910856,685.2504,220.48035,0.9672514,654.55115,248.05212,0.953826,688.3449,245.21,0.61927676,653.67804,267.38995,0.8243208,0.0,0.0,0.40616164,664.9261,266.1597,0.99267983,681.68585,265.35526,0.985157,664.99445,301.3691,0.9870934,681.0793,301.3631,0.96885645,667.1413,337.5313,0.9722383,684.0167,336.05252,0.94682485
0.0,0.0,0.107006244,0.0,0.0,0.064919315,0.0,0.0,0.05402558,0.0,0.0,0.46203145,0.0,0.0,0.41738373,415.96207,213.48773,0.96028113,445.28006,212.37257,0.9491208,408.4171,238.15442,0.8216038,450.66595,234.86821,0.727459,407.9109,259.16605,0.5947789,0.0,0.0,0.48718283,421.88644,259.42993,0.9876018,440.98868,259.1455,0.9858704,425.29144,296.08057,0.97512394,441.68765,296.04602,0.96970236,428.20187,331.9453,0.9536703,440.83633,332.08783,0.94674975
0.0,0.0,0.12064668,0.0,0.0,0.054235194,0.0,0.0,0.08860746,0.0,0.0,0.31679907,512.05505,216.8764,0.57262427,492.9833,231.61394,0.94534373,518.2952,231.76897,0.9675061,486.16293,250.63678,0.77444565,526.9046,252.66447,0.8929668,486.4883,266.0083,0.5953702,529.7139,269.29636,0.74288416,499.56064,270.57614,0.98762965,515.86346,270.54196,0.9911213,499.845,300.02176,0.97982603,512.50214,299.68823,0.98488647,502.222,326.60245,0.96579117,511.5774,326.6171,0.97238255
0.0,0.0,0.05862066,0.0,0.0,0.03527633,0.0,0.0,0.03650999,0.0,0.0,0.36904466,0.0,0.0,0.4123304,543.04553,224.36914,0.91782236,567.1911,221.69052,0.943627,538.82086,247.3146,0.7382852,576.283,240.25989,0.83313316,538.3188,261.4579,0.5274832,575.25146,252.3626,0.631202,551.7992,263.44415,0.98571867,567.57965,262.63263,0.9883426,554.32477,296.11145,0.98105705,567.93304,295.38437,0.9831565,556.218,327.81375,0.969835,566.84296,326.09473,0.97201836
0.0,0.0,0.2734668,0.0,0.0,0.1294975,0.0,0.0,0.22937667,0.0,0.0,0.4732755,745.5669,213.35587,0.7639634,725.04144,228.14262,0.96286833,750.0872,228.36836,0.97410494,718.34094,249.72668,0.7732554,754.5658,249.76637,0.86228406,719.0992,267.65683,0.54030395,751.8407,267.04977,0.6423808,726.7329,269.4308,0.9490651,743.0783,269.47717,0.9572023,731.09814,300.9609,0.790806,742.82965,300.9679,0.81496567,734.61957,323.14966,0.56570834,742.91345,324.03156,0.59245515
0.0,0.0,0.21511371,0.0,0.0,0.17286018,0.0,0.0,0.09833564,157.18205,199.92416,0.5438328,0.0,0.0,0.29690439,155.15678,216.31894,0.91853267,172.74928,215.94627,0.8765162,151.50014,237.32797,0.7461809,181.13698,236.63817,0.57771516,151.48708,243.23436,0.5558867,0.0,0.0,0.41432393,158.84712,261.75656,0.9541755,170.17468,261.46976,0.941772,155.5761,298.43707,0.93808424,166.08609,298.3431,0.9165139,157.79364,333.94684,0.9012498,164.95363,333.05087,0.8781698
