0.0,0.0,0.108485274,0.0,0.0,0.051319778,0.0,0.0,0.07381315,0.0,0.0,0.38431233,415.78223,192.46045,0.5914118,388.83426,213.64355,0.9552344,422.22308,212.86075,0.96585,381.04385,242.72398,0.80795634,430.00214,237.5093,0.86610126,381.75912,264.65753,0.59696305,426.7904,251.6914,0.66815597,393.07037,265.59943,0.98895067,414.5253,265.43088,0.9904512,396.03516,302.8799,0.98210746,410.71515,302.92075,0.9835722,399.58093,337.75797,0.96735114,409.2051,338.5232,0.9691543
0.0,0.0,0.12818655,0.0,0.0,0.082885176,0.0,0.0,0.07760616,488.68088,217.8185,0.6344969,502.088,217.59872,0.60664725,481.0073,234.01031,0.97032803,511.46637,233.59625,0.9740218,471.95703,255.30273,0.84167385,520.62085,254.1884,0.8542643,471.15842,275.03018,0.61894184,523.4706,274.0887,0.6287454,487.70544,272.351,0.98856175,506.97006,272.40265,0.98884517,488.36472,301.7816,0.97842354,505.63834,301.89487,0.9763831,490.50336,331.0544,0.962287,504.09274,330.6668,0.9592114
0.0,0.0,0.17400473,0.0,0.0,0.1829225,0.0,0.0,0.059265275,662.91876,203.33278,0.80035865,0.0,0.0,0.33628526,659.58746,220.81615,0.9838684,683.35785,220.1481,0.9661786,655.045,242.77403,0.93302673,690.32074,243.6113,0.7518318,651.75195,256.51105,0.7860353,686.6943,258.8027,0.5348103,661.2148,263.40787,0.99118817,676.5775,262.8345,0.98692954,661.7898,298.25302,0.98030204,674.2205,298.35104,0.96641314,663.7769,333.09363,0.95592165,673.03174,332.41385,0.9346928
750.9451,173.2918,0.9490407,754.0887,169.61119,0.76114434,746.2824,169.35358,0.9372274,0.0,0.0,0.3473361,734.6157,171.71535,0.8585075,758.27167,198.88957,0.9558951,721.7716,199.16078,0.9937522,772.41754,230.18387,0.8206379,703.63,234.87042,0.98396665,782.1098,254.25209,0.81416935,696.4729,269.11768,0.9698948,749.84076,260.37918,0.9797126,728.59937,261.2888,0.99231976,748.6363,310.6977,0.96109706,737.059,315.58136,0.98551995,734.0577,354.65576,0.9084411,729.645,366.3779,0.9501804
200.77223,164.22661,0.9688562,205.66116,160.26572,0.9285243,195.76962,160.06544,0.92489815,212.28572,163.37288,0.7703274,188.0377,163.19354,0.7432062,219.87424,191.56615,0.9924353,182.20572,191.66234,0.99002165,231.60046,222.75078,0.9599079,174.79898,229.91998,0.9409271,215.87984,206.51271,0.921043,175.68675,241.46613,0.89760894,213.60812,260.77917,0.995106,189.26688,260.2262,0.99408937,211.79266,321.38412,0.99055487,195.72925,320.074,0.98929965,213.03247,370.11316,0.96932507,203.0359,369.91238,0.9676242
0.0,0.0,0.09306284,0.0,0.0,0.04758651,0.0,0.0,0.06470981,0.0,0.0,0.43734482,541.95654,206.471,0.6381226,523.625,222.08096,0.9550574,551.1428,220.10767,0.97709626,521.1642,242.26102,0.7421394,562.1604,237.99121,0.89538425,0.0,0.0,0.4918455,558.1548,250.33292,0.68879384,531.2516,261.34756,0.98552644,550.0746,260.65128,0.99052495,531.0147,294.4593,0.9662457,552.10583,293.84433,0.9764739,531.545,326.2866,0.93477714,553.8314,325.2524,0.9495035
244.56213,194.76047,0.90399414,248.71947,191.02966,0.8955508,241.37769,190.90433,0.7361876,256.34464,192.87495,0.7877759,0.0,0.0,0.29595122,264.449,212.58264,0.9817892,233.37408,213.4919,0.9506723,272.2117,236.32913,0.9436133,233.16522,237.45969,0.7092683,256.05728,232.57547,0.90583783,242.33379,231.61998,0.6841106,257.2425,267.07407,0.9839371,236.26077,267.3739,0.97196937,257.2202,310.60345,0.97809255,236.23831,310.95477,0.9562836,259.51312,350.06882,0.9506985,237.91705,349.5817,0.9174967
150.54459,193.06842,0.9258816,154.67662,189.46873,0.8779788,147.96524,189.50522,0.8647848,163.45833,192.71887,0.6423324,146.54103,192.98242,0.59534764,173.57274,216.42854,0.97500014,143.05333,216.65256,0.98242617,179.93837,244.88707,0.8727646,138.71141,244.37093,0.90697813,177.43053,267.60538,0.82637614,145.05957,263.70953,0.8556132,170.48975,268.73325,0.98181343,149.87892,268.49585,0.98485804,173.88544,306.6938,0.965734,146.38445,305.84613,0.9690627,174.83315,344.0475,0.9346228,143.95364,342.25693,0.94032055
147.95284,191.21373,0.8709113,151.60953,187.68466,0.85063666,146.85466,187.94594,0.6997855,161.2664,190.06216,0.72373253,0.0,0.0,0.35161108,171.11609,212.80434,0.96772456,146.93486,213.68393,0.955679,173.45715,242.27069,0.8452575,143.09396,242.59132,0.69767123,172.93538,268.87112,0.75739604,143.3644,263.49744,0.6080577,168.9499,266.54626,0.96173495,152.88376,266.50314,0.9545403,170.72339,304.25616,0.9247862,148.51831,303.98605,0.90184814,173.78284,343.00284,0.87347394,147.22845,341.58206,0.84978014
0.0,0.0,0.14062048,0.0,0.0,0.063598394,0.0,0.0,0.15995993,0.0,0.0,0.19837064,649.7311,211.1838,0.6009665,632.0327,222.25044,0.8565174,649.0586,223.28946,0.9163229,0.0,0.0,0.4235652,649.1497,241.34395,0.7063134,0.0,0.0,0.27082008,0.0,0.0,0.4752477,636.62946,254.89206,0.930641,647.12805,255.85934,0.94778925,638.05457,281.79376,0.87813556,646.9967,282.41437,0.9091922,638.8447,306.89417,0.82935655,645.4717,308.30045,0.86195534
0.0,0.0,0.20823231,0.0,0.0,0.09554675,0.0,0.0,0.17285025,0.0,0.0,0.32694954,459.0728,214.11139,0.6289106,440.99536,225.42224,0.92410934,462.4103,226.24298,0.95038235,434.105,240.92723,0.61634135,467.93643,242.10481,0.7886634,0.0,0.0,0.4301184,470.554,254.47389,0.5847084,443.47345,257.1817,0.9628647,457.26816,257.63745,0.97124946,445.59225,282.23914,0.94370556,457.05835,282.5445,0.9559677,447.35587,305.82526,0.9231097,456.00336,306.70062,0.93554926
