0.0,0.0,0.06845714,0.0,0.0,0.01643243,0.0,0.0,0.05642814,0.0,0.0,0.30357242,237.85382,201.29976,0.8210214,199.58405,223.48485,0.9727455,245.01,225.62851,0.9867863,186.8559,258.31354,0.802922,258.05966,262.45834,0.9311439,189.8969,281.63306,0.5417049,255.14482,285.0024,0.7290751,206.28822,290.75226,0.9925275,237.43991,291.71277,0.99516404,205.09273,335.37735,0.97532225,244.34196,335.82098,0.9832893,208.88039,379.74503,0.9321385,252.76324,381.97348,0.94897074
0.0,0.0,0.061992597,0.0,0.0,0.0245509,0.0,0.0,0.051342394,0.0,0.0,0.35718384,459.97763,181.60982,0.6996116,431.16116,203.67198,0.96122116,467.595,203.99667,0.9855063,421.84058,238.66129,0.7588177,474.34445,239.07,0.93460816,0.0,0.0,0.47263992,476.62375,272.9384,0.7291159,436.59747,265.9733,0.99291503,460.29153,266.47156,0.9957789,438.82407,313.2607,0.981048,458.31885,313.8166,0.98752767,439.15762,358.46033,0.9558785,452.16434,359.51285,0.96724474
0.0,0.0,0.08282105,0.0,0.0,0.03509535,0.0,0.0,0.06360052,0.0,0.0,0.40428555,516.2885,192.2561,0.70307076,487.65732,215.09442,0.9694139,524.41705,212.96869,0.9850584,481.32962,249.8596,0.833508,536.44867,239.64157,0.93372333,482.31918,275.94424,0.6022673,530.81274,255.3466,0.75688404,496.48596,273.8029,0.9928474,519.6611,273.39185,0.9950683,501.30396,319.89896,0.97992295,514.89624,319.77948,0.9846976,502.48666,364.41367,0.9454648,506.98138,364.93036,0.9547603
0.0,0.0,0.10273932,0.0,0.0,0.05334682,0.0,0.0,0.07328672,0.0,0.0,0.39012745,684.35675,194.57457,0.56128037,666.0085,212.81052,0.9489197,692.4565,211.59906,0.9702992,662.5756,237.33942,0.72456306,698.89417,234.54872,0.85679454,0.0,0.0,0.47214672,698.03546,253.89911,0.62274164,672.82196,256.66602,0.9862716,689.8721,256.3479,0.989711,676.4992,292.14117,0.97261006,687.9708,291.86496,0.9778617,680.0302,327.6302,0.9530162,685.1356,327.11285,0.95931345
96.66557,188.387,0.9093826,100.04479,184.57329,0.8469058,93.46812,184.60631,0.8229013,105.8318,188.37875,0.62388843,88.45955,188.58731,0.5384256,113.75764,214.7378,0.98579735,81.319115,214.44066,0.99027807,118.33706,248.60434,0.94255376,74.06978,245.14854,0.95128006,105.520004,272.5597,0.9162443,70.35523,265.52884,0.91963834,106.44769,276.0436,0.99528885,83.79362,275.6564,0.9960801,108.330215,323.41562,0.9911187,75.755554,323.05252,0.99122965,111.569756,369.02505,0.97764844,70.570595,368.68967,0.97796804
561.3105,203.58534,0.8950984,563.9792,201.38188,0.87557083,559.86346,201.21782,0.7647896,569.02893,204.21213,0.7542768,0.0,0.0,0.41020024,576.09045,219.29117,0.98411536,553.3136,220.42319,0.9696414,582.66693,233.64848,0.9479918,551.44586,236.1494,0.82742107,575.7175,231.19385,0.9141518,555.24695,232.91516,0.78896105,572.9759,255.9717,0.98694336,557.684,256.47897,0.9808203,577.07904,285.76764,0.97777027,558.2159,286.14124,0.96360165,579.0598,311.8721,0.96030545,558.253,311.62305,0.9429151
164.44081,183.35947,0.5537847,165.72336,179.20682,0.5027291,0.0,0.0,0.26566496,167.32603,182.31197,0.8137152,0.0,0.0,0.46856323,164.65779,208.39664,0.98418736,181.30435,207.59389,0.9745894,158.75528,243.4478,0.89762384,185.71498,241.85417,0.7267775,148.96075,270.25616,0.7560127,178.4536,268.34174,0.54503316,168.72296,269.89902,0.98919135,179.58496,269.28888,0.98582494,164.70428,318.2746,0.9822159,176.54317,318.04584,0.9724603,166.74707,366.37863,0.96328086,174.38414,365.4209,0.94987863
0.0,0.0,0.08754801,0.0,0.0,0.04694845,0.0,0.0,0.055646405,0.0,0.0,0.39046216,299.54214,187.35123,0.52739716,276.29022,213.50296,0.92336637,309.42776,211.93199,0.9372792,267.92612,244.82051,0.68569154,322.6807,245.03218,0.7620435,0.0,0.0,0.4222763,0.0,0.0,0.49966252,286.27142,275.56815,0.97415435,306.9786,274.9183,0.97758454,293.53348,322.97708,0.9654398,303.5853,322.33115,0.9689169,297.13556,371.26852,0.9342876,298.2831,370.15924,0.93888396
0.0,0.0,0.1910642,0.0,0.0,0.055395827,0.0,0.0,0.22305003,0.0,0.0,0.15249969,647.64905,203.19185,0.7350648,629.6377,219.49634,0.8812196,647.80505,221.34691,0.963465,0.0,0.0,0.42278945,651.4349,245.22713,0.86389786,0.0,0.0,0.28411418,653.74695,260.48178,0.65910494,631.344,266.29526,0.96316904,642.89844,267.179,0.9807195,630.828,302.37915,0.94374007,637.6843,302.91934,0.9697287,630.84357,337.16376,0.91811097,631.1911,338.91382,0.9472926
408.79556,210.17131,0.7059884,410.38092,207.8857,0.6287086,407.00455,207.88089,0.6396325,0.0,0.0,0.43767568,0.0,0.0,0.45851234,415.38748,223.2713,0.9445167,399.40417,223.104,0.94353265,418.24646,239.8893,0.72980845,392.9562,239.55019,0.73422307,417.02777,252.89223,0.6423841,391.92722,253.35257,0.644731,410.99985,256.7061,0.95594895,401.8751,256.69824,0.9562204,410.0364,282.2271,0.90346575,403.25598,282.16373,0.9031531,408.46826,304.87894,0.8402974,403.3852,304.94858,0.8401757
