371.04572,155.7363,0.986172,376.27603,149.32191,0.9336337,362.9055,149.45723,0.9719876,382.16745,154.13918,0.6183544,346.1975,154.25417,0.8920491,397.9209,196.22287,0.9935846,323.87247,196.58247,0.997419,416.7687,245.0323,0.9634032,303.5062,240.10583,0.9882494,421.15268,285.20605,0.93824226,316.7785,251.44855,0.9752211,390.0784,304.288,0.9972922,341.2846,304.59778,0.998184,391.4549,381.01007,0.9899564,329.47504,377.00793,0.99346477,389.63245,453.3076,0.94633716,329.1574,442.57202,0.95960665
590.5831,143.22353,0.9690118,595.6759,137.31703,0.7969318,583.9582,136.1928,0.972909,0.0,0.0,0.23454097,563.6689,134.81268,0.9334196,600.8856,175.73254,0.940674,535.64935,170.68338,0.9964645,614.27716,226.36815,0.6724136,504.50174,217.63264,0.9871313,614.41846,275.1457,0.6597808,487.52945,266.4331,0.96874833,579.256,278.8747,0.986062,538.6279,276.50403,0.99625033,573.9447,355.62912,0.98132575,541.6388,352.04865,0.99513227,562.1386,425.92206,0.9548518,545.99603,425.95154,0.9811886
0.0,0.0,0.13014929,0.0,0.0,0.097660854,0.0,0.0,0.055320498,742.4237,206.89725,0.80966884,763.44135,206.76747,0.663318,731.6072,232.78223,0.98705715,774.5877,233.18767,0.984923,719.8775,267.34207,0.9026391,780.19476,268.4708,0.8492701,719.1727,295.4372,0.6565124,775.4588,293.8854,0.5615107,736.4088,294.92725,0.99343264,765.39594,295.06766,0.9929635,732.0257,340.69504,0.98505026,764.3813,341.37222,0.9813959,729.1043,385.82776,0.9636283,763.23505,386.5013,0.95752704
0.0,0.0,0.05876711,0.0,0.0,0.03105168,0.0,0.0,0.037530314,679.14795,186.08696,0.56707376,699.95465,186.03412,0.67779416,667.7767,209.97539,0.9594066,708.9945,211.63284,0.9720418,660.6255,240.81554,0.67173684,717.1905,246.41466,0.7847699,0.0,0.0,0.32473746,0.0,0.0,0.41949165,673.9696,271.74197,0.98637563,701.66943,272.83835,0.9886641,673.72107,320.38754,0.97224355,702.8189,321.66913,0.9741338,673.9342,369.37976,0.9479498,702.3017,370.50513,0.94984454
0.0,0.0,0.17654869,0.0,0.0,0.07285812,0.0,0.0,0.21506155,0.0,0.0,0.05959289,0.0,0.0,0.42653182,0.0,0.0,0.2655164,844.782,230.50227,0.68880016,0.0,0.0,0.091716416,832.1468,265.8004,0.6441243,0.0,0.0,0.0993571,0.0,0.0,0.48589748,0.0,0.0,0.32432526,848.67725,295.29123,0.5775307,0.0,0.0,0.23341839,0.0,0.0,0.46258265,0.0,0.0,0.2071112,0.0,0.0,0.3686651
799.68744,210.25446,0.9126555,802.70544,207.19547,0.8835655,796.98413,207.3895,0.8020664,808.0492,208.18315,0.7605549,0.0,0.0,0.49452496,816.05365,224.15558,0.9844838,788.8932,225.74896,0.9778024,819.3548,244.29547,0.9277148,785.1061,245.829,0.8362372,801.1268,250.49472,0.8828083,794.2648,250.28625,0.7802472,815.2162,271.28094,0.97697574,797.26654,272.16263,0.97144055,816.7079,307.1001,0.9378414,800.7999,307.70645,0.9146445,815.0719,338.17136,0.84186214,804.49646,338.16998,0.80501574
0.0,0.0,0.15022592,0.0,0.0,0.067927815,0.0,0.0,0.11600895,0.0,0.0,0.28409976,454.69623,230.64812,0.5474403,440.2253,241.74648,0.9298185,457.77554,241.96121,0.94729996,432.67105,255.0471,0.70700467,460.00885,257.5956,0.810292,429.9967,266.94595,0.5213667,460.9867,271.7088,0.6287307,440.65176,269.03036,0.9739459,451.9211,268.80084,0.9786105,443.3724,289.76605,0.9552466,451.58008,289.5189,0.9626622,441.3969,308.98737,0.9295082,447.2308,309.3555,0.93816775
0.0,0.0,0.09795428,0.0,0.0,0.05801563,0.0,0.0,0.07717042,0.0,0.0,0.40798345,287.72076,229.17688,0.50397015,273.04593,241.43437,0.95681405,291.56906,241.83916,0.96408457,266.95123,257.8204,0.71741396,295.9813,258.17288,0.7963719,0.0,0.0,0.44862503,295.27048,272.22134,0.5272496,274.75882,271.86166,0.97687644,286.9541,271.92426,0.97932875,275.9474,295.47226,0.93381023,285.0749,295.44852,0.94117224,276.2154,315.67545,0.88794565,282.57397,315.73877,0.89762294
0.0,0.0,0.048850533,0.0,0.0,0.025306167,0.0,0.0,0.026764074,0.0,0.0,0.2957757,0.0,0.0,0.38697112,612.4697,201.56505,0.85202354,639.6814,198.9156,0.90407664,623.92706,243.55095,0.5030103,651.85504,239.43369,0.72670007,0.0,0.0,0.2600296,0.0,0.0,0.42574078,613.8777,275.60114,0.9472296,632.59235,274.19,0.96157247,610.35004,329.25058,0.8653918,629.9548,328.34015,0.899285,611.82654,378.5427,0.73664314,629.50415,377.0051,0.782009
0.0,0.0,0.18740107,0.0,0.0,0.12865473,0.0,0.0,0.14228152,0.0,0.0,0.4499,0.0,0.0,0.47643477,221.11395,257.75354,0.9601,236.4732,257.5213,0.9598835,217.28593,268.5909,0.7655291,242.81618,268.26596,0.7859023,218.67609,275.04184,0.58170164,243.7572,274.38968,0.6015877,223.73833,280.83466,0.98078144,232.95753,280.73453,0.9810759,224.54448,299.66345,0.9642735,231.67137,299.3806,0.96558315,224.4553,317.84537,0.94331545,229.46188,317.88324,0.9453641
