0.0,0.0,0.19304581,0.0,0.0,0.16768873,0.0,0.0,0.05199101,725.33624,201.92223,0.857367,0.0,0.0,0.46895266,720.60626,225.89066,0.99145037,756.2688,224.36473,0.98646355,709.3741,255.96474,0.95140475,767.74036,258.6534,0.86907685,706.2902,272.09082,0.8177957,765.7384,280.4528,0.6643873,727.061,286.9754,0.9952258,750.98444,285.6274,0.9943388,719.6564,331.44733,0.9855885,750.6687,330.65048,0.98003423,718.15216,375.7608,0.9562209,752.0749,373.82675,0.94563574
0.0,0.0,0.23245363,0.0,0.0,0.14675233,0.0,0.0,0.052636832,445.83365,175.53036,0.7346023,0.0,0.0,0.3078201,434.96863,201.98068,0.9912476,484.70203,203.86398,0.9707299,420.3151,240.15994,0.98264635,496.28058,243.98973,0.90924716,417.80777,277.281,0.947909,492.10556,277.9133,0.8401144,441.93732,271.88388,0.9985291,473.6757,273.4293,0.99723226,440.6252,324.80746,0.99675745,464.63144,332.7099,0.99438745,447.55154,377.7894,0.9852718,463.70026,388.63452,0.979572
0.0,0.0,0.09521055,0.0,0.0,0.06331152,0.0,0.0,0.048179984,631.6387,182.29836,0.6677671,650.139,181.36082,0.59509027,624.5253,208.95795,0.9752269,662.9534,207.77684,0.9801599,617.38617,244.44536,0.83521193,671.38336,245.30089,0.8512961,623.8299,266.20624,0.55282557,667.8153,273.63757,0.56788635,633.6142,270.846,0.99195296,659.01697,270.29608,0.99273926,632.7596,321.75485,0.98267865,654.53613,321.34894,0.9818947,633.85944,372.02618,0.9603148,650.65814,370.8087,0.9587491
0.0,0.0,0.21647024,0.0,0.0,0.1607566,0.0,0.0,0.05511653,536.4627,166.70892,0.6760453,0.0,0.0,0.22705233,529.2587,195.05016,0.9781546,570.8454,194.40817,0.9358275,513.0549,234.03355,0.95510936,578.37024,234.39203,0.8087552,516.18243,269.37787,0.8867897,572.1594,272.09674,0.7058681,533.14886,269.0689,0.99665916,559.7134,269.01605,0.99396247,534.35443,325.4459,0.99595934,557.68396,326.7541,0.99336547,544.94916,377.6114,0.9889269,563.5449,379.16812,0.9853982
802.44183,209.8389,0.9275562,805.5979,206.75809,0.9180604,799.981,206.91026,0.7923045,812.2954,208.15845,0.8406526,0.0,0.0,0.42394415,821.61414,225.24976,0.991836,795.2218,226.32443,0.98472875,828.308,246.30359,0.96332556,793.7894,248.05609,0.8521866,812.01044,249.85033,0.93704903,805.3416,251.94359,0.8117179,819.40186,271.93723,0.98961735,802.5992,272.11203,0.98510253,818.2276,309.4294,0.9715441,807.34064,309.2773,0.9529595,814.73083,344.44476,0.9268412,813.1696,343.4548,0.896652
0.0,0.0,0.18167594,0.0,0.0,0.110322304,0.0,0.0,0.122159086,0.0,0.0,0.41978672,609.8706,224.93364,0.515845,593.2778,242.02383,0.92504215,615.3896,241.75389,0.9329877,585.21027,261.8584,0.6123181,617.016,262.5332,0.65723443,0.0,0.0,0.3927623,0.0,0.0,0.4310644,598.59784,278.62558,0.9661618,612.6978,278.6665,0.96900195,600.0029,307.94382,0.9613323,609.51227,308.08026,0.96309924,603.156,338.81848,0.94982636,607.15314,338.95718,0.951446
0.0,0.0,0.15520307,0.0,0.0,0.0959191,0.0,0.0,0.113014705,0.0,0.0,0.46690544,297.4382,233.21667,0.5193909,283.05988,243.58972,0.9718552,300.9372,243.92776,0.97443503,275.97128,258.18954,0.7943339,305.59818,258.45004,0.82748896,275.35016,270.21634,0.5952739,304.82922,270.6497,0.62774545,284.7403,270.97565,0.9891788,295.6568,271.13147,0.98971635,284.8798,293.36868,0.9779484,293.58142,293.28302,0.9792053,284.26193,314.76328,0.96228015,291.5756,315.01953,0.9642866
0.0,0.0,0.27511242,0.0,0.0,0.18681063,0.0,0.0,0.21309969,354.422,231.51341,0.5708095,361.56732,231.75514,0.60285074,350.50528,243.3913,0.9783844,365.28708,243.62726,0.9793051,345.52737,258.50592,0.82123023,369.54092,258.35956,0.84764767,345.52393,270.74255,0.63489133,369.47443,270.7354,0.66806084,352.72888,271.42303,0.98619825,362.335,271.54324,0.98671097,353.29736,293.80444,0.9680467,363.11826,293.64706,0.9696149,353.4331,314.4743,0.9381955,362.7995,314.55807,0.94070774
0.0,0.0,0.1517113,0.0,0.0,0.093952015,0.0,0.0,0.13321441,0.0,0.0,0.4036286,262.70102,237.1392,0.5365265,249.6425,246.99284,0.94264436,265.1979,247.7271,0.95314443,244.60895,260.03717,0.66813636,267.48486,260.75433,0.76844525,0.0,0.0,0.45907718,266.67957,271.4436,0.5512807,250.47334,271.56622,0.9682788,260.90573,271.78268,0.9720977,250.84686,290.90787,0.94402033,260.22253,291.04504,0.95148593,250.16612,309.07916,0.9206902,258.07117,309.3547,0.9290248
0.0,0.0,0.38607746,0.0,0.0,0.2735675,0.0,0.0,0.31125075,0.0,0.0,0.45956665,56.63302,249.29066,0.543755,50.652306,258.41772,0.96447134,58.228817,258.48343,0.9678757,47.188553,270.52438,0.7926609,60.535805,270.69724,0.8275553,46.55168,280.94858,0.6605408,61.006535,281.10028,0.69719636,53.829163,280.89017,0.9756672,58.73149,281.04926,0.9769189,54.37171,298.85123,0.94431126,59.496513,298.83777,0.947477,54.3184,314.97998,0.9051232,59.737144,315.06125,0.9096831
