0.0,0.0,0.0006872274,0.0,0.0,0.00026881762,0.0,0.0,0.00014072224,0.0,0.0,0.036509942,0.0,0.0,0.008235257,0.0,0.0,0.40755308,0.0,0.0,0.14470997,670.51324,154.6528,0.6762266,0.0,0.0,0.22470468,0.0,0.0,0.49599496,0.0,0.0,0.16652828,730.91644,267.95337,0.9261315,774.54785,269.19672,0.8518402,694.65826,460.52267,0.5469463,0.0,0.0,0.3316651,0.0,0.0,0.0764837,0.0,0.0,0.040683135
0.0,0.0,0.0828561,0.0,0.0,0.040141962,0.0,0.0,0.05865384,251.7449,182.89406,0.5414359,269.4229,183.05603,0.7355182,241.95695,204.2306,0.98175067,278.08496,204.9271,0.9915177,227.9431,232.27113,0.9062841,287.6759,234.85487,0.9650978,224.70892,258.34177,0.726726,292.21442,260.84323,0.8500112,249.7046,260.61887,0.99630886,272.7386,260.9674,0.99761,249.96945,300.89792,0.9900018,268.81656,301.139,0.9926811,253.77054,337.55392,0.97336674,267.8535,338.18463,0.97876555
441.11987,160.08936,0.95985043,444.99472,156.07413,0.8824784,435.9692,156.03105,0.9267088,451.2312,159.498,0.63225836,429.15964,159.38837,0.78708905,462.85773,188.84521,0.9849178,418.9239,185.75824,0.9922077,467.4721,219.20355,0.9253427,412.63272,214.66011,0.9702361,458.11816,226.6573,0.8810182,444.2081,226.25456,0.94128567,455.58722,262.21918,0.99495304,425.81696,260.21695,0.99640024,452.70926,320.22498,0.99122226,421.42294,314.98013,0.99419576,443.4423,372.82495,0.97755504,412.09372,365.23993,0.98328596
495.5895,198.87099,0.9376865,498.75,195.87396,0.87181705,492.58792,195.50224,0.90309465,502.94724,199.03442,0.586012,486.7353,197.67023,0.7341877,507.08588,219.57683,0.98745406,477.17944,218.74837,0.9917482,515.97327,242.58914,0.92802817,472.72845,241.9152,0.95010746,525.14514,258.8294,0.8973951,483.88837,250.20851,0.9157503,501.06335,268.63602,0.9932627,482.58075,268.90988,0.9945523,501.84033,308.017,0.9867111,489.9072,308.51132,0.9882543,495.32755,347.5985,0.9690554,487.83395,348.27493,0.97217655
0.0,0.0,0.22481868,0.0,0.0,0.11005739,0.0,0.0,0.19582409,0.0,0.0,0.45468116,87.30587,217.23277,0.73061115,71.88909,228.81816,0.9705236,90.56518,229.21446,0.9847751,64.965996,243.0216,0.8087414,95.97466,243.0487,0.92003393,64.01725,255.99654,0.6197561,96.25143,255.01518,0.76978254,72.21228,256.00537,0.9870657,84.280426,256.24835,0.9907442,71.927185,277.06226,0.97230095,81.198975,277.3741,0.97836715,72.54857,296.58047,0.9516384,79.871025,297.4972,0.9588172
0.0,0.0,0.17133676,0.0,0.0,0.11343857,0.0,0.0,0.1364539,113.04793,217.32893,0.5027956,121.26852,217.32924,0.5785081,108.86052,227.90134,0.97318506,125.26059,227.97545,0.9758822,103.13856,242.2076,0.79719394,129.586,242.2813,0.8387127,101.93503,254.07355,0.58501625,129.10008,254.61922,0.6327286,110.85656,254.29182,0.9849219,122.01191,254.21548,0.9860934,111.17119,275.21713,0.9640915,121.41009,275.1176,0.9670281,111.426796,294.9734,0.9416667,120.85444,294.831,0.9455688
0.0,0.0,0.16708139,0.0,0.0,0.081492886,0.0,0.0,0.13734877,0.0,0.0,0.36582044,165.9754,214.09511,0.63061696,149.73474,225.40308,0.95139635,169.7587,224.95929,0.97057444,144.45325,240.4821,0.76586974,175.3679,238.66998,0.8782923,145.10547,252.20988,0.57257736,173.4839,248.77377,0.7037899,152.23961,253.94836,0.9802545,165.4356,253.77917,0.9850521,152.03212,276.66785,0.95633376,162.62767,276.56128,0.9645551,151.4472,297.58084,0.92279726,160.11034,298.06644,0.93294585
0.0,0.0,0.057515495,0.0,0.0,0.039194163,0.0,0.0,0.03856964,0.0,0.0,0.4819179,0.0,0.0,0.47275168,301.98047,234.26228,0.9658712,322.9838,233.0023,0.96421045,298.79706,249.60393,0.7928028,334.4946,247.9574,0.78916883,300.87695,262.81885,0.5075111,337.4982,260.91656,0.5037091,309.8504,264.08844,0.98029757,323.94644,263.65674,0.98055273,310.4974,286.8495,0.9201338,328.00284,286.27536,0.92174727,312.107,305.432,0.8277928,330.9478,304.71722,0.8315134
0.0,0.0,0.23232129,0.0,0.0,0.114483334,0.0,0.0,0.24613489,0.0,0.0,0.26335073,402.16687,201.44337,0.6595635,386.97144,216.03781,0.89836323,403.1246,216.09358,0.9368347,0.0,0.0,0.47021982,405.01718,237.27597,0.71893924,0.0,0.0,0.29916304,0.0,0.0,0.4922928,391.88315,253.21043,0.9312312,401.33887,253.6306,0.94607633,392.9344,283.105,0.84984833,400.66907,283.2644,0.88268304,392.96628,310.83997,0.75820297,398.40228,311.72943,0.7963175
565.10455,215.93988,0.867279,567.43524,213.98201,0.8434639,564.13446,213.83908,0.709323,572.39355,215.29335,0.7440934,0.0,0.0,0.38849562,578.2661,227.02252,0.97666717,560.6585,227.38802,0.9599246,580.3595,240.15352,0.91897875,557.7136,241.00436,0.7827667,567.0635,238.43245,0.8733421,561.7829,240.82532,0.73590183,571.93085,260.02365,0.9659354,560.49976,259.5418,0.9534181,567.3823,284.97192,0.9235786,556.96344,284.39627,0.8859607,563.937,306.0662,0.8532177,555.54675,304.90164,0.8074533
0.0,0.0,0.16647173,0.0,0.0,0.14340052,0.0,0.0,0.08024266,0.0,0.0,0.46617362,0.0,0.0,0.16581786,357.94586,221.2311,0.9266546,366.8296,220.95122,0.8883909,354.87067,238.65277,0.76476306,369.8711,237.59686,0.56450975,350.42184,249.50728,0.6002039,0.0,0.0,0.4219937,355.88654,253.0178,0.97510093,361.39603,252.50873,0.9689692,355.5539,279.40295,0.9597558,359.3792,278.9989,0.9477518,357.15976,304.13803,0.92949605,358.8098,303.61563,0.9143173
