119.51563,205.4336,0.9447401,121.66657,203.16853,0.85650635,117.24308,203.03322,0.92973775,124.18778,204.79893,0.5246001,112.611626,204.32544,0.83041793,127.074066,218.6971,0.98703206,106.18345,218.39595,0.9962172,132.23232,234.67308,0.91287893,98.11405,234.23627,0.98388183,132.58368,246.83655,0.8873291,94.50781,249.23827,0.96628714,122.807846,252.0846,0.99141663,110.07295,252.11127,0.9955804,120.73464,277.22134,0.97679603,110.65772,277.06375,0.9867237,120.9225,300.04724,0.9539952,113.20094,300.13168,0.9692106
462.58948,178.55115,0.8582871,0.0,0.0,0.44555405,458.48386,174.9675,0.8544203,0.0,0.0,0.17826504,445.7718,179.26746,0.8474105,459.04446,207.8859,0.92610836,431.1878,207.73262,0.9925816,469.72525,242.78993,0.7323006,417.3254,243.30736,0.9840427,475.2589,261.87735,0.7126039,405.72263,268.53802,0.9644762,452.1469,276.42786,0.98329306,437.30496,276.6557,0.99471515,448.35138,326.86185,0.9757578,451.1136,327.4212,0.99248177,431.3442,372.6182,0.950937,446.083,376.8769,0.97682244
519.53937,197.40189,0.66620857,0.0,0.0,0.1799139,515.7998,194.19548,0.7729147,0.0,0.0,0.04279237,504.8762,196.8561,0.8830371,508.6318,214.18867,0.8967864,496.14105,218.3145,0.9885755,515.8391,238.36563,0.5617095,489.9252,250.0421,0.9828455,528.5009,252.33784,0.58304334,502.85574,268.65167,0.9581066,511.12924,272.1727,0.985966,503.7517,275.00327,0.99596524,509.44754,314.32516,0.9768316,505.7638,317.3023,0.9933983,500.04367,352.69293,0.9567318,496.1224,358.36237,0.98313004
0.0,0.0,0.1604406,0.0,0.0,0.11371634,0.0,0.0,0.07742888,337.06125,189.91145,0.5515469,0.0,0.0,0.40493792,332.21243,205.15735,0.9687148,354.73212,206.40042,0.96068597,324.6865,218.8731,0.8713076,360.2455,226.43896,0.7996597,326.55225,218.57217,0.70704794,357.55603,233.89815,0.61905587,334.98413,246.74402,0.98893726,349.38403,246.9007,0.9878207,334.90765,277.67346,0.97939,344.22763,277.9227,0.97511315,339.65292,307.3082,0.95937496,344.13037,307.35538,0.95330054
165.64209,202.8671,0.8257193,167.13527,200.80663,0.69906235,164.06375,200.73811,0.73933494,0.0,0.0,0.4602306,161.26015,201.84232,0.554678,174.34766,214.03342,0.96799994,156.17723,213.61246,0.9780418,179.2757,229.28119,0.8894146,148.87587,228.00317,0.92668056,179.1522,238.90991,0.85440445,150.54674,236.13167,0.8892727,168.7983,246.91245,0.9814689,158.0431,246.6982,0.98466706,167.79219,272.53436,0.9611619,161.0636,272.32965,0.9655029,163.52423,296.7626,0.92717516,160.00703,296.61395,0.9335574
702.2012,205.5006,0.8827438,704.6028,202.8169,0.8626483,700.732,203.13747,0.71637547,710.43286,203.21419,0.7713382,0.0,0.0,0.38909784,720.2695,217.03883,0.9860094,696.14996,216.88402,0.9754951,727.59357,234.58138,0.946084,689.7481,229.9643,0.83043206,717.87177,241.4107,0.90935695,696.3246,227.49103,0.78396827,717.008,253.56204,0.9838292,701.72424,253.22395,0.97757405,716.974,279.98672,0.9623083,701.9651,279.48105,0.94173867,716.0538,303.194,0.91333616,706.29785,301.96692,0.8830522
0.0,0.0,0.3557315,0.0,0.0,0.073851906,0.0,0.0,0.4898468,0.0,0.0,0.072179794,761.39435,202.5326,0.8711385,749.64624,216.32341,0.85669225,758.5745,219.19748,0.9792188,0.0,0.0,0.39604378,765.82465,241.40643,0.9589524,0.0,0.0,0.3547738,774.87225,255.28557,0.8860481,750.6998,255.76698,0.9667413,757.45514,257.7173,0.98917717,757.0527,282.6223,0.95422757,767.7181,284.1037,0.985886,750.5325,311.979,0.9520398,762.52856,315.1569,0.980051
789.3504,189.8145,0.55563706,0.0,0.0,0.19527793,786.42554,187.00726,0.59072506,0.0,0.0,0.0943314,779.09076,188.5458,0.7371547,780.2125,204.3101,0.8559697,774.13116,205.33151,0.9412319,0.0,0.0,0.48854974,775.7256,231.40378,0.8627012,0.0,0.0,0.4472553,787.182,250.5284,0.7700226,777.0264,247.07959,0.92137814,773.23676,248.35442,0.9534832,794.7647,273.13498,0.884557,792.10614,274.5324,0.9381481,783.3057,309.90393,0.8517858,783.35706,312.76083,0.9059973
0.0,0.0,0.2020242,0.0,0.0,0.11818428,0.0,0.0,0.13871382,0.0,0.0,0.40870643,240.08737,214.99403,0.510912,227.05217,226.00586,0.9438409,243.97757,225.88705,0.9557453,220.93102,239.63716,0.75472695,249.72675,239.98592,0.81814456,219.01395,249.20122,0.5807863,250.36903,249.2372,0.64851505,230.13905,250.95993,0.97694606,241.00124,250.84291,0.9807585,230.07608,273.1933,0.96281326,238.35092,273.12167,0.96714306,230.95966,295.092,0.9423983,236.69118,295.2029,0.9471872
165.30113,204.16925,0.61730814,0.0,0.0,0.42353112,163.22948,201.96884,0.6302053,0.0,0.0,0.20224738,158.45471,202.76733,0.6021741,167.79625,213.80829,0.9130752,152.01628,214.04236,0.94797415,169.27664,227.42741,0.61445427,147.88882,228.7089,0.831838,165.59924,230.20688,0.577916,156.43536,232.47385,0.7656037,166.68774,245.33351,0.9640817,156.71426,245.96204,0.9725677,166.87665,271.3939,0.9408606,158.63379,271.60266,0.9561968,165.34987,295.63626,0.906945,158.99692,296.4853,0.92599183
768.5607,204.90744,0.5659345,0.0,0.0,0.20727104,766.872,202.1638,0.620995,0.0,0.0,0.1603619,759.88947,204.72937,0.826002,752.8954,219.18591,0.9284769,756.25867,222.86856,0.98063356,758.83594,239.76643,0.5420746,762.0313,245.87941,0.92237735,0.0,0.0,0.43750873,770.1694,257.72375,0.805018,752.7167,260.88846,0.96014005,755.1885,263.1111,0.98063344,759.65796,288.07248,0.8937958,761.5397,289.80832,0.94824064,755.0287,313.95633,0.8397475,756.42163,317.38263,0.9038417
