0.0,0.0,0.19481263,0.0,0.0,0.1540004,0.0,0.0,0.051228017,285.95883,158.87582,0.723088,0.0,0.0,0.21556312,275.6886,187.097,0.98139817,321.4026,185.37871,0.910195,263.10205,230.81607,0.95549065,323.133,221.60292,0.71930665,261.9048,266.64554,0.8723769,314.10687,243.71059,0.5943115,281.9995,258.79318,0.9967527,312.8932,258.49258,0.99299884,281.39664,321.30432,0.9967354,314.4341,326.80292,0.99369824,283.6025,381.8664,0.9910682,318.69943,392.12112,0.9867279
612.38727,194.56374,0.9433492,615.21356,192.06113,0.8772887,609.98376,191.78493,0.9106313,618.6894,194.35231,0.6473652,605.5343,193.52194,0.7756154,622.2593,211.94286,0.9904462,598.89496,210.86479,0.99571866,625.22833,233.23384,0.92902666,592.52075,230.98116,0.9723957,619.8599,248.5855,0.89347017,591.30164,248.04547,0.9430841,615.09344,254.39153,0.9915337,600.1438,253.78217,0.9944936,612.0004,285.55792,0.9747141,597.71356,284.80917,0.98138213,611.4723,314.4072,0.9352881,598.1943,313.6069,0.9477197
0.0,0.0,0.1427723,0.0,0.0,0.08449447,0.0,0.0,0.10302083,181.56276,212.10959,0.5965007,193.18332,211.82642,0.69304025,173.58229,225.33627,0.9757893,200.86266,224.4271,0.9831734,166.78864,242.81169,0.85023946,211.64046,239.75125,0.9015623,166.9742,256.12265,0.63511455,211.71141,250.57768,0.70703274,178.21788,257.90945,0.9891493,195.81142,257.77505,0.99087924,178.49632,282.12793,0.9751652,193.61969,282.21698,0.97670627,179.56145,305.14767,0.9541234,191.91966,305.1826,0.9553372
466.0645,213.05746,0.84223837,468.08493,210.80797,0.7297066,464.33844,210.84895,0.75154346,471.56082,212.0052,0.5362614,461.32452,212.04388,0.5813177,477.33813,224.07726,0.97866243,456.2713,224.75114,0.98454976,483.36703,235.60449,0.89512783,450.9271,238.42862,0.9217247,474.08984,226.28662,0.8531326,459.7362,232.39738,0.87538713,472.86884,259.56085,0.9892181,459.4578,259.64835,0.9907871,471.13498,286.66742,0.982251,458.68094,286.48407,0.9833968,469.23956,311.88608,0.9646154,459.83826,311.43234,0.9663073
663.4912,205.8198,0.91047376,665.8687,203.80447,0.8669628,661.66187,203.59381,0.8165591,669.5645,206.47313,0.7323723,658.24146,205.93782,0.5691279,673.52264,220.64755,0.9883908,653.5968,219.8039,0.9870623,676.96674,234.75404,0.9387145,648.4946,232.58305,0.8999413,666.9331,230.54109,0.90189904,653.9288,226.82484,0.85139316,667.963,253.40529,0.98760134,654.58105,252.8488,0.9864237,668.85614,280.14297,0.9722249,652.8431,279.4976,0.9657298,669.46924,304.46487,0.9392625,652.2027,303.41556,0.92949253
0.0,0.0,0.1190516,0.0,0.0,0.06713913,0.0,0.0,0.123311326,0.0,0.0,0.32663593,251.2837,218.36224,0.5958579,236.6095,227.83951,0.920928,254.08409,228.49976,0.9452556,230.64674,241.28824,0.5939668,257.40753,241.82545,0.7766179,0.0,0.0,0.39110336,257.25775,253.15851,0.5542727,239.09111,252.79291,0.96014595,250.64626,253.04347,0.9678022,239.61833,273.5981,0.93294185,250.32605,273.65778,0.9472106,238.58072,293.70694,0.90256435,248.31854,293.96695,0.9188521
0.0,0.0,0.14874479,0.0,0.0,0.064850904,0.0,0.0,0.19523594,0.0,0.0,0.04633276,0.0,0.0,0.31883597,0.0,0.0,0.22598095,843.5376,225.25676,0.57985574,0.0,0.0,0.10919872,839.6315,246.46565,0.6131768,0.0,0.0,0.14171322,843.43243,262.67535,0.5220097,0.0,0.0,0.3899017,845.4745,262.76,0.610339,0.0,0.0,0.39831457,846.7511,296.48102,0.62406343,0.0,0.0,0.4524868,840.44135,327.67944,0.6274914
0.0,0.0,0.26006734,0.0,0.0,0.12579656,0.0,0.0,0.30520508,0.0,0.0,0.09710316,0.0,0.0,0.4626035,847.0229,226.1955,0.5030983,844.26324,227.6857,0.80210334,0.0,0.0,0.18936679,841.7661,243.08714,0.6813655,0.0,0.0,0.19550243,843.7534,251.57115,0.55316216,848.2648,258.2567,0.6444224,846.8179,259.26923,0.80123067,847.56036,289.57333,0.55565006,846.2442,290.222,0.7338818,845.6167,318.55087,0.54849756,843.6968,319.94116,0.68985003
0.0,0.0,0.3041693,0.0,0.0,0.19386375,0.0,0.0,0.29027677,0.0,0.0,0.1560435,0.0,0.0,0.34113753,848.4648,226.74066,0.620646,844.24384,226.81743,0.71731776,0.0,0.0,0.30293137,0.0,0.0,0.4971915,0.0,0.0,0.2546666,0.0,0.0,0.38666388,848.65356,255.74557,0.59579825,846.5619,256.12393,0.6497097,0.0,0.0,0.43481106,0.0,0.0,0.4910869,0.0,0.0,0.3777384,0.0,0.0,0.4202453
0.0,0.0,0.20572777,0.0,0.0,0.10295399,0.0,0.0,0.229146,0.0,0.0,0.262335,135.44371,219.7014,0.6710976,124.69942,229.34843,0.93737185,136.16666,229.5758,0.9608498,121.331924,240.37128,0.63508004,140.60991,240.70512,0.84476817,0.0,0.0,0.45789284,144.58093,249.25023,0.66930944,127.68076,251.44293,0.96437484,134.85405,251.8458,0.9724233,129.5174,268.22513,0.92780674,135.73831,268.21738,0.94700724,127.4577,282.40448,0.8978989,133.05545,283.1041,0.919599
