0.0,0.0,0.05584144,0.0,0.0,0.026260031,0.0,0.0,0.03797999,265.55557,170.83244,0.6083611,286.53305,171.53722,0.7530897,252.48009,195.88683,0.9886568,295.35324,197.41646,0.9944999,233.76971,230.72714,0.94766945,308.6708,233.73895,0.9755863,228.55057,261.79367,0.8086523,312.9074,264.06165,0.8727476,259.88956,264.14136,0.99774337,286.7155,264.91537,0.99843687,259.93253,311.4203,0.9909423,283.0921,312.20715,0.99243927,261.91348,355.8714,0.9664147,278.6956,357.5788,0.9704376
594.2754,114.33594,0.97658396,598.21936,108.65719,0.8045171,586.9947,108.390465,0.9722634,0.0,0.0,0.32234088,570.3502,114.296524,0.94144267,605.1152,159.24557,0.98093593,554.43115,162.93222,0.9987835,614.6791,216.81442,0.88640404,542.56,229.87071,0.9966114,629.6087,265.95145,0.8699104,546.61444,288.24786,0.99069375,607.6348,271.44714,0.99741,573.421,274.5467,0.99932206,617.40186,350.5803,0.99492407,578.342,355.3678,0.9987382,604.99,428.00873,0.9802814,563.22943,437.96664,0.992059
714.1993,149.40457,0.9582456,720.4148,145.01297,0.8202171,707.9924,144.41441,0.94612306,0.0,0.0,0.41418132,696.13184,146.58926,0.8526445,728.4877,178.85,0.9643845,682.6344,177.46733,0.99445087,731.1391,204.08047,0.8125828,666.96136,210.75714,0.9795196,709.64905,169.62465,0.7591752,680.21185,193.94223,0.95247096,718.2388,266.28976,0.99008805,691.7749,266.431,0.99593335,700.11816,341.73907,0.98945564,710.56903,345.32858,0.99586934,678.6414,410.83414,0.9726785,727.04407,421.55118,0.98509765
387.88788,174.04817,0.8904531,390.25934,170.46222,0.60932845,384.47482,170.30637,0.8558538,0.0,0.0,0.33768612,373.94937,172.52103,0.8172687,394.1476,195.6483,0.9671126,360.55963,196.74681,0.99257666,404.00192,224.40515,0.8746665,359.0885,227.13803,0.9812211,404.5707,223.04611,0.83358335,381.41513,219.42538,0.9593163,391.07864,256.73172,0.99131995,367.93692,257.99094,0.9956169,390.0232,303.45767,0.98231536,367.974,306.8592,0.9917224,380.05148,341.8145,0.95213485,365.3487,347.03516,0.9708581
0.0,0.0,0.12204754,0.0,0.0,0.058315992,0.0,0.0,0.12500237,0.0,0.0,0.39110646,128.94348,216.16974,0.72147495,111.63001,227.20258,0.98015183,133.11786,227.89537,0.9871373,105.01452,242.29253,0.8028043,139.1597,242.90843,0.9217086,106.99963,254.12555,0.5655854,140.3859,255.0261,0.7455211,114.76587,256.1992,0.9906933,128.6548,256.51752,0.9926945,116.634865,278.64548,0.9709721,128.42645,278.62784,0.9784989,115.937675,298.94965,0.94577914,125.9698,299.42847,0.9570435
0.0,0.0,0.13044992,0.0,0.0,0.075737126,0.0,0.0,0.11189916,0.0,0.0,0.43644917,168.58858,210.64449,0.58392686,152.76393,222.279,0.97115266,172.08594,223.15974,0.97633594,145.78986,239.17702,0.78389215,176.09338,240.29819,0.85796237,145.59578,253.70312,0.5528763,175.24356,255.10501,0.6440643,153.75899,253.94945,0.9870366,166.34155,254.1891,0.98846334,154.90599,279.10425,0.96175367,164.9159,279.29385,0.96678233,154.82475,301.5615,0.9254321,162.36417,301.93027,0.9331274
0.0,0.0,0.14742789,0.0,0.0,0.079558894,0.0,0.0,0.13566788,0.0,0.0,0.44827026,86.598366,215.65237,0.6529069,69.45154,226.59634,0.9748282,89.667725,228.03517,0.9809124,62.40319,242.01443,0.776953,92.68762,243.8666,0.8737447,62.92112,254.24588,0.5360303,91.67777,256.24805,0.65996104,70.39785,256.3287,0.98522216,83.76826,256.87933,0.987318,70.23166,279.3849,0.95693994,83.310646,279.83255,0.96438825,69.19164,300.24066,0.92133754,80.76155,300.9707,0.9319435
0.0,0.0,0.11357965,0.0,0.0,0.068491176,0.0,0.0,0.06887179,0.0,0.0,0.48964638,762.84796,211.27591,0.5126713,745.1952,227.11452,0.95484453,770.2671,228.22253,0.96915674,738.4709,242.03569,0.8039684,782.8129,244.19829,0.8836863,740.8718,230.87482,0.598928,782.90857,233.4859,0.7028696,749.8185,271.55362,0.98341113,765.3278,272.06622,0.9868803,752.241,305.04587,0.9612914,764.1314,305.65396,0.96721226,753.5984,335.082,0.9101532,759.558,335.05338,0.9194649
437.3003,206.86232,0.90604824,439.73715,203.93019,0.8242811,434.51706,203.99297,0.85577685,443.37555,206.05215,0.5578097,429.57697,205.97414,0.66011965,449.42123,224.40543,0.97811437,422.88647,224.38002,0.98531914,457.46255,245.44049,0.87036693,416.85025,244.82504,0.9158441,457.55914,254.38806,0.8204849,420.13385,250.46506,0.863967,443.34937,267.76205,0.9868247,426.98172,267.8705,0.98943275,441.1178,301.55374,0.9800427,427.60907,301.70236,0.9824802,438.61765,334.8797,0.9638328,427.7552,335.01395,0.9668983
0.0,0.0,0.2932954,0.0,0.0,0.075960346,0.0,0.0,0.3155588,0.0,0.0,0.15975152,472.80075,196.92259,0.80991143,453.54013,213.15875,0.91903484,475.11725,213.36334,0.9744221,0.0,0.0,0.47121665,480.3333,237.22108,0.88634825,0.0,0.0,0.3178646,486.24768,256.64355,0.69951725,457.50012,256.7036,0.9621607,472.26056,256.79044,0.9808775,459.62683,290.38538,0.9170154,473.35333,289.82315,0.95870745,461.65402,320.7366,0.87308824,474.09546,321.23218,0.92264074
0.0,0.0,0.23750128,0.0,0.0,0.102301225,0.0,0.0,0.29771414,0.0,0.0,0.06289391,0.0,0.0,0.43188038,0.0,0.0,0.38776398,837.9864,225.37466,0.74324316,0.0,0.0,0.12091008,833.6053,244.94788,0.61662614,0.0,0.0,0.13708511,0.0,0.0,0.49376318,846.6897,264.52582,0.5734098,841.9169,265.7636,0.76337856,844.8644,295.27353,0.5297497,841.6102,296.16495,0.7290909,846.2875,324.74957,0.56984234,843.3689,326.3948,0.7190087
497.13968,219.83728,0.61050147,499.0184,217.73991,0.6002927,0.0,0.0,0.42344162,503.24887,218.75143,0.5570965,0.0,0.0,0.21625836,507.06442,229.35231,0.9477364,494.89774,229.15529,0.91000724,509.5445,242.74934,0.81061274,493.13135,242.1353,0.59562975,504.88083,252.40851,0.72192806,493.30603,251.42644,0.53484863,503.63345,256.47623,0.96182966,496.31906,256.14352,0.9508149,503.25623,277.58228,0.9283109,497.75055,277.39365,0.9048599,504.68982,298.27914,0.89925283,500.70374,297.91547,0.87524617
