0.0,0.0,0.445813,0.0,0.0,0.108278885,0.0,0.0,0.43756273,0.0,0.0,0.1920157,295.89914,177.0398,0.77926314,263.59747,200.78995,0.8715296,292.75922,206.32503,0.98070014,254.96509,241.57536,0.6344366,303.14792,245.20856,0.9611257,269.59872,252.3199,0.5725792,311.2654,240.51764,0.9009188,265.0754,274.03128,0.9577786,286.42062,277.9687,0.9834579,268.9604,326.32846,0.943173,303.39896,334.0579,0.9776538,256.7658,369.60983,0.8909433,303.7895,383.34644,0.93736523
0.0,0.0,0.16059892,0.0,0.0,0.049019635,0.0,0.0,0.14511435,0.0,0.0,0.33047977,583.4229,196.56984,0.8199614,557.4543,216.70609,0.96789575,588.9503,217.30139,0.9836198,546.76764,241.10297,0.7635752,595.2409,243.86935,0.9108315,552.5856,248.84842,0.52680945,594.45807,253.80399,0.7198586,565.0729,270.30243,0.99249697,587.3765,270.6426,0.9948704,565.0555,312.3174,0.9877209,592.6999,312.15714,0.99118596,563.9134,351.8747,0.976779,596.1954,352.62314,0.9817639
0.0,0.0,0.07857669,0.0,0.0,0.050665054,0.0,0.0,0.0463769,369.39517,196.76599,0.5458927,386.51883,195.98965,0.5790807,361.1795,217.86623,0.9571215,396.73553,216.06277,0.9689781,351.93448,243.48946,0.7679919,407.89273,238.97458,0.8367446,0.0,0.0,0.48005173,401.15875,244.73947,0.564309,370.8361,272.5261,0.98357403,392.88593,272.20135,0.9862905,377.1425,314.0061,0.9624308,389.30896,314.17432,0.96576136,381.46353,356.14114,0.9165691,383.59213,355.61008,0.9212897
0.0,0.0,0.1200258,0.0,0.0,0.074997045,0.0,0.0,0.06531081,154.86989,206.04718,0.54567176,0.0,0.0,0.48709834,146.22237,221.69435,0.9542027,173.29903,222.1449,0.95015866,137.08792,241.83772,0.7515901,174.51474,242.1547,0.6905645,0.0,0.0,0.49384725,0.0,0.0,0.42396054,151.09578,264.85843,0.97919774,169.61844,265.3745,0.977013,144.39873,300.07553,0.96221834,166.0843,300.81805,0.95261437,140.84026,334.20786,0.9331462,163.14828,334.80457,0.9208923
507.5304,198.15398,0.9127246,510.48764,195.65846,0.8603487,505.43542,195.32024,0.8185228,515.09735,198.09863,0.706438,502.0168,197.2144,0.57116103,519.25574,214.0798,0.9873263,497.25122,214.67805,0.9849866,524.4337,232.3197,0.92324114,498.2312,235.61719,0.87622535,515.1392,225.03113,0.8771124,506.65933,230.14014,0.81913024,516.9034,255.51274,0.98489285,501.6237,256.21625,0.9836866,521.0342,290.12503,0.9596361,503.67065,290.96808,0.95220965,526.16766,319.70892,0.9085518,505.30106,320.0792,0.89610285
0.0,0.0,0.1227432,0.0,0.0,0.07395315,0.0,0.0,0.07236217,0.0,0.0,0.47455478,694.41895,203.43231,0.51202226,676.20764,218.61473,0.96514964,700.8406,217.39705,0.9727289,672.24457,237.75095,0.8374531,706.46094,236.27899,0.8723309,673.58057,253.05092,0.6352391,705.0334,251.76704,0.68264115,681.97003,254.90164,0.9888521,698.204,254.46613,0.9905714,683.34076,283.40283,0.9750767,696.52747,283.1447,0.9770269,685.4521,311.279,0.95230585,696.4953,310.86346,0.9548254
452.00467,202.88757,0.87966293,453.46255,200.5012,0.6899163,449.34265,200.20116,0.8734175,0.0,0.0,0.3420181,442.52243,201.27625,0.81032526,456.70966,217.83882,0.9637339,434.92743,216.84435,0.9890723,461.30124,235.45193,0.71954584,427.2253,235.61465,0.943906,457.07565,248.38655,0.6532909,424.90164,254.16208,0.8827626,453.9051,256.06665,0.97240025,440.17197,255.9421,0.98531765,454.6151,285.717,0.937156,441.6316,285.46988,0.96454287,454.96167,311.95132,0.886032,442.7115,311.9595,0.9238441
0.0,0.0,0.18836917,0.0,0.0,0.11334315,0.0,0.0,0.117240444,0.0,0.0,0.2446341,0.0,0.0,0.26816726,316.33936,226.70573,0.8281437,323.02872,227.7858,0.7924119,319.35165,245.65239,0.63803554,330.8198,249.13034,0.569001,320.59344,243.31451,0.5079217,0.0,0.0,0.45932198,318.9132,278.17548,0.9429249,323.62427,278.8084,0.93646604,320.74512,318.44443,0.9440426,325.66605,319.11807,0.93664026,323.218,355.10645,0.9227525,327.00558,355.83755,0.9153706
0.0,0.0,0.20821069,0.0,0.0,0.21320283,0.0,0.0,0.07937955,643.9513,217.28165,0.6867172,0.0,0.0,0.25890723,640.2868,231.12605,0.95501214,659.2638,231.1623,0.9034485,631.6447,247.84149,0.8386798,663.7653,248.6326,0.5361051,628.1941,258.86218,0.65764356,0.0,0.0,0.38532603,642.31836,266.28107,0.9787572,654.36584,266.19174,0.9674934,641.74664,294.62167,0.9775014,649.7358,295.0594,0.9615686,644.56067,323.39603,0.96967554,648.8424,323.14005,0.95483917
0.0,0.0,0.24770679,0.0,0.0,0.114111245,0.0,0.0,0.19674404,0.0,0.0,0.1668932,0.0,0.0,0.4018535,305.3155,214.80383,0.75401014,314.24515,214.36617,0.81663173,0.0,0.0,0.3185791,0.0,0.0,0.49987468,0.0,0.0,0.2422902,0.0,0.0,0.3581835,309.0704,273.20996,0.8634761,315.39706,273.46497,0.89176106,309.43997,321.46506,0.7942353,316.95892,321.72256,0.83632165,315.64606,363.6426,0.7495283,318.6743,363.95395,0.7862786
