0.0,0.0,0.20537573,0.0,0.0,0.17037512,0.0,0.0,0.058785263,278.835,159.47714,0.7464271,0.0,0.0,0.22860557,268.32217,187.65974,0.97904176,316.35638,183.70045,0.89698553,255.21898,232.41013,0.9418364,315.68796,217.19,0.66548175,261.93555,255.8538,0.8340344,304.31412,225.84067,0.5227693,277.44577,256.98395,0.99551696,309.20215,255.26521,0.99041116,279.60175,322.25424,0.9960408,309.1706,322.40036,0.9923779,284.3835,383.22983,0.9903197,313.793,385.6156,0.98582286
610.5394,194.63658,0.9288707,613.3212,192.21327,0.87020224,608.23987,191.88762,0.8729758,616.86163,194.95348,0.6818547,603.9695,194.02974,0.68614197,621.09515,212.58737,0.9894414,597.61633,211.94699,0.99210805,625.68933,232.85762,0.93165284,593.5201,232.88106,0.9423344,619.5637,243.60948,0.8922702,596.22955,246.15906,0.89843476,614.15845,254.81662,0.9900636,598.9263,254.39732,0.991435,612.2739,286.84705,0.9745641,597.375,286.32935,0.9755054,611.68555,316.84866,0.9381457,597.61676,316.15915,0.9395659
0.0,0.0,0.20470597,0.0,0.0,0.11976241,0.0,0.0,0.15402342,184.92757,212.14215,0.56789005,195.3539,212.17424,0.68699247,177.50708,225.20694,0.97300005,201.65498,224.96764,0.9818817,169.6636,242.82658,0.8486594,209.76654,241.65488,0.90816486,168.83386,257.51083,0.66186154,212.22072,255.32703,0.7454663,180.23676,257.29492,0.9876873,195.41638,257.3437,0.9897384,182.41302,280.7925,0.97247666,193.70505,280.99323,0.97475475,181.89499,303.47174,0.9524593,188.84166,303.70615,0.9547053
465.92334,212.90584,0.855093,467.97327,210.76775,0.7679596,464.22247,210.74883,0.75753176,471.44183,212.06882,0.57071906,461.23074,212.06738,0.5390488,477.42654,223.69643,0.97844976,456.28564,224.39807,0.9815708,483.75952,235.80765,0.9126704,451.97656,238.14522,0.914719,476.18887,229.72206,0.87729317,458.5735,233.56963,0.87438196,472.79117,257.52493,0.9887474,459.5093,257.65533,0.989407,471.45227,285.1289,0.9811453,460.27997,285.02762,0.9804433,468.57294,310.85785,0.96425104,461.11896,310.4893,0.9633903
662.98895,205.8979,0.9091986,665.3966,203.93202,0.86165184,661.38586,203.66911,0.8188628,669.1865,206.44557,0.7189825,658.292,205.75188,0.58239615,672.9152,220.54825,0.9881337,653.39465,219.3338,0.98780113,676.3666,235.3772,0.9359898,648.2419,231.66052,0.90823823,668.2097,234.56589,0.8979782,652.03864,226.76999,0.8600438,666.90686,253.1806,0.98810077,653.9875,252.52936,0.98758835,667.29236,280.08694,0.9734238,652.6911,279.43332,0.96882474,668.7507,304.40787,0.9421771,652.6849,303.38525,0.93516606
0.0,0.0,0.17762896,0.0,0.0,0.09120524,0.0,0.0,0.20976734,0.0,0.0,0.063946106,0.0,0.0,0.2883459,0.0,0.0,0.24161589,844.90424,226.00797,0.5663822,0.0,0.0,0.123959295,837.29767,243.31197,0.576513,0.0,0.0,0.1570524,0.0,0.0,0.49949816,0.0,0.0,0.37103188,844.8133,262.73615,0.57195956,0.0,0.0,0.37887934,846.33405,298.32944,0.579964,0.0,0.0,0.42106506,843.87134,329.99265,0.5777147
0.0,0.0,0.21457563,0.0,0.0,0.10350152,0.0,0.0,0.24160142,0.0,0.0,0.2841286,136.21529,220.09113,0.71357256,125.16144,229.33481,0.94809437,136.97972,229.628,0.96901023,122.236824,240.8618,0.6525192,140.94237,241.15652,0.86771023,0.0,0.0,0.463912,144.63412,250.60194,0.6931565,127.22016,251.29028,0.96513504,135.04227,251.62431,0.97371024,128.42128,268.2629,0.92399615,135.8967,268.19196,0.94583255,125.857506,282.95667,0.8892968,133.25133,283.60574,0.9146122
0.0,0.0,0.25806877,0.0,0.0,0.1450251,0.0,0.0,0.2806618,0.0,0.0,0.11117102,0.0,0.0,0.37263072,0.0,0.0,0.43455294,843.41534,227.88785,0.7112449,0.0,0.0,0.14345913,836.17596,240.90521,0.5034993,0.0,0.0,0.15592386,0.0,0.0,0.4107582,848.08905,260.89456,0.6298024,845.91907,261.7682,0.7694746,846.88983,292.94043,0.66934156,845.31134,293.43045,0.79193926,847.9379,324.6768,0.7340845,845.8381,325.5901,0.8164542
0.0,0.0,0.1609316,0.0,0.0,0.103193246,0.0,0.0,0.14777587,0.0,0.0,0.31188098,0.0,0.0,0.47147036,236.95917,227.5202,0.8951751,248.63693,227.50194,0.91588867,233.26636,239.46849,0.5778684,251.038,239.05762,0.696776,0.0,0.0,0.41214693,252.38232,247.52264,0.5070256,239.28578,250.4455,0.9448442,246.74457,250.54292,0.95208436,240.39825,267.86804,0.9135933,246.4228,267.75497,0.9251843,240.05058,283.71893,0.8912871,244.8896,283.8561,0.9028167
0.0,0.0,0.19384046,0.0,0.0,0.13865,0.0,0.0,0.1380635,0.0,0.0,0.4337912,0.0,0.0,0.41209674,103.571,234.6592,0.93343973,115.69368,234.85146,0.935768,101.80671,245.1503,0.6957582,120.07824,245.09885,0.7046732,102.08434,253.97778,0.532212,120.35095,253.35052,0.53273135,106.31279,254.0465,0.96423095,114.42956,254.10344,0.9653968,105.24066,268.429,0.9432187,114.10141,268.2074,0.9444838,104.792046,282.49017,0.9314404,114.23161,282.29495,0.9330342
491.49014,226.03748,0.7420843,493.2318,223.95927,0.70983183,490.52966,224.289,0.5181161,497.78998,224.52275,0.6621037,0.0,0.0,0.3015534,503.3528,233.86258,0.9640946,491.71472,235.17188,0.9313194,507.62497,244.39317,0.87486535,490.29437,245.29059,0.6641793,503.582,244.64749,0.80641437,490.62494,240.96489,0.6153149,503.24524,260.4156,0.96666044,496.31827,260.93805,0.9524586,502.2286,282.12482,0.95134705,497.67688,282.55014,0.92542374,505.93753,301.33017,0.9227479,502.18158,301.0069,0.89421064
