811.6819,142.97238,0.9505377,813.4849,137.65598,0.59302104,805.618,135.91624,0.95398605,0.0,0.0,0.13172247,782.2177,138.29399,0.9334044,802.1296,182.79855,0.9619437,759.7963,178.58498,0.9968369,809.92395,233.91864,0.8293267,748.0423,238.4487,0.99279976,818.85455,235.72885,0.8167666,762.5495,276.27225,0.9834536,800.4028,281.2146,0.9935608,770.97363,281.38358,0.9980469,809.7861,364.24377,0.9860199,775.6068,367.88696,0.99578166,798.13354,434.4527,0.94376385,756.6199,444.66174,0.9727243
0.0,0.0,0.22653174,0.0,0.0,0.20167382,0.0,0.0,0.06064647,308.10727,148.20987,0.77043223,0.0,0.0,0.2726764,296.95132,180.0577,0.98510355,345.29092,180.55609,0.9134719,277.5346,219.74733,0.9590818,347.4273,224.59967,0.65844965,268.90744,239.4065,0.8658889,330.61163,242.38086,0.5266531,299.96555,260.5721,0.99697316,331.31824,260.40353,0.9924891,304.45584,330.95007,0.9957136,325.7077,332.3718,0.9904221,310.92566,400.01144,0.98617285,320.12854,402.22742,0.97743165
0.0,0.0,0.27728292,0.0,0.0,0.13955067,0.0,0.0,0.18852815,180.83983,209.0704,0.5247135,191.43436,208.9647,0.69830436,173.74171,224.83336,0.982061,197.36644,223.30133,0.986407,163.48535,244.79834,0.8956356,205.70923,241.97948,0.9209002,159.31783,264.6299,0.75662696,206.34299,260.23416,0.79048973,177.40167,259.49484,0.9909576,192.33966,258.56735,0.99247825,179.19849,286.74734,0.97623456,190.12608,285.825,0.97876793,178.58485,311.4958,0.94756854,186.7092,311.28998,0.95179325
617.08777,199.71793,0.93258286,619.5653,197.33246,0.9011404,614.92456,197.29077,0.8439333,623.1126,199.484,0.7907989,611.50024,199.46536,0.57073414,628.915,215.70027,0.99219793,606.86505,216.18364,0.99047196,632.7622,234.18758,0.9590039,603.65045,234.98378,0.92263556,625.5877,247.06494,0.9284608,603.7826,249.57211,0.87986994,624.52356,253.52602,0.9905317,610.21155,253.58609,0.9894985,623.7914,282.78836,0.9743431,608.2043,282.599,0.96739185,624.2802,308.58823,0.9351198,610.02844,308.0742,0.92218846
258.51907,216.9194,0.8815355,259.98874,214.46625,0.7484338,255.90872,214.58234,0.8428097,0.0,0.0,0.46455273,250.3837,215.89508,0.72851187,264.0088,229.1268,0.9747506,245.45967,229.17265,0.98707414,268.7674,244.17467,0.82218057,240.17801,244.49847,0.9185126,267.20758,252.07921,0.76495963,242.47266,251.08163,0.8580827,260.93985,259.7359,0.9812278,249.16652,259.97913,0.98670524,261.13843,286.62796,0.9677485,249.73518,286.89386,0.9755347,259.14078,312.75925,0.94539523,248.15912,313.44757,0.9554798
454.26205,211.994,0.87693614,456.67926,209.93372,0.8388707,453.38943,209.83772,0.7306104,461.61496,211.41206,0.74732155,0.0,0.0,0.45471394,467.18457,224.56026,0.98665035,447.73953,224.0419,0.98146915,469.4445,238.68454,0.93297607,440.38303,236.2818,0.85816956,458.6487,237.21349,0.88819504,444.28787,233.72287,0.8023312,462.4857,259.70035,0.9884384,449.65833,259.3314,0.9860647,463.0988,285.86923,0.9791732,448.23685,285.43912,0.97144115,466.6851,311.0557,0.95765823,451.40082,309.80884,0.9458364
665.5796,206.18529,0.903167,668.23096,203.72127,0.8799785,663.2182,203.84328,0.7764583,672.69006,205.87047,0.78600025,0.0,0.0,0.46917555,678.3044,219.91624,0.987094,657.6726,220.95404,0.97627664,684.735,233.33821,0.94100237,655.5987,235.09543,0.8182687,674.26227,222.58885,0.8991757,661.64386,223.35869,0.7647852,673.63226,254.81055,0.97757477,660.32983,255.0306,0.96870863,670.7631,279.886,0.94476444,659.9335,280.04858,0.9155733,670.58594,301.44678,0.8698443,662.57837,301.1612,0.82551914
0.0,0.0,0.14185318,0.0,0.0,0.09211989,0.0,0.0,0.11131503,0.0,0.0,0.40561303,0.0,0.0,0.4586504,361.5913,229.2068,0.9640764,375.74792,229.85732,0.96597266,355.97574,240.9968,0.8013899,378.76553,242.03581,0.82853943,354.65634,249.40962,0.59979576,378.06467,250.49683,0.63109773,362.96536,253.83931,0.9834598,371.8268,254.05447,0.9840146,363.81775,273.52798,0.95820737,370.7211,273.80588,0.9601418,364.49118,291.4399,0.93036,369.18002,291.85147,0.9330629
0.0,0.0,0.104982585,0.0,0.0,0.058977537,0.0,0.0,0.109984644,0.0,0.0,0.22772339,0.0,0.0,0.47801757,96.191284,232.90509,0.87960297,107.45915,233.60571,0.9167016,91.35066,243.5499,0.56163305,108.8088,244.33919,0.756179,0.0,0.0,0.4018712,110.001724,253.16321,0.5672022,95.656746,252.0522,0.9587801,103.07669,252.37657,0.96655166,95.882675,268.93695,0.95229405,103.37438,269.04605,0.9626389,94.30592,285.34854,0.94845986,101.55586,285.8787,0.9575196
414.30658,225.59166,0.8242336,416.2523,223.72421,0.8133174,413.3331,223.59645,0.6797869,420.36548,224.6744,0.70770985,0.0,0.0,0.3498818,424.15225,234.64525,0.9759651,411.13696,234.15431,0.962371,425.44003,246.58737,0.88623035,407.06888,245.16972,0.7634297,419.63538,253.31062,0.8410064,407.2344,251.76468,0.7285448,420.98474,258.443,0.9766009,412.73538,258.02542,0.9709736,418.82153,276.8476,0.9506123,412.04944,276.44357,0.9361037,419.18967,294.34946,0.90802723,413.6587,293.74326,0.88860536
0.0,0.0,0.060542192,0.0,0.0,0.030050276,0.0,0.0,0.06145298,0.0,0.0,0.030397039,0.0,0.0,0.11579935,0.0,0.0,0.10663031,0.0,0.0,0.27945086,0.0,0.0,0.07716349,0.0,0.0,0.33411628,0.0,0.0,0.0971963,0.0,0.0,0.28279266,0.0,0.0,0.34485164,840.81104,268.97302,0.51321715,0.0,0.0,0.29244807,0.0,0.0,0.44450858,0.0,0.0,0.21875271,0.0,0.0,0.3218057
492.79086,225.55432,0.7290154,494.6042,223.60275,0.74841297,0.0,0.0,0.45489925,499.59448,224.94925,0.7530876,0.0,0.0,0.16578852,504.62772,236.52734,0.9644424,493.4754,236.85835,0.92114025,507.59372,250.0564,0.8547736,492.0974,249.44145,0.5291323,502.27597,257.77884,0.770491,0.0,0.0,0.47990572,503.82016,264.36435,0.95411885,496.96942,264.2492,0.9317716,504.1522,284.30807,0.8935208,499.25388,284.0415,0.8387241,508.1931,303.0091,0.82434887,504.1613,302.17923,0.76257855
