786.7672,171.59586,0.9658722,789.2289,167.85944,0.81211084,782.1068,167.429,0.9489769,0.0,0.0,0.43260255,769.4282,169.74995,0.8952329,794.1598,198.92651,0.9876286,755.7408,198.61038,0.996822,813.1198,227.89107,0.9314908,742.41016,234.573,0.9887595,829.4716,241.08156,0.897514,738.871,270.66418,0.97373664,790.05304,269.111,0.99485284,766.47894,269.79007,0.99733186,793.76556,319.92215,0.98642856,774.86774,319.54504,0.99324775,791.1331,367.00818,0.9535288,775.53046,368.05246,0.97035587
154.44418,160.82549,0.95637053,159.3834,156.55354,0.92546296,150.65521,156.36559,0.8526577,168.64178,159.0928,0.82785016,148.15076,158.34506,0.56448305,179.84645,186.55818,0.9943356,144.22478,186.62566,0.981927,185.07004,221.26233,0.9793904,142.9582,220.52913,0.9184115,159.16577,198.93442,0.9490904,148.63046,200.79129,0.87556803,181.1519,260.8885,0.9957937,154.91614,261.33228,0.99288404,189.54417,322.22562,0.9909079,156.07863,324.52737,0.98597753,200.54126,372.6871,0.9666498,160.89445,376.654,0.9578878
0.0,0.0,0.17855386,0.0,0.0,0.095660836,0.0,0.0,0.12512425,488.53302,216.27676,0.5707563,500.62195,216.1958,0.68848145,480.36398,232.21179,0.97548985,507.53925,231.99538,0.98427385,470.33646,253.1031,0.8667569,515.69293,251.99236,0.9210078,469.74402,272.3657,0.6905856,519.4097,271.4824,0.7673798,485.5277,270.55762,0.99178994,502.95248,270.74072,0.9932741,488.27588,299.524,0.982521,504.5413,299.62247,0.9840024,490.51166,327.73752,0.96784335,504.4658,327.72644,0.96952236
253.53722,195.19875,0.8665436,256.75974,191.67447,0.73604864,250.07588,190.93211,0.80396855,0.0,0.0,0.4541479,241.43501,191.02953,0.6301968,266.71017,212.33784,0.98402804,227.97574,210.12991,0.9905895,274.5892,237.65927,0.93510133,220.48183,235.51424,0.9609722,260.52542,232.86467,0.90819573,233.46805,233.979,0.9316979,259.38184,269.9605,0.99537224,234.26192,269.26736,0.99644744,256.29364,315.9949,0.9900649,233.77661,315.2395,0.99128175,253.91151,360.2072,0.9701157,240.12805,359.42667,0.9726845
0.0,0.0,0.10246008,0.0,0.0,0.0599298,0.0,0.0,0.06283985,412.31552,194.24335,0.5152008,426.43857,194.97862,0.57260543,403.03598,213.55772,0.96618694,432.25513,213.93091,0.9708477,393.52515,241.23929,0.84801126,438.17755,238.2682,0.86089456,391.23096,263.17325,0.63486534,434.48407,252.58809,0.64448553,405.2288,262.22107,0.9910607,424.4671,262.70844,0.9916414,406.20508,300.49173,0.9840656,423.81323,301.3609,0.9835069,405.633,337.51053,0.96632606,421.46268,338.9394,0.9652805
0.0,0.0,0.23466186,0.0,0.0,0.23221955,0.0,0.0,0.0895717,662.23663,203.86522,0.8220889,0.0,0.0,0.46075395,656.9357,222.09418,0.9851815,683.97235,220.42552,0.9731103,651.39154,244.55748,0.92210513,690.0187,242.87831,0.7702583,654.0778,254.94212,0.7523229,684.5728,253.55669,0.54091173,662.6274,265.52356,0.99159765,680.75854,264.9729,0.9884376,664.6556,301.58395,0.98528045,680.01196,301.54068,0.9767066,667.51245,337.00497,0.969712,681.58105,335.86475,0.9572947
106.312645,186.04695,0.9521419,110.97051,181.86302,0.9308249,103.73979,182.20255,0.889589,121.54036,184.15001,0.74662244,102.99411,185.33571,0.5460192,133.16219,209.30249,0.97881395,102.189255,210.77275,0.987212,137.23961,239.87476,0.8664553,94.39347,241.96356,0.90166587,132.6679,261.02872,0.8193742,82.1809,266.90347,0.8453793,131.45686,269.40286,0.976393,112.19685,269.22986,0.98197603,127.27737,316.42682,0.9396617,111.1648,315.5416,0.94531095,130.41165,362.33893,0.8816474,117.81709,360.15485,0.8905921
0.0,0.0,0.05944771,0.0,0.0,0.046393223,0.0,0.0,0.029366754,538.9416,209.88828,0.56260026,0.0,0.0,0.39960748,534.0807,225.52838,0.9542076,561.2028,224.95853,0.9526595,526.8744,245.45847,0.8158346,568.47217,245.28568,0.78758454,526.4163,261.87845,0.57152027,567.72845,262.13477,0.54054946,539.7128,265.85672,0.98804235,557.40826,265.70154,0.98793125,540.7999,297.0764,0.98030555,557.2266,297.26077,0.9780205,540.8253,328.2455,0.9651253,555.64685,327.58966,0.9618875
0.0,0.0,0.12248026,0.0,0.0,0.07550443,0.0,0.0,0.10149664,0.0,0.0,0.35700762,0.0,0.0,0.4854349,694.6479,226.6091,0.9336885,708.7951,226.68547,0.94290423,691.52655,238.23434,0.64501685,714.7869,238.50047,0.7312995,0.0,0.0,0.41855705,0.0,0.0,0.4916545,696.5562,251.15714,0.9615469,705.74585,251.17694,0.96494985,696.5552,271.6824,0.9199884,705.233,271.46576,0.92876434,695.96436,290.44006,0.88540953,703.59314,290.61636,0.8959007
0.0,0.0,0.4850526,0.0,0.0,0.4757706,0.0,0.0,0.22862597,343.963,241.98868,0.72155315,0.0,0.0,0.28037962,343.9038,255.8321,0.94438446,353.20724,255.06903,0.8931967,340.84534,271.85083,0.8009426,352.41858,270.4762,0.5068272,338.78894,274.90466,0.66616327,0.0,0.0,0.41023523,341.2499,286.20663,0.9193012,348.12112,285.0908,0.8842465,326.03384,299.61655,0.88427186,337.23813,299.0973,0.8145573,321.0699,322.24918,0.8587291,334.10934,321.0329,0.8012788
