0.0,0.0,0.053468037,0.0,0.0,0.036622263,0.0,0.0,0.021908022,0.0,0.0,0.4553189,0.0,0.0,0.32852733,803.85266,222.07321,0.9354397,840.31805,217.29857,0.9164627,793.31226,260.74182,0.82162493,848.32166,254.82373,0.7118025,789.7278,282.6023,0.5758653,0.0,0.0,0.46372145,818.8415,292.1251,0.9789033,842.5838,289.77948,0.97680205,820.9867,347.77402,0.9592528,838.8991,345.75934,0.951721,824.48584,404.13785,0.8967123,836.5678,401.5507,0.8860219
0.0,0.0,0.108527645,0.0,0.0,0.045650758,0.0,0.0,0.07061778,0.0,0.0,0.4052474,323.17953,206.71161,0.65463245,295.39606,224.87764,0.9792849,330.21176,223.67146,0.98721296,281.22144,251.94016,0.9184476,340.3114,252.83676,0.9520148,280.61728,273.7078,0.78722936,341.4014,277.90128,0.8448734,301.5822,271.45767,0.9953436,322.91907,270.73383,0.996534,308.8446,314.93927,0.9870596,321.36227,314.07727,0.9896007,311.31647,356.9332,0.96274734,316.82864,356.9168,0.96856135
0.0,0.0,0.122810245,0.0,0.0,0.09994227,0.0,0.0,0.053164005,744.4681,187.27666,0.765444,766.1166,187.05315,0.5456234,734.1122,214.03644,0.980628,777.61224,213.67517,0.9803115,722.041,249.03246,0.89551485,785.1921,248.06349,0.8577697,727.47345,273.15424,0.6688416,781.7847,273.00623,0.5964109,740.7712,280.76788,0.9908208,767.6808,280.95358,0.99036974,752.15497,330.22726,0.9761622,763.5073,330.7796,0.9712494,762.8716,380.06265,0.93175894,760.75684,379.93695,0.921548
0.0,0.0,0.12617208,0.0,0.0,0.074226454,0.0,0.0,0.08577149,386.8216,194.44635,0.5519395,401.96756,195.49667,0.6092046,377.8933,217.95636,0.95746464,408.6164,219.61821,0.9728803,368.81445,247.89911,0.7926127,414.16904,248.89395,0.86979026,366.7637,275.74847,0.57378787,414.24725,275.47482,0.65702283,379.23953,271.58072,0.9881252,399.03134,272.44983,0.99041253,380.67917,311.54114,0.98252976,396.54465,312.513,0.9838037,381.53064,350.64767,0.9697261,393.54657,352.14935,0.9709536
0.0,0.0,0.1532808,0.0,0.0,0.061594114,0.0,0.0,0.12461779,0.0,0.0,0.4504516,533.8894,196.04161,0.788786,507.92065,217.06816,0.97502196,540.34174,216.47588,0.9862147,502.92426,245.66302,0.8030588,547.0626,244.16177,0.9099813,507.58752,267.61792,0.55065536,543.77124,265.22595,0.69987434,513.48254,267.63013,0.9912396,535.25354,267.596,0.99357647,514.7619,307.74298,0.9799033,533.66833,307.70798,0.98396736,515.3247,346.4796,0.9548828,532.5051,347.1881,0.96123636
0.0,0.0,0.111111015,0.0,0.0,0.09483437,0.0,0.0,0.051970545,580.03436,218.01086,0.65752196,0.0,0.0,0.43140376,575.33044,237.74318,0.9700024,601.3138,236.8849,0.965981,569.7794,261.38434,0.8865343,608.65845,260.90973,0.8373376,568.66705,279.67328,0.69660884,609.4884,279.30942,0.62566257,579.746,282.781,0.98726827,595.7406,282.52066,0.98647004,585.0978,316.81293,0.97141135,592.61926,317.03226,0.9662267,589.6661,349.51923,0.9375201,590.69574,349.11066,0.92905676
0.0,0.0,0.08673845,0.0,0.0,0.042700343,0.0,0.0,0.06958975,0.0,0.0,0.36545542,467.4164,230.72641,0.60393745,449.07294,245.7135,0.9525181,472.85275,246.12639,0.9743716,443.2763,264.55933,0.77747655,479.31122,267.905,0.90371734,443.01752,281.3005,0.5501904,483.091,288.02707,0.719152,453.1474,281.56018,0.98660254,468.1305,281.87067,0.99047977,456.48563,308.55554,0.97132576,466.10223,308.8248,0.9781794,459.81476,333.62115,0.9468378,464.04684,334.0026,0.9558149
0.0,0.0,0.1738717,0.0,0.0,0.14471895,0.0,0.0,0.09007365,623.72876,232.66736,0.6713032,0.0,0.0,0.41838193,619.94464,244.88492,0.9781396,638.177,244.29553,0.97004175,614.95105,260.52814,0.83909893,643.4359,260.3273,0.7136502,614.52734,272.8835,0.6341163,0.0,0.0,0.49005285,623.0186,275.3729,0.9898309,635.84766,275.2364,0.98818874,619.2558,300.56302,0.98114073,638.1688,300.43658,0.97692204,619.8115,325.129,0.96694916,640.95624,324.8572,0.9618321
0.0,0.0,0.098621815,0.0,0.0,0.06320036,0.0,0.0,0.09448576,0.0,0.0,0.32250172,0.0,0.0,0.46264684,420.86142,231.037,0.8532729,442.09982,230.80692,0.88551205,0.0,0.0,0.4440571,447.69064,247.6061,0.59740806,0.0,0.0,0.27494106,0.0,0.0,0.3693768,423.7702,266.0166,0.9214999,438.98038,265.6891,0.93051887,422.06503,293.69467,0.86206853,441.95734,292.92004,0.883004,420.7393,320.35513,0.8047207,442.14856,319.8703,0.8274812
213.66249,243.72563,0.6991232,215.05453,242.04733,0.65371305,212.87787,242.04227,0.5385151,218.52386,242.18706,0.5463999,0.0,0.0,0.30254853,223.79837,250.86511,0.9702756,209.33447,250.98293,0.9619297,228.73087,263.4268,0.8699023,204.4406,263.0009,0.8090425,226.97478,275.79297,0.8269681,202.52014,275.10886,0.7663153,221.00311,274.18515,0.9870025,212.29376,274.07242,0.98537064,218.6895,293.6314,0.97989696,211.60843,293.31116,0.97693264,218.05556,312.12994,0.9687967,212.44643,311.61337,0.96548635
