788.3402,159.46591,0.9762521,793.38025,155.00148,0.93169665,783.7129,155.01485,0.929171,799.45795,156.69539,0.7552755,773.85315,157.13539,0.7301066,810.3073,184.05983,0.9954501,759.4984,189.6508,0.992815,835.2816,209.12926,0.9819916,745.7583,228.05847,0.96523005,817.6632,227.27803,0.9676991,738.91736,265.38235,0.9487038,796.76904,266.6852,0.99684227,765.17993,268.304,0.99590045,799.91693,327.1297,0.9921674,775.6155,329.27386,0.99027133,808.98206,388.3207,0.9657024,791.094,391.4134,0.9611015
230.37204,177.43138,0.9479254,236.63058,173.9192,0.9042072,227.1386,173.3351,0.85164857,247.56244,178.49469,0.753556,223.66837,176.8803,0.52178687,257.8849,205.70901,0.9878736,215.07599,202.22731,0.977769,271.2218,236.83157,0.963078,206.76215,233.52072,0.91731167,262.0083,215.2362,0.937241,222.09406,226.03096,0.8867752,248.54224,267.00668,0.9916584,219.69763,265.70477,0.9884348,250.78397,320.75208,0.9849481,224.00847,320.62018,0.98051476,255.44107,366.75238,0.95704186,232.8836,369.17862,0.95036453
0.0,0.0,0.19151238,0.0,0.0,0.06425779,0.0,0.0,0.15216261,0.0,0.0,0.29854745,456.19937,197.66702,0.71510905,431.98212,213.6753,0.9649576,459.08966,214.39415,0.9796091,422.70148,237.93573,0.7841881,463.99963,238.16208,0.89775544,422.12686,258.09827,0.597781,462.5194,255.65875,0.7324743,433.1973,260.72998,0.9895483,451.29224,260.8708,0.99239665,432.10992,296.36807,0.97740763,449.86298,296.33295,0.98286474,432.17142,329.76807,0.95386016,448.9483,331.20715,0.96237916
147.79448,154.33763,0.65661836,0.0,0.0,0.16723055,144.40758,149.04797,0.70647895,0.0,0.0,0.19309153,127.34243,158.77489,0.9136662,91.21281,197.16379,0.9252935,130.28294,204.33577,0.9872394,81.20972,251.38562,0.647557,152.42996,254.30841,0.96153617,86.67767,275.53146,0.56905955,154.05931,261.3787,0.90646994,93.36093,291.34143,0.9794083,118.23308,295.347,0.99180615,102.68852,364.78085,0.9790354,134.13232,375.3985,0.99200505,87.78781,431.07626,0.95001686,117.30123,448.8944,0.9715447
0.0,0.0,0.106756285,0.0,0.0,0.08788853,0.0,0.0,0.050430004,559.66455,212.73729,0.6646084,0.0,0.0,0.4376755,555.2323,228.1952,0.96666515,582.4878,226.88098,0.958128,550.96075,248.71005,0.864327,592.2585,247.52022,0.7926697,551.9235,263.82083,0.65682787,591.9267,264.32697,0.56648576,560.2149,266.68753,0.9887084,578.36774,266.11285,0.9870113,559.0105,295.5714,0.9818186,577.74084,295.29376,0.97649574,559.203,325.01544,0.97152585,577.0536,323.72275,0.96516633
0.0,0.0,0.1361468,0.0,0.0,0.05742543,0.0,0.0,0.09756071,0.0,0.0,0.3649182,508.88623,217.28432,0.6660774,488.51508,233.62006,0.96386915,516.65955,231.88058,0.98137915,482.6793,253.45998,0.80920035,526.2645,252.5751,0.92613965,484.85602,270.04935,0.6165321,527.3002,271.39883,0.7859572,497.72546,270.97714,0.98898005,516.1998,270.16937,0.99281293,498.45157,299.221,0.97472066,514.1176,298.1241,0.9828226,500.91022,324.2127,0.948473,514.46576,323.1831,0.961255
0.0,0.0,0.3824014,0.0,0.0,0.44248006,0.0,0.0,0.11096087,663.6159,200.92038,0.8653644,0.0,0.0,0.24512716,662.4092,219.27095,0.9834615,682.51355,217.96799,0.9372731,655.86597,243.276,0.93625396,685.7971,242.26088,0.5338569,651.3495,253.9419,0.812096,0.0,0.0,0.3903924,666.59607,264.71115,0.9892492,680.3542,263.9897,0.97736233,666.39777,302.0466,0.986722,680.50305,301.94565,0.96769494,667.99835,338.76556,0.9763605,681.6336,337.16147,0.95472443
3.637037,171.69438,0.65184855,7.714857,167.13042,0.7085615,0.0,0.0,0.38613436,16.454327,169.4234,0.6245871,0.0,0.0,0.11807102,22.639431,195.10362,0.7119729,0.0,0.0,0.45719945,0.0,0.0,0.43213218,0.0,0.0,0.10319082,0.0,0.0,0.36714607,0.0,0.0,0.117669396,15.805385,263.4858,0.5664449,0.0,0.0,0.42659724,13.705574,320.93964,0.581994,0.0,0.0,0.41947547,0.0,0.0,0.49959984,0.0,0.0,0.37924597
54.369873,152.87546,0.866223,60.301857,147.8749,0.8177699,51.603928,147.647,0.76403964,70.21793,150.94872,0.5716848,0.0,0.0,0.44961914,70.85334,182.4342,0.887407,44.51282,181.91978,0.9131335,54.097816,217.86154,0.5875157,33.04984,215.61273,0.6360375,38.840637,218.12766,0.52310383,32.343685,212.90532,0.5622025,62.003716,265.0053,0.9120393,44.56812,264.47244,0.9253282,48.346245,331.48743,0.9114082,39.045166,331.03256,0.91397583,46.919624,391.72614,0.838975,39.377575,390.53656,0.843371
0.0,0.0,0.15384749,0.0,0.0,0.11663223,0.0,0.0,0.10683379,0.0,0.0,0.45724547,0.0,0.0,0.34953058,718.2286,229.70947,0.9136277,738.8558,230.10558,0.9132884,710.8423,250.0084,0.6411325,741.0286,249.66322,0.6362707,0.0,0.0,0.42077765,0.0,0.0,0.41257757,721.07916,263.32767,0.94103634,734.32056,263.29242,0.9407601,721.86914,286.11725,0.8519283,733.4931,286.21027,0.8509304,723.8065,306.1353,0.73950636,732.80865,305.8335,0.73783976
47.633026,149.30037,0.8851731,54.22,144.33386,0.9017099,46.230274,143.88882,0.7031072,70.78448,148.3478,0.76628613,0.0,0.0,0.20751156,78.88247,180.14403,0.8977276,46.471954,179.50136,0.82141036,75.28361,213.4235,0.59116274,0.0,0.0,0.27728134,50.518074,188.11006,0.51715165,0.0,0.0,0.26893374,65.07811,267.6133,0.80984586,43.818142,265.7566,0.7502889,58.481293,334.61887,0.6426583,44.65633,332.8017,0.5252026,58.85015,394.48364,0.5037359,0.0,0.0,0.4161128
157.9651,170.76382,0.65041786,0.0,0.0,0.46408987,154.80428,167.42516,0.58990127,0.0,0.0,0.34486762,149.1744,171.91586,0.5652478,161.68906,197.1361,0.87141573,149.59439,196.63652,0.86222005,0.0,0.0,0.46251914,0.0,0.0,0.47331044,0.0,0.0,0.36096415,0.0,0.0,0.36805126,162.61435,246.84747,0.9094111,154.81604,247.05836,0.90579087,159.82962,289.09503,0.92811143,154.12877,289.4826,0.92531115,162.36467,328.01834,0.9210992,154.99869,328.5498,0.9179407
53.988617,149.53433,0.8371911,59.904243,143.85086,0.75657415,50.27817,144.33495,0.7833537,0.0,0.0,0.4477413,47.01491,149.01616,0.5326113,74.2308,181.474,0.8115525,41.369953,182.81482,0.8993131,0.0,0.0,0.32361695,28.196728,216.83409,0.5819222,0.0,0.0,0.27950147,0.0,0.0,0.47145593,67.705505,262.83676,0.83426607,45.45767,263.2784,0.88884526,60.151535,328.9713,0.8455393,41.086662,329.82382,0.88468975,60.639565,390.88535,0.80936176,37.97182,391.38565,0.84388626
