0.0,0.0,0.28288734,0.0,0.0,0.08218838,0.0,0.0,0.34642836,0.0,0.0,0.24003537,41.61252,154.85616,0.75813246,1.4563472,189.79654,0.6862667,49.26296,193.12158,0.9437909,0.0,0.0,0.2839002,70.51725,242.17789,0.8790136,0.0,0.0,0.21950348,73.41407,279.73666,0.71059656,13.609817,285.34427,0.9180769,41.801636,286.64444,0.9704842,32.110134,350.55063,0.9220111,26.451685,349.87186,0.9738219,42.131336,408.83936,0.89353275,9.380767,413.50885,0.9468096
0.0,0.0,0.14531095,0.0,0.0,0.07038788,0.0,0.0,0.08469329,242.39479,203.21457,0.62472963,262.06705,203.34268,0.751169,231.36383,226.76202,0.9872132,272.8192,226.88257,0.991771,216.9954,255.77478,0.91550726,287.07187,258.7451,0.9478273,215.96828,274.79163,0.7354849,284.825,280.97473,0.7986638,239.26982,290.96115,0.9945095,264.9714,290.72675,0.9958187,240.6363,331.49863,0.980518,257.2895,331.2462,0.98351187,248.47794,374.3913,0.93901324,255.86696,374.62,0.94603235
99.3215,177.40634,0.9172876,103.919075,173.1838,0.9170517,96.56737,172.9545,0.7583752,113.731476,174.31172,0.8084235,0.0,0.0,0.2604917,123.273674,198.56625,0.98069876,89.635956,199.2915,0.95891756,123.89452,232.16411,0.9418972,83.780235,235.00328,0.74132156,104.790596,245.94646,0.907539,86.1555,257.13794,0.7066683,117.69395,268.17392,0.9914415,93.6377,267.98892,0.9862833,125.55213,324.4089,0.99125504,86.27738,323.59738,0.98289156,136.01277,379.15463,0.98090804,84.782196,376.84033,0.9683727
0.0,0.0,0.1604967,0.0,0.0,0.057421576,0.0,0.0,0.12630391,511.10977,194.21585,0.5078193,530.0816,194.8755,0.8339109,496.41592,217.7345,0.9822397,536.26575,217.4365,0.9878967,487.64664,250.79012,0.84306794,546.25165,243.59976,0.9038524,492.34174,271.85593,0.5992152,543.24207,252.53546,0.6745947,502.11804,274.9561,0.9944541,529.2666,275.53348,0.99536467,507.36478,317.94678,0.9894629,537.2765,318.50546,0.990467,509.33484,359.73407,0.9772639,541.71344,361.48532,0.9785519
0.0,0.0,0.07774661,0.0,0.0,0.049584553,0.0,0.0,0.035176,304.38135,192.30444,0.6028734,322.8941,191.045,0.52165073,299.07217,214.53734,0.96146345,335.9431,212.77158,0.96332854,290.66992,242.6679,0.7871542,350.05154,241.9541,0.788677,296.69513,247.17548,0.5005923,346.93552,249.0622,0.5056716,310.52072,277.56262,0.9893806,335.75287,276.76733,0.99008334,308.37677,322.1199,0.98486495,337.60974,321.41605,0.9844716,306.01898,367.89694,0.9694458,336.559,365.88354,0.96889794
0.0,0.0,0.109234236,0.0,0.0,0.060167756,0.0,0.0,0.066548154,0.0,0.0,0.43393412,688.95844,199.42137,0.5318603,667.9448,217.20483,0.95740247,696.73553,215.47754,0.96793234,663.01215,240.73546,0.7922281,704.0075,238.50002,0.8508334,665.4599,262.65,0.5488588,704.1296,260.52618,0.6230344,675.72485,259.83475,0.9834389,694.3439,259.15546,0.98644197,677.8832,293.4987,0.95553976,691.5853,292.88553,0.9611584,681.7467,324.62485,0.91254985,691.3837,323.9561,0.9206018
0.0,0.0,0.08618318,0.0,0.0,0.03390416,0.0,0.0,0.07670956,0.0,0.0,0.2594421,499.05295,183.5564,0.652564,467.80115,204.2202,0.87899595,504.04123,206.14929,0.93646216,0.0,0.0,0.41873494,503.5512,238.40715,0.7031725,0.0,0.0,0.20840926,0.0,0.0,0.38711405,472.52652,263.41672,0.9509509,496.37024,264.57547,0.96574855,475.9996,309.4878,0.9142372,494.5159,310.59036,0.9376839,476.70422,352.68436,0.86806285,488.05344,354.77963,0.89528143
0.0,0.0,0.16661184,0.0,0.0,0.08712346,0.0,0.0,0.12854004,0.0,0.0,0.40126702,656.72107,210.63933,0.6142631,638.4421,228.73123,0.93470865,661.35,229.25632,0.9490699,630.64105,250.11401,0.6707152,667.4605,251.96542,0.7660278,0.0,0.0,0.44950652,668.14,270.52,0.5391,640.7015,269.3232,0.97786283,655.3995,269.61725,0.9806651,639.204,301.6873,0.9734538,651.26825,302.13562,0.97544765,640.29364,333.58975,0.96608126,649.0333,334.57123,0.96771985
0.0,0.0,0.14354329,0.0,0.0,0.09198577,0.0,0.0,0.083325185,0.0,0.0,0.43149623,0.0,0.0,0.42037752,150.12605,220.29306,0.91003233,171.75887,221.51108,0.900255,143.10754,241.18008,0.62973535,172.3278,243.8304,0.58677197,0.0,0.0,0.40458137,0.0,0.0,0.3722073,152.781,262.95282,0.9571913,167.23961,263.5937,0.95511633,150.82388,297.8857,0.943572,165.05377,298.6694,0.93762666,152.68454,331.99777,0.9129792,165.03793,332.82336,0.90647477
545.6029,204.40637,0.803094,547.89197,201.8731,0.8035588,543.63513,202.13289,0.5358123,552.71545,203.79628,0.77760434,0.0,0.0,0.24004169,559.8851,217.38603,0.9754719,540.8958,219.34755,0.9123507,565.0266,231.96199,0.92064935,543.9262,234.96509,0.5311918,553.4848,222.49023,0.8565216,549.3759,222.13103,0.50327194,557.64557,253.25331,0.9668132,545.3804,254.00383,0.93408495,554.4882,285.36826,0.95055974,545.5933,286.27722,0.8933775,556.8768,314.7526,0.89880896,550.5546,315.04187,0.8251006
202.87202,200.63252,0.5655745,0.0,0.0,0.47749102,0.0,0.0,0.38425466,0.0,0.0,0.47393596,0.0,0.0,0.29038933,208.92044,216.25327,0.93138534,190.2428,216.9306,0.8771178,208.43013,237.3874,0.74713767,0.0,0.0,0.49017328,203.90688,250.1117,0.6342172,0.0,0.0,0.41416773,200.96555,258.2689,0.9611919,189.0022,258.5693,0.9437753,197.85973,293.13788,0.95506847,189.07794,293.7124,0.93102264,192.73021,326.71005,0.930616,187.53345,327.2522,0.9055515
0.0,0.0,0.28913984,0.0,0.0,0.2598089,0.0,0.0,0.13771373,408.48734,211.26534,0.5636844,0.0,0.0,0.26019642,405.89948,224.48553,0.92614496,417.9702,224.40698,0.84306836,401.23557,241.01312,0.736108,0.0,0.0,0.4014267,396.89243,254.66133,0.55383533,0.0,0.0,0.30026197,407.73312,257.1828,0.9516316,415.7012,257.1417,0.9253719,407.86877,284.11676,0.9496128,413.44824,284.3301,0.91757464,411.14798,310.0215,0.93526137,414.17075,309.8672,0.90685046
453.25903,216.09274,0.80981773,454.35425,213.6793,0.68259495,450.77557,213.7014,0.7992315,0.0,0.0,0.36257783,445.61008,215.40974,0.6829719,455.0484,230.4184,0.9475516,441.24216,230.47974,0.9619051,456.73154,248.42888,0.6863492,438.34192,249.18716,0.81760806,457.23398,258.70718,0.6184659,443.2113,259.9732,0.73791265,454.19595,267.36987,0.9396211,445.94885,267.85684,0.94906425,453.20447,296.27313,0.8314207,447.38782,296.385,0.8564456,451.74042,320.56586,0.6813264,446.6354,321.36325,0.7129295
814.18933,231.6659,0.56574047,0.0,0.0,0.33967918,813.1595,229.99217,0.50562084,0.0,0.0,0.24711779,810.7572,230.96822,0.54339194,813.5042,239.6989,0.91805446,806.23,239.7538,0.95640594,815.37384,250.94237,0.67947036,799.1623,251.25095,0.85966563,816.93304,261.49976,0.6145423,796.9142,262.43356,0.7782965,810.4133,261.98398,0.9640038,806.5052,262.1231,0.9743688,810.32214,279.88004,0.9491941,806.69586,279.98166,0.9627837,808.37384,296.93875,0.93441814,805.0501,297.3816,0.94791627
