0.0,0.0,0.37254366,0.0,0.0,0.20067738,0.0,0.0,0.13070597,263.52283,163.27698,0.69429237,0.0,0.0,0.48947757,252.44441,193.15907,0.9888102,301.35855,191.38383,0.9783604,235.42659,238.41594,0.9720928,319.04822,232.29799,0.92980236,232.77518,273.60983,0.9326214,321.45197,266.56204,0.8721328,262.6288,270.69675,0.99670994,294.7857,270.13538,0.9954146,262.47357,326.9374,0.99337256,294.97644,325.46353,0.9912435,265.97565,377.71686,0.97569174,293.45102,374.87204,0.97178066
529.04114,133.91226,0.9709122,532.4171,129.0877,0.8126222,522.4683,128.3369,0.96640444,0.0,0.0,0.35241142,505.7284,132.89432,0.93336266,532.61676,173.81265,0.9791093,490.14993,173.14928,0.9974745,540.58484,225.4079,0.85082716,476.5825,228.90634,0.9896799,553.00793,268.9562,0.7954644,481.66068,278.61185,0.97218555,527.3927,264.48557,0.9928999,501.6039,265.68332,0.9973634,528.57605,337.9336,0.98142874,516.70575,340.0681,0.9935463,506.64963,408.6846,0.93587387,508.9509,413.16266,0.9674205
0.0,0.0,0.11127794,0.0,0.0,0.061353564,0.0,0.0,0.080610365,767.13696,205.35251,0.6110733,783.508,206.22206,0.71150833,755.91504,224.41054,0.9801711,790.499,226.40256,0.9900328,744.2285,249.29451,0.8767387,801.86694,251.65047,0.94632465,743.1937,273.0453,0.6685513,809.5906,273.21222,0.7865452,759.6014,273.6943,0.99307305,780.31274,274.86014,0.9950536,760.2605,310.01874,0.9797323,773.27637,311.32272,0.9832956,766.586,343.8959,0.94971526,770.3278,345.70245,0.95552605
627.46356,159.2879,0.96733856,631.5953,154.35112,0.8850731,622.40454,154.4531,0.93883425,635.4233,158.3773,0.5555912,612.9328,158.46445,0.78530693,640.75287,190.09825,0.98388296,597.8334,186.25798,0.99169064,648.0834,221.42023,0.93997675,581.5502,216.09747,0.97276413,639.82495,197.01697,0.9061797,596.44104,208.31749,0.9491958,631.6394,268.93503,0.9944271,599.38354,268.36316,0.9958301,646.8477,334.91956,0.99016666,598.1215,334.918,0.9929564,660.0804,393.47073,0.9702073,591.94965,394.78717,0.97602785
0.0,0.0,0.19110696,0.0,0.0,0.095421,0.0,0.0,0.15079558,0.0,0.0,0.46654314,79.89996,212.221,0.69715846,64.33335,226.22612,0.97062486,85.380936,225.477,0.9816445,60.622417,244.16028,0.8299283,92.25146,242.65704,0.9090417,60.072945,258.87344,0.64178985,93.39056,257.0595,0.75029415,68.42691,258.0197,0.9883359,82.629944,257.78,0.9908993,69.33249,282.38083,0.9740899,82.751625,282.10638,0.97817194,69.8119,304.2192,0.9537058,83.058174,304.1585,0.9585555
0.0,0.0,0.07769382,0.0,0.0,0.03863848,0.0,0.0,0.060413897,0.0,0.0,0.30299133,167.4368,209.93901,0.52585083,151.53731,223.40607,0.93634135,172.95114,222.599,0.9620991,147.98727,240.71397,0.76296484,177.75414,239.512,0.8832516,148.2301,254.11905,0.5656029,176.40382,253.44012,0.7140991,155.63643,256.05923,0.98837155,170.1678,255.8133,0.9912846,157.50537,281.1227,0.98224926,169.5512,280.87946,0.9858013,157.06604,305.76178,0.97193146,167.63196,305.53162,0.9758984
357.184,181.17307,0.9052164,358.6655,178.05434,0.69029623,353.18454,177.88899,0.90850616,0.0,0.0,0.29649302,343.15826,179.91446,0.8726583,359.92004,201.72862,0.96766686,334.35577,200.49828,0.99158734,364.86084,225.3735,0.70373034,336.205,225.62189,0.9536244,363.98907,223.84303,0.6544693,360.0364,224.3458,0.8991607,356.96573,257.3079,0.97797936,340.01926,257.22858,0.9892826,353.94574,303.7788,0.94294876,340.90466,303.6657,0.97129774,346.11948,345.92508,0.87371576,336.66367,346.282,0.92343825
0.0,0.0,0.18400887,0.0,0.0,0.10849931,0.0,0.0,0.14196725,125.77139,214.30772,0.5384165,135.06142,214.83092,0.62704045,119.419044,226.40848,0.9867906,139.06474,227.07184,0.9879799,111.42891,242.51784,0.8687818,144.7084,243.30621,0.8990923,111.947334,257.1412,0.68551576,144.35843,257.79453,0.7283749,120.11655,256.91373,0.9949404,132.0288,257.17078,0.99519145,120.33945,280.98596,0.9870547,131.29445,280.99094,0.9880277,118.92149,303.36362,0.97298247,129.58551,304.0087,0.9747971
0.0,0.0,0.11234977,0.0,0.0,0.04461936,0.0,0.0,0.102781594,0.0,0.0,0.15386564,0.0,0.0,0.48219213,809.8027,219.6452,0.75189626,824.7927,219.99718,0.82504785,0.0,0.0,0.3506825,825.16516,241.7953,0.56909335,0.0,0.0,0.23291402,0.0,0.0,0.36952448,815.4951,261.70767,0.88630444,826.18134,262.3301,0.90941936,815.6432,295.26038,0.8501515,828.5778,295.49506,0.8806785,817.9576,325.20343,0.8081829,832.0011,325.91428,0.8366618
430.2762,211.12416,0.90847516,432.93872,208.75252,0.8685601,428.02905,208.67017,0.81418717,437.14398,211.38289,0.73156506,424.4492,211.04001,0.5603607,441.45163,226.85234,0.98710585,420.46732,226.95515,0.98426163,445.33716,245.1204,0.9229603,419.2471,244.76842,0.86594355,439.99554,252.05856,0.8709678,425.31152,248.24187,0.80149853,438.90475,264.90894,0.9848727,425.1532,265.12552,0.98339385,437.80923,296.75214,0.95921624,424.49338,297.07257,0.9499559,437.84714,326.01123,0.91466624,425.66962,326.11322,0.9009511
0.0,0.0,0.22672412,0.0,0.0,0.19349152,0.0,0.0,0.097037055,0.0,0.0,0.40453994,0.0,0.0,0.14262903,665.63293,212.89287,0.86702174,666.35236,212.22758,0.7362766,668.93445,234.75684,0.7319943,0.0,0.0,0.41146028,665.8656,243.34323,0.59234846,0.0,0.0,0.3481844,662.8709,260.81894,0.9501478,664.16095,260.372,0.9240328,661.2011,301.16788,0.95203644,664.22046,300.96832,0.92282414,663.054,339.1302,0.9208166,666.0386,338.2406,0.8878702
383.55377,205.55502,0.8972598,385.04965,202.6745,0.7507126,380.30408,202.54425,0.867757,0.0,0.0,0.42260408,372.0263,204.85872,0.77095324,386.31744,223.18298,0.97517663,365.5741,222.78664,0.98528856,389.98993,242.857,0.8335554,365.8036,244.27228,0.9125939,389.00464,238.75475,0.7822605,380.3704,237.14256,0.85507727,384.1473,266.0075,0.9787992,370.47366,266.39142,0.9839669,377.87137,301.43753,0.9552216,368.48666,302.31476,0.9640995,373.3963,331.86917,0.9040255,365.36328,333.62793,0.91857916
0.0,0.0,0.1522035,0.0,0.0,0.086843856,0.0,0.0,0.1621504,0.0,0.0,0.06949108,0.0,0.0,0.21376772,0.0,0.0,0.2395512,0.0,0.0,0.3361976,0.0,0.0,0.113059916,0.0,0.0,0.25194937,0.0,0.0,0.115294166,0.0,0.0,0.21271564,0.0,0.0,0.32307792,0.0,0.0,0.3771028,0.0,0.0,0.3260466,0.0,0.0,0.38604137,0.0,0.0,0.30884054,0.0,0.0,0.35353017
