851.5143,66.82021,0.7828113,0.0,0.0,0.334448,838.8445,55.961845,0.8728632,0.0,0.0,0.044300616,807.6722,61.693104,0.8296204,0.0,0.0,0.48089862,786.265,123.215065,0.9059759,0.0,0.0,0.14708264,778.0823,207.02374,0.81951386,0.0,0.0,0.16505143,841.32684,194.10329,0.73511904,849.4381,287.44702,0.7037011,806.0973,289.81546,0.8810904,854.0,401.61728,0.52235126,813.62823,407.6184,0.77628654,0.0,0.0,0.3098495,0.0,0.0,0.46995562
0.0,0.0,0.29369116,0.0,0.0,0.305115,0.0,0.0,0.052663803,348.08945,115.49856,0.8958155,0.0,0.0,0.2224733,338.18213,154.44913,0.991742,398.23126,155.87854,0.929124,313.73587,205.43848,0.9739134,398.43417,212.99417,0.6545119,311.94678,246.6759,0.9084682,387.4354,240.61746,0.53039396,343.6568,255.40762,0.9973028,382.30667,254.632,0.99215573,343.2283,341.81638,0.99584806,369.93356,342.24194,0.989087,350.68637,426.4177,0.9807568,365.41702,425.2845,0.9659895
0.0,0.0,0.11050175,0.0,0.0,0.050755106,0.0,0.0,0.07573792,0.0,0.0,0.39668706,201.47627,203.30972,0.59483,180.48637,219.83202,0.9698869,207.32103,219.33997,0.9802806,172.38174,242.32707,0.8526547,215.35966,241.53676,0.91038775,168.62595,261.43024,0.667472,217.43211,259.6757,0.74629295,185.26988,259.6986,0.9925546,202.76627,259.3334,0.99424696,183.46481,289.00305,0.9827328,200.00238,288.59967,0.98536533,183.00964,316.691,0.9661817,197.65668,316.9663,0.9699774
639.4405,165.33914,0.96979237,642.17224,161.00606,0.8172866,634.0039,160.33655,0.9616602,0.0,0.0,0.39698672,619.2086,163.54167,0.9230624,642.4847,198.33778,0.98434526,604.05133,196.75748,0.9973525,652.54224,238.10301,0.8992174,597.888,238.61433,0.99021775,659.3196,230.7762,0.8599199,614.06506,239.08167,0.9756139,639.7669,278.9359,0.99467576,614.3144,279.37698,0.9977198,640.5476,342.67358,0.9862331,617.2009,343.54868,0.9943697,634.51196,396.37054,0.95019907,612.57715,399.29282,0.9718482
709.62085,174.40096,0.93326765,714.4209,169.51833,0.8372649,703.72595,168.90504,0.8996157,0.0,0.0,0.48240831,692.36426,174.33623,0.6995834,722.9037,205.89989,0.94226474,676.14746,204.44197,0.9637614,722.6058,243.743,0.7971565,659.98785,240.63658,0.877691,708.92004,242.46469,0.7250686,671.22125,239.56825,0.81392395,711.2383,275.95773,0.96196103,678.12823,275.9795,0.96907157,729.6087,342.4392,0.949679,681.81445,341.48035,0.9601035,729.9879,398.83588,0.90210545,673.3032,397.8355,0.9157077
0.0,0.0,0.17143835,0.0,0.0,0.09577566,0.0,0.0,0.123881795,0.0,0.0,0.45942545,293.9771,211.17148,0.5990117,279.42834,223.48958,0.9537696,298.619,223.8198,0.95937896,275.38342,238.81197,0.73493475,302.45917,239.63472,0.7807151,275.8004,250.41878,0.5098526,302.5425,250.98026,0.5565336,282.05002,253.28476,0.98215187,295.48303,253.53743,0.9832481,279.73737,277.3157,0.9730926,295.9239,277.64368,0.9731269,277.7653,300.6139,0.9625457,296.04608,301.03647,0.9621087
474.5041,213.5312,0.84374857,476.7556,211.53535,0.8119486,473.46524,211.56975,0.6797793,481.29703,212.98454,0.7359115,0.0,0.0,0.418112,485.5021,225.27211,0.9807457,468.8976,224.91843,0.97194177,484.35397,238.42673,0.90972096,462.84073,235.95453,0.8015308,473.27368,235.0875,0.85820985,468.06982,230.18806,0.7455301,480.96503,257.38824,0.9818357,470.08963,257.0441,0.97793204,478.31134,284.34195,0.966403,467.19263,284.11023,0.9533019,478.20578,309.87448,0.9381337,467.7956,309.06516,0.9206662
0.0,0.0,0.0383666,0.0,0.0,0.018896649,0.0,0.0,0.027395517,0.0,0.0,0.093515426,0.0,0.0,0.16599378,0.0,0.0,0.4853445,0.0,0.0,0.46900865,0.0,0.0,0.2718019,0.0,0.0,0.26481766,0.0,0.0,0.19256288,0.0,0.0,0.17929964,750.74097,232.68181,0.80256927,762.08234,233.6787,0.79605305,749.5902,282.11685,0.7893976,761.64966,283.0165,0.77869624,745.98004,325.89627,0.72629523,757.0384,327.83847,0.71935767
0.0,0.0,0.26199335,0.0,0.0,0.11135917,0.0,0.0,0.25227675,0.0,0.0,0.287548,99.21244,220.80113,0.7168895,86.968895,230.41423,0.93514156,101.23078,231.0566,0.97245544,81.952225,242.25035,0.62694067,103.69575,244.18564,0.88765,0.0,0.0,0.45765352,104.36526,255.28815,0.73209745,87.83781,254.47456,0.96888953,97.30026,254.66972,0.9810245,86.69914,272.651,0.9411622,95.04017,272.68692,0.963281,86.006065,288.7864,0.9150241,93.476814,289.35678,0.93923926
0.0,0.0,0.09487327,0.0,0.0,0.06931014,0.0,0.0,0.06626555,0.0,0.0,0.4182537,0.0,0.0,0.37072173,145.59381,228.38847,0.9341711,160.76198,227.98242,0.9323224,140.15051,241.27632,0.68660057,165.51727,240.75328,0.6796956,0.0,0.0,0.45484608,0.0,0.0,0.44441637,147.23691,252.55533,0.97304934,156.64594,252.32838,0.9731014,148.0783,272.1178,0.9556905,154.96973,271.93536,0.95556414,148.44962,290.40146,0.9379925,153.12495,290.18265,0.93832684
0.0,0.0,0.21903054,0.0,0.0,0.14826834,0.0,0.0,0.14175488,116.452225,224.68338,0.5286385,123.565926,224.37845,0.5189544,112.3595,234.38368,0.9614357,128.53497,233.88634,0.9635052,107.88318,246.3877,0.82176435,134.5733,245.69377,0.818462,105.67746,258.04208,0.647992,132.03561,257.66956,0.6419255,116.127045,255.82562,0.98011464,126.816246,255.74329,0.9805478,116.4672,273.32526,0.96283525,126.357735,273.29092,0.96054286,117.39976,288.54187,0.9423726,126.245995,288.26135,0.9392475
414.49963,227.33624,0.76793283,415.97693,225.68417,0.73067874,413.6914,225.56291,0.5933714,419.4894,226.0934,0.6396493,0.0,0.0,0.3123821,424.1704,234.48448,0.97340256,409.8332,234.33195,0.96026677,427.61343,245.12326,0.8831284,406.78607,244.39201,0.77934027,421.58737,249.58418,0.8309358,409.2057,248.39902,0.73009086,421.1085,257.4264,0.974619,411.6365,257.2301,0.9687148,419.6191,275.64386,0.93267983,410.83557,275.30563,0.9163482,418.71933,291.2696,0.85904384,411.74887,290.79822,0.83562803
