0.0,0.0,0.17677386,0.0,0.0,0.10847009,0.0,0.0,0.1009106,742.81793,208.44937,0.59879595,757.90515,207.52483,0.6239969,736.63666,226.73279,0.9832497,766.5594,224.17986,0.98848754,730.78894,251.841,0.91082716,775.8441,246.34134,0.93496805,732.4195,273.22467,0.753928,773.47833,265.4396,0.79405993,746.8081,270.42282,0.9928722,765.8341,269.6268,0.9943145,752.4071,301.27124,0.97756755,762.89746,300.57693,0.9800677,756.5667,329.30014,0.94542706,760.64307,328.2774,0.9497887
0.0,0.0,0.24314687,0.0,0.0,0.10136326,0.0,0.0,0.19933666,367.4019,183.30368,0.50956106,385.6414,184.55185,0.8068537,354.4091,206.09369,0.9819021,388.82022,208.21568,0.99393,342.2598,239.4452,0.87038445,397.3139,237.22238,0.9684787,339.44855,266.1175,0.69950265,393.66455,255.7697,0.8683413,359.24435,264.85013,0.9936877,380.0467,266.4359,0.9963685,365.254,311.74472,0.9789908,376.10748,313.2795,0.98619837,370.3088,355.3097,0.93707246,371.1135,358.1467,0.95318204
0.0,0.0,0.13496302,0.0,0.0,0.08127975,0.0,0.0,0.09082168,481.2401,214.92816,0.6547634,495.1557,215.46925,0.7075177,470.40018,230.17403,0.9820349,502.0779,231.81807,0.98529863,461.45663,248.79337,0.8841563,509.52615,252.85193,0.8987061,463.54538,262.3272,0.67270505,509.81973,266.95193,0.6865729,473.2938,272.3762,0.9933848,494.1022,273.22873,0.9938996,472.2826,305.42923,0.98598665,491.53595,306.36285,0.98515946,474.18256,337.06757,0.9707093,491.8076,338.4272,0.96890074
250.86536,175.44989,0.9406539,255.60954,171.98676,0.8803533,246.96153,171.74696,0.88360643,262.1235,175.76125,0.6833955,241.09088,175.05835,0.6786521,270.58014,200.61945,0.9783811,233.8232,201.02112,0.9785836,282.74924,226.26898,0.898836,224.16624,231.75394,0.89646477,274.48965,219.97159,0.83619434,227.02713,240.89053,0.83728653,265.88065,261.27667,0.9852512,242.39212,261.3039,0.98460555,263.07312,312.41492,0.9776913,245.79506,312.8445,0.9782347,263.60876,355.56644,0.948284,253.67365,358.13504,0.9505563
672.4937,185.31139,0.9481085,674.8803,182.0399,0.7893434,668.4688,181.82005,0.94245034,0.0,0.0,0.40927866,657.50073,184.46413,0.8872389,676.7167,209.78926,0.96251094,645.05383,209.73523,0.9922421,685.3548,235.6384,0.788729,631.8796,239.05751,0.96921825,688.1594,252.58127,0.7207805,626.06586,271.38077,0.93072224,672.41345,265.1815,0.975518,653.134,265.87888,0.98847115,676.1221,306.05078,0.95347345,661.39484,305.31503,0.9785654,676.3081,343.69522,0.90448666,666.4446,344.12946,0.941872
34.101448,191.1185,0.9014487,38.749283,186.68839,0.9223068,31.768517,187.75444,0.6080413,50.631012,187.785,0.8998533,0.0,0.0,0.22687322,64.92475,212.21393,0.9947365,31.971432,213.59364,0.8997024,76.512344,245.45784,0.9844434,25.2448,242.68109,0.5382254,54.228188,237.37006,0.95528936,33.187378,233.02348,0.52780604,56.383244,277.25946,0.9947102,35.542114,277.51627,0.9765372,51.144676,330.9899,0.99171066,40.653522,334.14014,0.9662524,65.77834,377.16214,0.97412646,56.433937,379.51218,0.93787605
0.0,0.0,0.06688611,0.0,0.0,0.05346012,0.0,0.0,0.028862592,0.0,0.0,0.47160628,0.0,0.0,0.24623677,510.15787,216.46838,0.923644,532.3539,215.24998,0.905635,505.0384,235.09348,0.7508756,542.1728,231.90671,0.64888567,506.32498,240.06322,0.5353296,0.0,0.0,0.44271383,516.854,259.0941,0.9824254,531.93787,258.60892,0.98077637,515.5105,294.55304,0.97419536,533.6352,294.4368,0.9689295,515.9864,330.52826,0.9605168,533.1969,329.3028,0.9545904
297.38913,199.0792,0.9066753,301.36487,195.73752,0.9065739,295.05695,196.14095,0.7438608,310.12064,198.22353,0.8332944,0.0,0.0,0.34085643,319.0882,217.24547,0.9874213,289.3263,219.23814,0.97205466,319.50372,240.19965,0.94637007,284.81598,242.92146,0.74743795,302.62354,234.00526,0.9081052,296.1297,235.41249,0.7002282,314.23126,265.32324,0.9861724,293.91315,265.67288,0.9778913,314.30582,305.34537,0.97241926,289.9761,305.444,0.9486266,314.97552,344.54254,0.93908805,292.9034,343.80753,0.90560573
0.0,0.0,0.0949282,0.0,0.0,0.06400656,0.0,0.0,0.04836257,154.01584,205.75606,0.5358237,0.0,0.0,0.44721305,145.65147,221.20879,0.95742846,173.83434,221.29066,0.9453384,138.17426,242.339,0.781921,176.917,243.7152,0.6832076,146.02423,248.90616,0.5188137,0.0,0.0,0.42017454,150.06848,264.65787,0.9835775,169.79814,264.8584,0.9812133,144.98206,299.4913,0.9706627,167.71326,300.00244,0.96302605,144.6896,332.65433,0.9461171,168.54213,332.9544,0.9359572
0.0,0.0,0.19780664,0.0,0.0,0.20948829,0.0,0.0,0.105755806,0.0,0.0,0.25644457,0.0,0.0,0.0761547,0.0,0.0,0.41656718,0.0,0.0,0.26090917,0.0,0.0,0.3215292,0.0,0.0,0.1181979,0.0,0.0,0.29083586,0.0,0.0,0.13186419,0.0,0.0,0.45695814,0.0,0.0,0.37056562,15.473966,291.7444,0.5390383,0.0,0.0,0.43618682,18.812134,338.10275,0.51930594,0.0,0.0,0.4436417
