808.7715,168.0635,0.9742916,813.78766,163.69261,0.89057523,803.13477,163.58046,0.96791524,0.0,0.0,0.4992551,791.50635,165.35687,0.8802706,827.7897,193.58205,0.9702927,777.1228,196.98074,0.99374604,846.9722,216.18442,0.81872195,761.49963,234.10335,0.9764032,846.12823,217.99132,0.76094383,746.2415,266.2776,0.9468647,817.35657,271.52484,0.98558897,784.80865,272.20044,0.9937262,820.84515,327.40988,0.97728527,781.22235,327.50098,0.990476,827.3405,382.57477,0.9510393,786.3601,387.61722,0.9726228
0.0,0.0,0.30167907,0.0,0.0,0.05572124,0.0,0.0,0.4004127,0.0,0.0,0.16014855,79.22261,156.50226,0.9230829,26.262554,194.63998,0.84185696,84.573265,197.40459,0.982853,0.0,0.0,0.3721181,103.79424,243.31166,0.9297665,0.0,0.0,0.25178668,100.58145,238.21616,0.7798779,30.030916,293.25104,0.9502254,72.83527,295.135,0.98177814,30.265085,378.50052,0.95903665,94.470276,374.51996,0.98504907,19.446753,460.9602,0.91672254,102.77736,450.12753,0.95566344
237.03748,186.0459,0.8979802,241.4274,182.1058,0.85282886,233.75055,181.63771,0.7880589,248.73743,184.65344,0.6663936,0.0,0.0,0.46073097,258.89328,208.1175,0.98662823,216.62999,207.54604,0.9862156,266.91895,236.61601,0.94902223,207.50635,239.59354,0.9194298,252.37497,221.89798,0.92429376,228.36995,234.31326,0.8823959,251.67886,273.04272,0.9946635,224.8482,272.67984,0.9943506,249.89459,324.12015,0.9893517,229.24142,323.29312,0.98671585,245.54163,373.84567,0.9680466,237.27798,371.91013,0.96269387
0.0,0.0,0.11632191,0.0,0.0,0.044734325,0.0,0.0,0.0899918,0.0,0.0,0.33506912,449.3311,200.33391,0.6677793,423.48132,216.35213,0.9597518,451.16602,216.54248,0.96932364,411.70642,240.99998,0.7795397,453.82117,236.60979,0.8387302,414.9196,260.36914,0.5600136,449.40125,247.40613,0.6142955,424.9162,261.94504,0.99086225,443.83188,262.47754,0.99188274,426.33008,296.56696,0.98675656,445.3838,297.29498,0.98724025,428.80893,331.33063,0.9760656,449.49835,333.3714,0.97633535
0.0,0.0,0.30750385,0.0,0.0,0.3522408,0.0,0.0,0.093258314,663.0852,202.34569,0.8771508,0.0,0.0,0.33516803,659.4258,221.8017,0.98699343,683.9169,220.2753,0.96009696,651.51715,247.76732,0.941506,687.27985,245.47906,0.64572346,647.9762,269.1824,0.80588645,0.0,0.0,0.44707558,664.2979,266.61844,0.9916385,680.6104,266.01556,0.9844111,664.6915,302.52634,0.98705286,680.3934,302.61597,0.9719257,667.489,337.85004,0.97607887,682.7493,336.66415,0.9577355
0.0,0.0,0.07168528,0.0,0.0,0.038401272,0.0,0.0,0.048033617,0.0,0.0,0.37783226,0.0,0.0,0.49199206,547.01825,230.86253,0.9348031,571.1481,229.26657,0.9566689,542.9633,251.94122,0.75315624,578.13654,249.122,0.84997076,543.12146,264.50317,0.5406673,577.9525,263.68024,0.6488905,554.4938,267.54797,0.9871421,570.7067,267.09497,0.98952204,554.4357,297.8802,0.9813442,571.2596,297.38513,0.98323697,555.7561,326.4539,0.97022086,571.8575,325.3203,0.97209543
0.0,0.0,0.108317435,0.0,0.0,0.04916381,0.0,0.0,0.07789213,0.0,0.0,0.31079075,510.31415,220.71162,0.5491846,492.132,235.95522,0.9412673,517.5208,234.89098,0.9606172,486.93042,255.06573,0.7606189,527.028,254.65982,0.867697,486.922,269.19165,0.57007146,529.33167,269.63528,0.69880974,500.41913,273.20807,0.98603964,516.9465,272.63904,0.9892786,500.4176,301.29453,0.9772273,513.9442,300.4469,0.9818981,503.0902,326.363,0.96188337,513.63043,325.6526,0.9678065
0.0,0.0,0.1847036,0.0,0.0,0.114278525,0.0,0.0,0.12075772,732.8388,211.11064,0.5813857,744.8572,212.20564,0.6191778,723.476,225.57109,0.9577171,750.1272,227.32922,0.94567496,716.99194,245.8231,0.7576423,753.4829,248.88971,0.67602015,0.0,0.0,0.4848968,0.0,0.0,0.40465155,723.46704,263.36896,0.94887924,741.25543,264.10858,0.94058645,724.4275,293.54855,0.854993,741.3013,294.47546,0.8271276,724.6249,316.688,0.7254163,740.764,318.3444,0.6923876
0.0,0.0,0.19549608,0.0,0.0,0.18610145,0.0,0.0,0.07239638,153.42569,204.11232,0.63600814,0.0,0.0,0.24063845,150.85548,220.16573,0.93721056,170.70741,218.57625,0.86057144,146.07767,240.97073,0.7971299,0.0,0.0,0.46856496,147.00618,250.19919,0.59234035,0.0,0.0,0.32423452,155.1302,263.1146,0.96872216,168.35071,262.43494,0.9502054,153.96298,299.403,0.964132,166.0788,299.16098,0.9383111,156.61705,334.05893,0.9465063,166.56532,332.68103,0.9206057
94.913246,152.3559,0.71090996,98.68437,147.55519,0.6598335,91.56136,147.91623,0.50519484,105.94975,151.09236,0.5794063,0.0,0.0,0.29782495,114.40562,183.14212,0.8813505,91.59566,184.61694,0.77236277,118.88289,220.74846,0.50389636,0.0,0.0,0.21795061,0.0,0.0,0.36722434,0.0,0.0,0.1730097,109.5327,269.20102,0.88900054,94.950226,269.58145,0.8362249,105.80496,340.3833,0.87618554,96.74693,340.8087,0.8110869,111.47424,406.24838,0.7855452,105.40668,405.55518,0.7164211
