0.0,0.0,0.112908304,0.0,0.0,0.06316982,0.0,0.0,0.06750274,246.69806,187.769,0.68263996,263.56732,187.42052,0.73202425,237.41905,208.91266,0.9879386,273.25577,208.5017,0.99282527,229.05211,236.74872,0.9122905,285.58334,236.46788,0.94786197,228.17528,260.10992,0.71443564,286.15988,260.4655,0.7808335,243.35863,263.2433,0.9956814,266.76138,263.22913,0.9966954,240.60005,301.19858,0.98497957,265.3783,301.5124,0.98652554,240.44717,338.4007,0.9602814,263.5983,338.7513,0.9629536
0.0,0.0,0.009257153,0.0,0.0,0.006927403,0.0,0.0,0.0008766159,619.53076,0.0,0.6908679,0.0,0.0,0.05034823,607.98584,57.37366,0.92943776,721.0929,38.521656,0.81787723,566.54126,179.52187,0.83178735,731.14526,160.88074,0.59648156,588.8052,163.27109,0.5476277,0.0,0.0,0.33986133,632.0574,271.66022,0.95638174,712.5202,262.14032,0.94208896,603.26715,450.58755,0.5230925,0.0,0.0,0.48736453,0.0,0.0,0.042921722,0.0,0.0,0.04175846
456.1284,150.89856,0.9626741,460.73935,146.35124,0.8769293,450.5854,146.39474,0.9305825,467.36166,149.12411,0.6123446,442.68835,149.72935,0.79846776,477.32422,179.95007,0.98241884,432.86478,181.14429,0.99305177,482.146,217.7654,0.91753745,430.39523,220.80064,0.97472125,464.2757,213.22124,0.8886195,461.25995,213.75902,0.9531626,467.31302,256.32928,0.9895257,439.17352,256.6092,0.9932088,458.87735,322.10077,0.9772899,447.61517,324.0261,0.9860517,437.32355,376.42426,0.9219956,443.38535,380.44238,0.94291526
0.0,0.0,0.20241602,0.0,0.0,0.10312257,0.0,0.0,0.16900764,0.0,0.0,0.42265943,87.63432,217.67674,0.66870666,73.894165,229.13628,0.96112347,90.9528,229.4896,0.9794922,69.24677,243.31326,0.7744392,96.2294,243.19109,0.90330476,68.45456,256.3756,0.582872,96.97342,255.2945,0.74364585,74.78115,256.18655,0.9845285,85.8461,256.50677,0.98888284,74.823494,277.27145,0.96971637,83.651146,277.66522,0.97651947,74.83293,297.02448,0.9499186,81.71263,297.7421,0.95770913
0.0,0.0,0.14519247,0.0,0.0,0.06314213,0.0,0.0,0.10942284,0.0,0.0,0.29909775,395.9232,201.79776,0.57223237,376.85434,216.62938,0.9463928,399.01837,216.44916,0.9645982,371.4953,236.70631,0.746967,402.4223,236.46378,0.85398835,372.88818,251.34164,0.55328923,405.32986,249.89833,0.66878664,379.64777,253.54045,0.9840359,394.07663,253.50972,0.98760253,381.8685,282.86465,0.9704086,392.88715,282.7965,0.97601897,382.82733,311.5728,0.9493841,390.76978,312.17517,0.9564577
0.0,0.0,0.1669796,0.0,0.0,0.10350845,0.0,0.0,0.12512033,154.75897,214.66566,0.5222406,163.12729,215.07967,0.56354177,149.40497,225.68286,0.97667557,167.27536,226.30167,0.97768754,143.35568,239.35313,0.806952,172.91652,239.90996,0.836156,143.56642,249.19969,0.5961562,173.52307,249.50821,0.62986076,151.1464,253.07693,0.9897613,162.33482,253.37117,0.9900602,150.12515,275.7537,0.97947276,161.68909,275.66357,0.98053247,148.39174,297.34302,0.9624914,159.6095,297.70715,0.96430045
0.0,0.0,0.17244843,0.0,0.0,0.10462043,0.0,0.0,0.15606423,0.0,0.0,0.4331526,122.65579,218.55469,0.6106745,109.592316,228.98343,0.9686835,125.84702,229.5106,0.9747525,103.34486,243.42259,0.7704353,129.63272,244.06395,0.853914,102.945885,256.50616,0.5544787,129.15521,257.50748,0.6544148,111.07757,255.6251,0.9824765,121.61657,255.73477,0.9846593,112.05169,276.46704,0.95596325,120.373,276.54474,0.962357,111.509285,295.2794,0.9275808,118.24131,295.52295,0.9359343
772.2811,215.9078,0.7238157,775.00555,212.61827,0.763296,0.0,0.0,0.33488998,784.6859,213.30132,0.8443195,0.0,0.0,0.19443847,787.09796,229.26129,0.9679575,790.00586,226.88011,0.9075037,777.27747,249.2672,0.86177284,0.0,0.0,0.40670204,765.9002,255.24915,0.75026566,0.0,0.0,0.36338156,788.8931,268.53506,0.9405212,791.44073,266.53918,0.89560854,779.7632,289.17957,0.9170269,786.4192,287.51712,0.83302915,782.598,316.06198,0.8778509,790.1475,312.4334,0.79887944
511.84836,198.38805,0.90794575,515.2747,195.52528,0.81854653,508.76334,195.3883,0.88300335,520.4777,198.87956,0.5089874,503.49515,198.38042,0.7269534,524.33734,217.53416,0.9626151,496.44418,216.78044,0.9840056,526.28705,232.14728,0.7057168,486.42645,231.18591,0.890792,516.7475,217.98308,0.6477986,496.00854,219.18236,0.8151917,516.9706,268.1365,0.96209264,498.9051,267.58334,0.97587216,513.8742,310.7056,0.8972999,498.37238,309.87582,0.9284812,509.8395,350.98026,0.81601864,498.47684,349.74844,0.8573047
0.0,0.0,0.06697043,0.0,0.0,0.033972997,0.0,0.0,0.048413996,0.0,0.0,0.24976043,0.0,0.0,0.42709306,292.9773,230.15714,0.86920565,315.9963,228.3717,0.9004747,289.8823,245.79147,0.61636806,322.07013,242.91614,0.75350326,0.0,0.0,0.41525427,320.152,256.01422,0.54464763,298.1607,260.5856,0.96051896,313.35898,259.79227,0.9671387,297.58966,283.881,0.9367807,310.09753,283.11554,0.9462476,299.6082,306.25574,0.91472477,309.82126,305.26953,0.9239117
511.28964,198.02866,0.89308727,514.9641,194.8322,0.7992894,508.11017,194.8762,0.8542295,520.5572,197.57736,0.5073561,502.67905,197.59242,0.64733595,524.6103,216.25453,0.9526658,496.7787,216.2474,0.97523797,526.87683,231.25908,0.69939196,482.51193,230.47458,0.86664116,517.80566,215.1794,0.6236667,487.4741,217.22223,0.78127867,519.89307,269.16226,0.964998,500.6355,269.17087,0.97577864,521.29395,312.73434,0.94346523,495.5007,312.37192,0.95720834,525.8873,353.85464,0.8963658,493.74707,352.7556,0.9131201
0.0,0.0,0.011739698,0.0,0.0,0.00420521,0.0,0.0,0.00811373,0.0,0.0,0.016382111,0.0,0.0,0.03896152,0.0,0.0,0.03775523,0.0,0.0,0.13943094,0.0,0.0,0.05377921,0.0,0.0,0.24160464,0.0,0.0,0.07863359,0.0,0.0,0.23370068,0.0,0.0,0.07365475,0.0,0.0,0.13503632,0.0,0.0,0.03543874,0.0,0.0,0.063698046,0.0,0.0,0.016479092,0.0,0.0,0.024187075
