0.0,0.0,0.43758067,0.0,0.0,0.2399847,0.0,0.0,0.15312302,388.96304,114.2363,0.7844153,420.53275,115.540634,0.6724776,367.65787,157.90358,0.9897892,440.0639,160.64284,0.9858272,328.81366,212.93605,0.97086394,463.20422,224.29886,0.93837124,307.6029,251.8084,0.92689496,456.2674,281.16766,0.8796998,382.0301,273.69122,0.9964155,421.81155,274.68802,0.9954325,393.88538,367.95743,0.9918703,395.3266,367.44162,0.98945475,426.56885,448.71048,0.95046806,382.48886,444.8757,0.943453
0.0,0.0,0.08836962,0.0,0.0,0.08464974,0.0,0.0,0.029775871,566.6627,176.69064,0.7682513,0.0,0.0,0.36026508,560.6887,197.52417,0.9838473,591.0405,198.02847,0.97559047,549.94214,226.0881,0.9432522,597.0802,229.05838,0.84855187,543.8649,254.14755,0.7994754,597.3144,258.49872,0.6279748,565.93933,254.56721,0.99472564,585.1938,254.91722,0.99327844,566.809,295.22305,0.9857598,583.07416,296.05606,0.9782085,577.9668,333.79562,0.96176857,590.1002,333.93964,0.9475866
0.0,0.0,0.08936452,0.0,0.0,0.07092896,0.0,0.0,0.043540817,176.41624,203.73029,0.5737954,0.0,0.0,0.3892927,171.45943,219.30644,0.9690083,194.71571,219.5954,0.96621186,163.2045,238.07861,0.90308905,198.62999,241.00223,0.8666664,161.93492,253.48685,0.7502592,198.65425,259.0512,0.69595075,173.52332,257.48727,0.99208355,188.25137,257.46173,0.9917243,174.3528,285.97675,0.9850396,183.61327,286.35065,0.9823001,173.10876,314.0009,0.9701366,178.78757,314.10977,0.96604997
0.0,0.0,0.21033649,0.0,0.0,0.08689137,0.0,0.0,0.1885361,0.0,0.0,0.44307327,89.54102,205.36488,0.79317623,68.19797,221.64847,0.9719213,94.276184,221.40958,0.9851673,61.915905,243.2449,0.7870198,100.719986,241.42586,0.9103814,61.57798,260.38907,0.56416696,100.028305,256.78195,0.72558475,71.92227,260.7605,0.98763484,89.059044,260.75385,0.99097544,71.750854,289.95184,0.97298086,85.65685,289.9011,0.97848916,73.61901,316.25522,0.948862,85.08426,317.02527,0.95582384
0.0,0.0,0.20711909,0.0,0.0,0.08582154,0.0,0.0,0.16165939,0.0,0.0,0.2716897,838.85986,191.30673,0.5617919,816.41046,211.1992,0.9061514,837.3161,211.56874,0.91478366,803.99207,240.64728,0.6234698,839.4149,239.88493,0.66102123,0.0,0.0,0.42990875,0.0,0.0,0.44270438,823.4439,267.57935,0.9442034,836.6017,268.49033,0.94431967,823.0131,302.2757,0.8978559,829.4394,302.9284,0.8916505,838.37225,330.67313,0.8129206,837.2129,332.17648,0.8033101
0.0,0.0,0.14145665,0.0,0.0,0.04775543,0.0,0.0,0.1430667,0.0,0.0,0.2928188,128.6752,206.23273,0.77396643,109.90477,220.693,0.9590368,133.52678,220.6937,0.98462373,104.27666,239.45512,0.7235469,138.82571,241.35242,0.92997676,106.271416,249.75629,0.50196695,140.42517,255.64262,0.7692593,114.5996,259.1687,0.98920864,130.76585,259.11392,0.99358773,114.4917,287.8519,0.97792244,129.56984,287.43954,0.9859562,115.893005,314.38522,0.9608179,129.4366,314.4957,0.97134936
0.0,0.0,0.09422563,0.0,0.0,0.027887799,0.0,0.0,0.08381229,0.0,0.0,0.24080124,752.98,183.60773,0.7230149,724.2927,200.0641,0.93976265,759.54535,200.81952,0.96901625,713.6952,227.2511,0.61879754,769.10803,228.15672,0.8557546,0.0,0.0,0.36604312,768.83154,241.59415,0.5993011,724.9424,255.38116,0.979329,747.53485,255.42354,0.9861204,728.1791,298.12906,0.9411224,746.4208,298.12292,0.9604486,727.49756,335.60785,0.8800688,738.93427,336.75433,0.9094644
0.0,0.0,0.101466835,0.0,0.0,0.030887369,0.0,0.0,0.0950062,0.0,0.0,0.2835764,501.39554,192.62114,0.74175656,479.0403,208.33984,0.9389797,505.3153,208.50972,0.9671947,476.86002,233.19977,0.5707739,514.83875,228.00482,0.8084773,0.0,0.0,0.32792842,514.7256,239.88734,0.5178899,485.2052,256.47165,0.9835579,504.34445,257.11932,0.987837,480.0497,294.42316,0.9704213,509.97034,294.8281,0.9767858,477.47974,329.64337,0.95051086,514.4058,330.83292,0.95785636
0.0,0.0,0.184059,0.0,0.0,0.20006719,0.0,0.0,0.05515754,699.7905,169.9636,0.84734577,0.0,0.0,0.32660678,696.1282,194.35312,0.97978514,726.7957,193.9243,0.952462,687.1314,229.92845,0.8988109,734.191,227.07207,0.60459393,679.0907,260.577,0.6894793,0.0,0.0,0.36160967,701.8083,257.16983,0.9895723,721.8876,257.0864,0.9826126,705.85516,305.95065,0.98204064,725.56384,306.31937,0.9657379,708.4998,352.29095,0.95766795,723.5632,351.35812,0.93277866
310.28598,198.9339,0.80837303,312.8102,196.18167,0.6031405,307.99313,195.77351,0.8039056,0.0,0.0,0.30039757,303.00586,196.14806,0.72995096,317.0095,214.76826,0.9179083,295.85516,212.43146,0.97550607,0.0,0.0,0.4689265,291.4212,231.32956,0.8653145,0.0,0.0,0.41093603,294.8596,247.2515,0.7560421,313.2258,254.53366,0.9514341,299.5899,253.98532,0.9757858,310.11743,286.2775,0.94193876,297.78796,285.68286,0.9694233,307.9746,319.59583,0.93811756,297.13977,318.8565,0.96099865
0.0,0.0,0.44971004,0.0,0.0,0.13224983,632.53265,210.79788,0.51360124,0.0,0.0,0.14853342,628.932,210.96199,0.8486482,613.0098,220.05057,0.9035215,629.83777,221.22073,0.9760784,0.0,0.0,0.39942938,636.7099,232.94939,0.9025937,0.0,0.0,0.3251861,638.0822,231.67424,0.7715504,609.947,254.18503,0.9526105,621.12695,254.64287,0.9789742,614.6007,282.249,0.9186427,625.9218,282.23633,0.96539927,613.44116,310.748,0.8893219,622.3441,311.9252,0.9401359
662.8952,208.47885,0.89541113,665.8607,205.9338,0.8879967,660.883,205.68541,0.8277203,670.8216,207.87518,0.74919456,657.90283,207.37418,0.5055379,675.63354,223.01096,0.97588104,654.1941,222.16623,0.9665073,678.85956,240.52946,0.82831764,648.9812,238.59778,0.7249409,673.2693,251.3791,0.7303458,652.0279,249.72632,0.62814826,671.5872,257.34045,0.9370269,657.99023,256.90515,0.9275018,673.19543,282.98734,0.76988214,660.1625,282.66556,0.73643297,673.4854,305.06192,0.56266606,663.6519,304.44525,0.5269644
