0.0,0.0,0.38674632,0.0,0.0,0.08920316,68.526764,135.54971,0.5101503,0.0,0.0,0.2026769,64.62369,138.64565,0.9184144,13.034442,173.2422,0.79488724,71.63948,177.2154,0.9756822,0.0,0.0,0.3073271,81.996086,231.12837,0.90379083,0.0,0.0,0.22636019,76.465195,256.87238,0.7441836,17.397984,273.77908,0.87854826,60.22623,275.69003,0.9541386,13.831385,352.04797,0.8823861,71.279144,352.17328,0.954576,6.594534,427.19284,0.7914052,75.18433,426.94492,0.87753886
0.0,0.0,0.1718099,0.0,0.0,0.037218112,0.0,0.0,0.21414731,0.0,0.0,0.16061968,375.43143,180.3021,0.80744654,337.9718,206.86067,0.808999,384.41125,205.15959,0.9679814,0.0,0.0,0.4125402,402.6238,216.34546,0.9177934,0.0,0.0,0.2869462,394.26367,189.24168,0.7687721,346.85452,276.94388,0.9734903,378.88712,277.05414,0.98980755,349.78033,327.84213,0.9764921,379.2242,328.97464,0.99160296,347.22876,374.4348,0.9636127,381.9889,379.74783,0.98125905
0.0,0.0,0.13812204,0.0,0.0,0.10147798,0.0,0.0,0.06161198,154.11775,205.59717,0.63230336,0.0,0.0,0.42249274,147.47334,220.94278,0.9632867,173.63661,221.4396,0.9528283,139.53151,240.79031,0.7984304,174.65755,242.32596,0.6809486,145.02097,250.46037,0.5495125,0.0,0.0,0.42517665,152.00255,264.01294,0.98310757,169.93816,264.4293,0.97967076,146.41455,299.0387,0.9695146,167.71294,299.7828,0.95817846,143.61823,333.4824,0.9444744,165.83841,333.5453,0.9299944
0.0,0.0,0.09512728,0.0,0.0,0.052889165,0.0,0.0,0.05913091,592.05475,196.14075,0.52800906,608.99817,196.51389,0.59938556,582.4594,215.97656,0.969397,616.126,216.43204,0.97967255,571.38446,244.65651,0.80854845,622.617,244.48303,0.8761975,573.2717,266.04153,0.54110223,623.0318,263.79385,0.62608784,587.87134,270.46628,0.99012905,609.1468,271.06335,0.9918662,590.013,309.68008,0.9747046,605.7144,310.5729,0.97666854,593.1317,347.77673,0.94537795,600.89417,348.6532,0.94805837
480.7765,196.7902,0.9130343,483.63184,193.8906,0.88189954,478.25723,194.1039,0.80775774,489.27518,195.2304,0.7357355,0.0,0.0,0.47337168,497.16302,211.75652,0.9844816,474.3004,212.81947,0.9821832,503.47128,229.01234,0.93711466,470.8916,229.4863,0.89098155,493.0108,228.41872,0.90876144,475.24286,227.47627,0.8562324,494.65985,256.1805,0.9913033,480.05276,256.4124,0.99039346,494.90088,291.84186,0.988389,481.6413,291.56982,0.98514277,496.17554,326.4622,0.97732896,484.07806,325.3924,0.9726723
0.0,0.0,0.097915106,0.0,0.0,0.054349657,0.0,0.0,0.0647187,0.0,0.0,0.42452097,698.8621,203.7897,0.5410183,680.0571,219.2931,0.96286327,704.74744,218.41232,0.97416353,673.509,237.81369,0.8324267,711.18933,237.9028,0.88747394,674.325,252.57146,0.6279191,711.972,254.4026,0.7027818,686.6119,254.7215,0.99004716,702.5803,254.58734,0.9919521,690.3678,281.11423,0.97948027,702.626,281.05402,0.9819105,692.3885,306.86078,0.9627672,701.4125,306.69754,0.96578485
0.0,0.0,0.06568884,0.0,0.0,0.04671846,0.0,0.0,0.030223733,0.0,0.0,0.3929482,0.0,0.0,0.25852132,398.5675,210.80664,0.86532307,423.10712,212.93114,0.8462666,394.21344,224.90974,0.66581833,431.0648,237.77834,0.6017709,0.0,0.0,0.4502761,0.0,0.0,0.40912104,402.4547,267.1947,0.9689895,420.19525,267.42807,0.96760803,401.1748,311.61465,0.97131246,423.6666,311.43423,0.9678551,402.79865,354.84805,0.95436144,426.80203,353.53198,0.9505397
546.4466,203.35262,0.8792867,549.0629,201.04196,0.77677894,544.91675,200.91765,0.8253534,553.7175,202.73973,0.5346076,543.02545,202.4185,0.66685236,558.57996,217.96513,0.97084045,538.2886,218.3325,0.985644,562.3663,235.2402,0.8052065,532.9003,237.32425,0.91669106,559.153,246.14438,0.7409402,531.0334,252.24458,0.8514541,554.0638,256.89072,0.9764298,541.41815,256.94952,0.98399943,553.193,287.30136,0.9545015,541.6495,287.09665,0.9664922,554.64777,316.94214,0.91830814,542.9375,316.31888,0.93416774
454.52734,202.41348,0.7878398,456.2081,199.742,0.7345522,452.57022,200.02142,0.6941967,459.45367,200.71632,0.522707,0.0,0.0,0.42876512,464.9083,215.62976,0.96017146,445.6375,216.65167,0.9548365,469.5339,235.73473,0.7930438,439.68417,237.27954,0.7561207,466.9604,252.41841,0.7230521,440.20645,254.2682,0.68997914,463.9991,255.03967,0.9708746,452.54108,255.53845,0.96961606,465.15698,286.20798,0.94091624,456.24,286.50934,0.93707705,467.5217,314.208,0.8779988,460.9334,314.41284,0.87186545
0.0,0.0,0.0875956,0.0,0.0,0.06027858,0.0,0.0,0.04768497,0.0,0.0,0.32383388,0.0,0.0,0.26651978,634.84204,225.54086,0.8668276,651.65356,225.13857,0.8603897,631.8078,243.66965,0.64434195,655.7982,244.35904,0.62720037,0.0,0.0,0.4614844,0.0,0.0,0.45496154,638.09503,260.91476,0.962628,649.1615,260.55383,0.9632183,636.5013,289.71002,0.9607379,644.17053,289.44916,0.9594731,640.0868,318.1195,0.9483625,644.87494,317.48935,0.94701195
0.0,0.0,0.18410788,0.0,0.0,0.20895152,0.0,0.0,0.050333433,209.3794,215.62668,0.7449053,0.0,0.0,0.18726963,209.96848,229.70229,0.9590082,230.16489,227.6594,0.8740241,205.08527,249.53198,0.87506795,0.0,0.0,0.4390927,202.6018,254.98232,0.68572354,0.0,0.0,0.3006113,223.24707,266.4759,0.9504121,237.58252,265.72665,0.91138965,223.6439,290.0942,0.88325197,241.26025,289.57892,0.7852997,225.75986,316.9551,0.7785962,244.88472,314.56607,0.67553705
0.0,0.0,0.10866863,0.0,0.0,0.06321822,0.0,0.0,0.05872899,0.0,0.0,0.35075,0.0,0.0,0.34634793,312.12897,228.02011,0.91298425,337.1315,225.93973,0.8654688,306.11423,254.53899,0.7017332,336.70316,247.49216,0.5176475,0.0,0.0,0.47349223,0.0,0.0,0.32255402,319.644,279.07306,0.9642531,336.6548,278.49182,0.95302826,321.11517,317.62082,0.93738127,337.6408,317.26212,0.91559416,326.48828,355.4326,0.87756217,340.98453,355.37012,0.8500253
0.0,0.0,0.09747359,0.0,0.0,0.06277602,0.0,0.0,0.047092564,0.0,0.0,0.3300573,0.0,0.0,0.24757577,313.84158,228.09169,0.8718434,335.7737,228.35435,0.8308096,305.15082,251.48184,0.6413863,0.0,0.0,0.47973052,0.0,0.0,0.4094879,0.0,0.0,0.29401088,319.04617,274.67218,0.92993903,333.91415,275.07935,0.9149257,317.21915,308.0075,0.8480814,332.31717,308.51718,0.80752456,320.2612,339.98102,0.7549384,333.02823,340.45496,0.71695775
