0.0,0.0,0.11967876,0.0,0.0,0.13332285,0.0,0.0,0.01253319,507.37717,9.906602,0.92361647,0.0,0.0,0.15535095,504.30023,83.403656,0.98055947,597.01465,71.59649,0.8801007,474.78732,206.08994,0.9358147,614.0813,168.24258,0.5691167,473.36133,282.93106,0.7861402,0.0,0.0,0.40786117,532.78705,265.63736,0.97023153,591.7344,260.10095,0.9391454,523.8786,427.06128,0.79386026,571.0686,425.72943,0.67766684,0.0,0.0,0.1762999,0.0,0.0,0.13455786
0.0,0.0,0.11878632,0.0,0.0,0.08269675,0.0,0.0,0.058315977,230.46918,190.2167,0.7665782,247.01837,189.78957,0.645642,221.04146,210.57185,0.989486,257.15317,210.2101,0.9915412,206.45934,237.2474,0.9394365,269.54633,236.80339,0.9362383,203.0309,260.66385,0.78413993,271.261,260.50262,0.7632386,230.12029,262.48642,0.99541426,252.76697,262.65793,0.99578387,230.31279,299.56192,0.9829002,251.59114,300.00534,0.981087,234.0942,334.92636,0.9519845,251.1333,334.9776,0.9480845
0.0,0.0,0.06597557,0.0,0.0,0.05777848,0.0,0.0,0.018744413,811.6416,181.21715,0.6394404,0.0,0.0,0.2327452,809.1569,203.01617,0.9523259,841.4697,200.31,0.90368855,804.5981,240.05452,0.86266875,849.39484,235.11288,0.59729284,799.29266,268.4844,0.6469532,0.0,0.0,0.37736323,815.1793,264.011,0.98266304,838.6678,262.39346,0.9755316,807.723,311.3033,0.97277373,841.6895,310.23184,0.9570626,802.7762,359.5565,0.9406085,843.4265,357.86395,0.9191311
662.9565,207.10931,0.8806196,666.0486,204.52304,0.85387,660.786,204.37973,0.72142303,671.50806,207.68599,0.7667976,0.0,0.0,0.41307795,674.65784,225.15886,0.98357177,655.61475,224.45822,0.9716107,675.06854,243.62796,0.919628,648.8858,242.18335,0.75902927,662.7314,243.19229,0.8691597,649.4783,244.19977,0.698554,668.221,264.85022,0.9810647,655.90704,264.1678,0.9733277,664.9209,294.74908,0.9663353,654.49884,294.09726,0.9453816,664.5595,323.1416,0.9344251,655.3915,321.7803,0.9068503
0.0,0.0,0.20032941,0.0,0.0,0.13280326,0.0,0.0,0.1784443,0.0,0.0,0.46646562,84.602295,218.27245,0.59326166,71.32201,229.341,0.9700038,88.266556,229.6113,0.97417384,64.51987,243.36143,0.77959186,92.87032,243.00896,0.84243,64.34603,254.9333,0.59230846,92.69678,254.82336,0.66278386,73.38046,255.72452,0.98584694,84.4338,255.69647,0.98716486,74.10008,275.89468,0.9680388,83.99338,275.65598,0.97168535,73.453,294.3461,0.9521061,82.74295,294.247,0.95659107
0.0,0.0,0.11702002,0.0,0.0,0.078305736,0.0,0.0,0.078619465,0.0,0.0,0.46309033,0.0,0.0,0.45556837,142.61024,228.08296,0.95826775,161.33482,228.03688,0.9595113,137.52797,241.9043,0.7479733,167.68971,242.11377,0.7537051,138.27026,253.77162,0.51609564,167.56763,253.91814,0.5126599,145.81427,255.43187,0.9780734,157.87408,255.42276,0.9787121,147.2743,276.21805,0.94374186,157.07515,276.09872,0.9449007,148.67802,294.73166,0.9049838,156.90428,294.75436,0.90719795
0.0,0.0,0.14084493,0.0,0.0,0.13043183,0.0,0.0,0.059096932,358.6827,205.1324,0.6995531,0.0,0.0,0.3457021,353.84164,218.718,0.966227,373.85443,218.84097,0.9328276,348.83417,236.63629,0.8539814,378.25793,236.24057,0.5970098,348.01468,253.31456,0.6476098,0.0,0.0,0.3880805,357.35303,253.17004,0.98663646,371.45975,253.56206,0.97957844,353.65295,280.54398,0.9833272,372.506,281.3528,0.97055966,353.9869,307.69568,0.9757248,376.39267,307.87698,0.96252
0.0,0.0,0.13374431,0.0,0.0,0.08342417,0.0,0.0,0.088485,116.33147,218.76685,0.5073798,126.38172,218.74188,0.500556,110.799126,229.43825,0.9780492,129.5037,229.72168,0.97861016,104.142265,243.38184,0.83061284,133.75223,243.78433,0.83775973,103.37555,255.81412,0.61749774,133.29512,256.50732,0.61839485,112.27399,255.45387,0.9901382,124.27482,255.6568,0.99025106,112.664024,275.26508,0.97469145,122.62729,275.27612,0.9749962,112.55951,292.87604,0.95752376,121.18131,293.11362,0.9582752
0.0,0.0,0.16166447,0.0,0.0,0.09775452,0.0,0.0,0.10884052,0.0,0.0,0.47563344,427.16144,214.49663,0.550944,411.5515,226.99431,0.94780576,431.5869,227.55406,0.95674247,406.39124,242.0286,0.7546081,433.65448,243.93712,0.8034229,407.65738,254.7902,0.54616314,433.70337,257.61053,0.5989024,413.85806,257.25217,0.9801768,427.95834,257.65253,0.98189825,410.50223,280.31485,0.9681824,428.96512,280.85806,0.96841455,408.2674,302.65573,0.9573083,429.5095,303.10147,0.9572098
0.0,0.0,0.2714574,0.0,0.0,0.27235806,0.0,0.0,0.10608266,758.7424,205.46426,0.6384079,0.0,0.0,0.20125511,759.8066,219.00746,0.95359385,768.59033,218.34523,0.89501673,758.9859,236.14667,0.85490626,772.6842,235.4673,0.5345969,755.55786,249.09447,0.7070434,0.0,0.0,0.41032562,760.2313,252.28036,0.9739058,765.74554,251.82669,0.95836955,761.89124,278.10797,0.963322,764.08234,278.11215,0.93589234,764.7522,304.02042,0.9428275,763.0496,303.17966,0.9139061
0.0,0.0,0.06987712,0.0,0.0,0.037761442,0.0,0.0,0.064244345,0.0,0.0,0.3432958,293.99673,221.15936,0.5667371,278.2263,232.64688,0.94675416,299.4144,232.57384,0.96163493,274.2729,248.21744,0.6749759,305.94196,247.40813,0.82015157,0.0,0.0,0.3942247,306.35983,260.2307,0.543201,282.56662,262.35675,0.9679948,297.46298,262.19537,0.9740089,283.10376,285.6003,0.89482903,298.8493,285.2164,0.9155452,283.01175,305.1998,0.8177746,298.73257,304.91235,0.8445035
0.0,0.0,0.1771058,0.0,0.0,0.07994032,0.0,0.0,0.14276202,0.0,0.0,0.3191888,719.20215,208.0736,0.6253574,702.4818,220.95932,0.9331014,722.8762,221.04903,0.96355945,701.0861,239.13185,0.6649762,729.3631,237.66444,0.85636455,0.0,0.0,0.46484923,728.1752,246.03226,0.6628167,704.86176,258.6979,0.9700216,718.21954,258.89026,0.97908014,706.37946,289.73236,0.93556136,716.519,289.86963,0.9537114,709.3154,318.67102,0.88065845,716.8515,319.14856,0.9048159
0.0,0.0,0.37490883,0.0,0.0,0.30611715,0.0,0.0,0.24021487,0.0,0.0,0.47201633,0.0,0.0,0.2955986,183.23004,237.5592,0.94728494,184.46043,237.55545,0.9373301,183.02254,249.27625,0.75905496,184.61462,249.00266,0.6852767,182.58752,258.9434,0.6289135,182.75298,258.43286,0.5529449,183.26009,260.88132,0.9717281,184.21394,260.7656,0.9691347,183.81511,279.02942,0.95433843,184.2734,278.7843,0.9495219,184.91606,295.99622,0.9390836,184.86917,295.7575,0.9345382
0.0,0.0,0.11030134,0.0,0.0,0.0941959,0.0,0.0,0.061013296,0.0,0.0,0.3774693,0.0,0.0,0.18210177,328.82303,224.79817,0.87108475,341.23755,224.58122,0.85302824,322.53247,238.30428,0.6347289,341.136,237.5582,0.51402205,0.0,0.0,0.48029786,0.0,0.0,0.37598482,327.537,251.91904,0.96763635,335.1864,251.58113,0.9655527,325.917,279.006,0.9665122,331.1712,278.82306,0.9615772,326.36404,305.19214,0.9543141,328.97025,304.82452,0.94946665
