0.0,0.0,0.4799121,0.0,0.0,0.17684133,0.0,0.0,0.34180817,0.0,0.0,0.48596993,145.96625,146.26624,0.7793983,101.21583,177.1377,0.9783337,152.8791,179.68155,0.9777076,85.929016,229.4503,0.91047347,165.15884,222.65091,0.91237456,85.52067,269.6444,0.82219,161.26491,248.29012,0.82936615,110.54416,264.43234,0.99137163,143.76015,265.43497,0.9913317,119.02051,332.2319,0.98746014,147.3432,332.68625,0.9876204,122.96434,394.16107,0.963319,138.36432,391.84967,0.9632912
0.0,0.0,0.10705083,0.0,0.0,0.0460485,0.0,0.0,0.08738137,351.71814,213.90726,0.6229421,368.29398,213.99223,0.84863687,339.66797,231.68234,0.9880855,377.24225,232.13135,0.99556714,329.85345,257.72086,0.89460844,390.89288,257.61398,0.9711403,331.25305,279.80353,0.6773757,396.46368,277.48596,0.8435952,345.98657,281.3804,0.995635,370.9333,281.922,0.99741805,343.1353,318.83792,0.9817328,373.14407,319.37744,0.9875059,342.40942,354.50485,0.9493557,373.592,355.5347,0.961047
0.0,0.0,0.144503,0.0,0.0,0.045260403,0.0,0.0,0.11446191,0.0,0.0,0.29859066,619.21027,197.68175,0.72175014,594.492,217.20134,0.9647879,625.38745,217.15636,0.9749058,587.9744,242.92924,0.77113575,634.0989,246.08177,0.8611337,589.6827,264.05255,0.5397959,636.95276,270.86557,0.64092654,601.9328,269.13388,0.9880945,622.7571,268.8762,0.99033165,603.95496,310.08456,0.9686074,626.5712,309.3163,0.97400653,606.456,347.7596,0.93352056,629.3265,348.05777,0.9421232
0.0,0.0,0.14757177,0.0,0.0,0.07359791,0.0,0.0,0.09921889,443.45105,189.9387,0.608334,462.4385,189.64532,0.77424806,430.57745,217.23409,0.9808332,470.97504,214.3509,0.9839262,417.70328,253.48717,0.86150765,481.56326,241.47194,0.88137186,418.84473,282.2984,0.6050503,477.43066,256.8113,0.6246798,439.30975,279.4607,0.9894187,465.28323,278.82028,0.9901967,442.25937,319.71252,0.97037446,462.10855,319.6304,0.97001576,444.06277,359.50684,0.9247658,458.64813,360.17722,0.92371494
0.0,0.0,0.08413427,0.0,0.0,0.048918482,0.0,0.0,0.05674804,0.0,0.0,0.4899066,705.5347,203.1455,0.5769545,684.41327,218.08934,0.9655525,711.5089,218.0368,0.974919,674.73334,236.29639,0.82674336,718.8558,237.22493,0.87312263,674.61035,251.46521,0.5922551,719.224,252.97736,0.6505713,689.54156,254.59534,0.9887341,706.9996,254.82411,0.9904552,690.4332,281.5196,0.9744217,705.8197,281.95074,0.97587454,691.79846,307.9639,0.9531691,704.4077,308.48114,0.9546173
553.23645,202.8044,0.8828781,555.1803,199.99896,0.7803724,550.51526,200.25002,0.82277983,558.526,202.01865,0.5231732,546.20746,202.52374,0.6292707,564.7069,219.24536,0.9734306,541.8885,219.86105,0.98287475,571.64624,238.0253,0.85096234,534.5722,238.7123,0.9127402,570.4958,253.89542,0.7957994,534.53143,255.50905,0.8586427,562.9379,260.54398,0.9852749,548.65045,260.93542,0.9885169,564.4707,292.1888,0.9768719,549.4115,292.30344,0.9803892,567.97644,321.96674,0.96162426,552.68756,321.88095,0.9654408
285.45996,212.5418,0.64472723,288.03815,208.70438,0.67154384,0.0,0.0,0.3134234,294.74097,208.91211,0.81443185,0.0,0.0,0.25054514,299.35333,226.29189,0.97059566,298.6442,225.47096,0.9227569,303.28906,249.55199,0.8589667,0.0,0.0,0.48257318,299.0984,273.21088,0.72135043,0.0,0.0,0.3829857,303.18436,271.4028,0.9728157,303.1027,270.57083,0.9550207,301.92407,306.09045,0.96672505,300.31274,305.14026,0.9384067,306.81464,340.00793,0.9476058,301.75006,337.43692,0.9177278
0.0,0.0,0.10626071,0.0,0.0,0.11287916,0.0,0.0,0.034789942,214.6944,213.89989,0.6502702,0.0,0.0,0.20231508,213.63,227.5745,0.93090504,234.01622,225.96384,0.8426767,209.96413,247.84045,0.7825785,0.0,0.0,0.4186654,208.34311,260.69797,0.5349169,0.0,0.0,0.259015,220.39368,263.10776,0.94037586,234.9128,262.48715,0.90781057,220.93344,288.84317,0.8786043,239.46185,288.682,0.8065771,220.94466,315.2767,0.79999524,242.10172,313.71484,0.7278013
0.0,0.0,0.07569836,0.0,0.0,0.054497525,0.0,0.0,0.044839352,0.0,0.0,0.30700147,0.0,0.0,0.25561708,172.24013,219.49298,0.758108,190.58728,219.99898,0.7528379,0.0,0.0,0.45729658,0.0,0.0,0.45436582,0.0,0.0,0.29392678,0.0,0.0,0.29299617,175.67896,260.21472,0.87873423,188.51917,260.4586,0.88032925,175.83629,295.74863,0.8558674,188.92195,296.0163,0.85337865,175.0455,329.27844,0.81620014,187.63156,329.11835,0.8142022
0.0,0.0,0.3924701,0.0,0.0,0.29332784,0.0,0.0,0.32270706,0.0,0.0,0.2958153,0.0,0.0,0.32377613,646.34467,225.30196,0.8357533,639.93695,225.06287,0.8181732,650.4232,244.3432,0.5165414,638.9011,243.94133,0.5081396,0.0,0.0,0.39752516,0.0,0.0,0.3960262,642.03766,259.31577,0.8639806,638.9761,259.1085,0.8591594,642.12384,285.18643,0.79960954,639.2251,285.00143,0.7957282,641.22736,307.6049,0.7387458,638.3457,307.749,0.7351705
