0.0,0.0,0.35167646,0.0,0.0,0.20001568,0.0,0.0,0.116491854,262.4812,163.03862,0.69404006,0.0,0.0,0.43811366,251.60881,191.52534,0.9875946,300.4447,190.36612,0.9715675,231.99106,234.12381,0.97151846,317.67804,229.67644,0.91037387,224.74478,267.5049,0.9306936,320.9176,261.63623,0.8464691,260.918,267.82013,0.99620086,292.30652,267.26727,0.99422485,259.24,324.63147,0.99268556,289.5891,323.10446,0.9894052,265.70502,377.411,0.973838,288.55533,373.92578,0.96775705
537.9593,132.92592,0.9673315,542.7433,128.00925,0.78916866,531.2399,127.77422,0.9549525,0.0,0.0,0.36932868,515.6865,133.12854,0.9153582,544.12494,176.47043,0.98023796,501.4326,176.6818,0.998389,557.0861,229.78401,0.8894388,487.43063,236.31935,0.99455065,572.6438,269.63867,0.8788118,488.58496,284.3527,0.9873431,537.5925,269.21307,0.9956856,514.87103,271.08038,0.9986399,522.7454,338.87827,0.993682,537.4455,345.57748,0.99812657,501.3487,401.6396,0.9796252,546.5612,415.80243,0.9908179
643.091,160.0143,0.96677333,646.4066,154.26132,0.86486816,637.09454,154.92995,0.9387279,0.0,0.0,0.47683266,626.59937,160.16243,0.7927335,660.2457,191.70668,0.9812354,607.9875,189.92345,0.9906573,670.35114,222.20049,0.93560904,589.076,218.21252,0.97518325,665.9298,198.45891,0.9027925,608.9645,199.8605,0.954886,648.7112,277.72998,0.9917619,610.6097,277.60977,0.9943099,663.50385,340.99078,0.98265994,602.1007,339.60928,0.98844725,671.78125,400.24304,0.9453287,587.8561,396.25848,0.95776963
0.0,0.0,0.27992547,0.0,0.0,0.13442601,0.0,0.0,0.24232082,763.0681,205.07552,0.62084764,773.03046,205.92207,0.8447698,752.7727,224.09633,0.9820064,782.80005,224.82059,0.99305236,741.5684,249.58989,0.805784,796.6217,249.96646,0.9445178,741.0,272.94363,0.55604446,803.0782,272.9493,0.7710204,758.1025,273.95444,0.9854887,776.4494,274.29642,0.99109334,755.32654,307.62326,0.94437814,770.76733,307.83673,0.9615064,758.0278,339.35983,0.87607294,766.2107,339.8829,0.9028018
0.0,0.0,0.1756557,0.0,0.0,0.08152566,0.0,0.0,0.14699873,0.0,0.0,0.41572294,79.887955,212.03278,0.70408875,64.10297,225.62314,0.96527207,84.99905,225.07349,0.9801962,60.58203,242.7555,0.80019283,92.17013,241.5928,0.90932345,60.924347,256.0281,0.6040523,94.211,254.71735,0.7490483,67.84099,257.50122,0.9873533,81.88052,257.35544,0.99063677,68.83913,281.69522,0.9729575,82.01025,281.47638,0.978646,69.80398,303.57578,0.95321506,82.61534,303.62207,0.96000785
0.0,0.0,0.08904448,0.0,0.0,0.040781405,0.0,0.0,0.0722299,0.0,0.0,0.28474447,166.74432,210.73795,0.55891883,151.26917,223.95988,0.9468771,171.50537,223.14514,0.97256696,147.14307,240.92035,0.79300004,175.9909,240.44153,0.9150797,148.18468,253.17932,0.6122774,175.2895,254.42976,0.7739127,155.16121,256.77725,0.99025834,168.76404,256.4275,0.9932592,156.8959,281.68182,0.982866,166.72942,281.28992,0.9872342,156.41463,306.20685,0.9704245,163.81516,306.01163,0.97589284
363.71982,178.1526,0.89108545,364.31366,175.20589,0.55631673,360.13535,174.48572,0.9154148,0.0,0.0,0.1680133,348.82065,176.30118,0.92004925,362.07492,200.96301,0.9730075,339.24255,198.08826,0.9952754,371.20752,226.0959,0.7243589,346.1103,225.1318,0.97918636,373.7173,216.40762,0.69113916,367.94202,216.17845,0.94868815,359.5201,256.38324,0.99110425,344.2598,255.95337,0.9966239,357.2362,302.0689,0.9817116,345.7977,302.05798,0.993086,352.97067,345.66132,0.95959216,341.56284,346.64117,0.98022825
0.0,0.0,0.16873021,0.0,0.0,0.07668942,0.0,0.0,0.1723323,0.0,0.0,0.41854778,135.20084,216.13284,0.7646132,116.99076,227.15732,0.9847221,138.56097,228.22586,0.9902609,108.97079,243.06285,0.81052,144.24179,244.19165,0.92681324,110.98678,255.67075,0.57756054,145.53606,256.98837,0.7565845,118.46486,257.7501,0.9919429,131.81842,258.27164,0.993606,120.09203,282.12854,0.9724409,132.15181,282.20044,0.9796443,118.17576,304.5021,0.9468845,129.35837,305.40033,0.9581292
431.08133,210.34016,0.91638434,433.692,207.86798,0.85911155,428.79803,207.9249,0.8531791,437.8722,210.39046,0.64023405,424.78253,210.59346,0.61126274,442.82178,226.59547,0.9800673,419.14725,227.03384,0.9830466,447.0564,243.6666,0.9003776,411.6117,242.7437,0.90933806,441.7908,243.94756,0.85426265,416.35422,239.07085,0.86245924,436.7939,267.23502,0.9834446,421.78564,267.51764,0.9848237,434.4839,300.69638,0.968263,422.43228,301.03473,0.96802527,430.79105,330.88007,0.9366002,420.91138,331.04202,0.935865
0.0,0.0,0.15973856,0.0,0.0,0.090587795,0.0,0.0,0.11109423,0.0,0.0,0.39589095,822.42206,205.02202,0.51988107,806.6309,221.82944,0.8970104,826.83997,221.85158,0.8936328,800.2191,243.4998,0.52784246,830.21844,241.95103,0.53962624,0.0,0.0,0.31311804,0.0,0.0,0.3197461,809.8921,262.6557,0.93770516,823.5826,262.87744,0.9375124,806.8918,294.819,0.91767013,821.41833,295.1729,0.91502064,809.5389,324.96875,0.88955355,824.1415,325.6255,0.88629514
386.8946,203.05534,0.8859609,388.58923,200.65219,0.7759553,384.15176,200.5127,0.8263628,390.547,203.30339,0.5271231,378.093,202.34155,0.6705831,392.02197,218.73564,0.9745505,373.55692,218.00871,0.9791276,394.99994,236.81787,0.8224765,372.2928,236.66728,0.85043675,393.82208,237.97382,0.7524347,379.85278,236.19588,0.77443665,389.2522,257.69125,0.9720642,377.24518,257.68555,0.9753759,385.15842,292.496,0.9350728,375.83282,292.9205,0.93838036,382.93042,324.86142,0.878779,373.83823,325.58932,0.88250846
0.0,0.0,0.057753768,0.0,0.0,0.04844406,0.0,0.0,0.040825956,0.0,0.0,0.12029319,0.0,0.0,0.08954248,0.0,0.0,0.30099788,0.0,0.0,0.29615182,0.0,0.0,0.27908954,0.0,0.0,0.25972483,0.0,0.0,0.2616541,0.0,0.0,0.24155058,0.0,0.0,0.4716344,0.0,0.0,0.47367457,0.0,0.0,0.48783705,0.0,0.0,0.48027015,0.0,0.0,0.49667546,0.0,0.0,0.49518335
0.0,0.0,0.12287665,0.0,0.0,0.0701319,0.0,0.0,0.12592378,0.0,0.0,0.06470949,0.0,0.0,0.18134332,0.0,0.0,0.21856649,0.0,0.0,0.31228676,0.0,0.0,0.11093394,0.0,0.0,0.24492407,0.0,0.0,0.1130838,0.0,0.0,0.20618458,0.0,0.0,0.3235298,0.0,0.0,0.3782936,0.0,0.0,0.33887953,0.0,0.0,0.39894232,0.0,0.0,0.3233213,0.0,0.0,0.36834738
