0.0,0.0,0.18723626,0.0,0.0,0.07209013,0.0,0.0,0.05439986,348.38513,123.0677,0.65832764,380.94412,123.588264,0.53321725,335.35477,162.86487,0.9886381,398.9607,164.26204,0.9880846,320.3034,222.76797,0.96774465,416.3068,223.86179,0.9622125,311.1865,279.34094,0.91081005,415.14297,274.38593,0.90200466,343.21744,274.01352,0.9985511,387.72583,274.5427,0.9985077,324.6903,354.79285,0.996345,380.69083,361.72107,0.9964741,316.32465,434.9861,0.975969,376.7046,445.62735,0.97680706
0.0,0.0,0.0756055,0.0,0.0,0.07624832,0.0,0.0,0.025189552,552.6628,178.20636,0.78461295,0.0,0.0,0.31609794,548.4786,199.56964,0.977003,581.82043,200.61646,0.9628522,536.27783,228.26941,0.92700714,588.24554,230.48802,0.79292756,529.243,254.05916,0.77207834,581.9881,259.70645,0.5631382,550.4615,255.3741,0.9947206,573.0312,255.19415,0.99281526,546.32385,296.98395,0.99184155,571.154,296.97797,0.98642,544.51294,338.0544,0.98190826,569.63513,337.30594,0.9735597
0.0,0.0,0.25536305,0.0,0.0,0.11852858,0.0,0.0,0.21857487,75.90044,209.53906,0.51139545,86.4666,209.20117,0.8032456,67.940956,225.66217,0.97626173,91.90504,224.58516,0.9869533,63.793205,245.61917,0.79329896,98.41877,242.23672,0.9068962,64.231476,260.662,0.56742436,97.32654,255.10045,0.71854943,72.27642,261.27066,0.98834616,88.50751,260.99213,0.9913974,70.54648,289.19412,0.97524446,86.677505,289.00287,0.9800325,69.236046,315.45612,0.9555794,85.59639,315.7476,0.9613688
0.0,0.0,0.077670485,0.0,0.0,0.036146156,0.0,0.0,0.06236964,0.0,0.0,0.43335262,752.0073,187.99838,0.6836574,729.0911,206.61798,0.9600885,760.0153,204.72913,0.9822155,722.45087,233.67174,0.7649676,775.8279,224.57883,0.92322737,722.70264,249.80986,0.5113965,777.1255,232.2209,0.7268855,733.7068,256.24332,0.98885566,752.7663,255.7054,0.9927739,732.94086,293.80072,0.970226,746.71747,293.74677,0.9788377,730.83984,328.78873,0.93279785,736.30176,328.86386,0.94666344
0.0,0.0,0.15521108,0.0,0.0,0.1353476,0.0,0.0,0.06220655,168.18216,202.57324,0.6980582,0.0,0.0,0.3954706,165.23785,219.17696,0.97769713,189.41986,217.10922,0.9699791,161.49974,239.69675,0.9007388,196.22366,237.94861,0.8166372,161.64291,254.51625,0.72881854,193.8273,255.08461,0.61377376,172.63538,257.2593,0.9903672,188.23434,256.35123,0.9890031,174.81396,285.4861,0.9808725,185.40224,284.88354,0.9755678,178.41779,313.7029,0.9619793,185.44215,311.93903,0.95429045
459.0947,178.92824,0.91047555,463.07117,175.35791,0.8058687,455.55957,174.90428,0.8743456,0.0,0.0,0.45784387,448.41702,177.73517,0.6834748,471.4983,203.24545,0.9582081,440.65344,201.11743,0.97727907,477.30576,229.41092,0.7585033,437.13077,224.38991,0.88478726,466.34482,224.236,0.7151915,453.0617,215.07912,0.82590127,463.60992,263.32193,0.97664964,443.77707,262.89462,0.9834024,460.239,314.15594,0.971555,450.06732,313.63513,0.97829974,462.25687,363.16733,0.94194394,459.2084,362.19202,0.95164967
0.0,0.0,0.18392065,0.0,0.0,0.06954307,0.0,0.0,0.17622824,0.0,0.0,0.3595474,128.62926,207.55605,0.7835956,111.26694,222.26627,0.9667254,133.35248,222.25568,0.987129,106.22581,240.32736,0.7513154,138.7044,241.93326,0.93336815,109.10685,250.0699,0.53448296,141.39577,254.97578,0.7798165,116.28458,259.08777,0.98950773,131.45923,259.18192,0.99365485,115.80392,286.4016,0.97757256,130.84229,286.19833,0.985344,116.049416,311.62067,0.9602405,130.25922,311.734,0.9703699
0.0,0.0,0.037776265,0.0,0.0,0.021236416,0.0,0.0,0.021808967,0.0,0.0,0.39307952,0.0,0.0,0.42811528,798.0066,215.99646,0.92029554,826.7415,216.11557,0.91986674,791.156,243.36534,0.72012734,829.0761,243.34177,0.7073295,0.0,0.0,0.45278803,0.0,0.0,0.4339137,802.2248,266.19656,0.9818071,823.04395,266.4736,0.9815077,796.522,301.29254,0.9708944,827.58844,301.83087,0.9672463,791.58234,334.24265,0.95038885,829.58234,334.8806,0.94588524
0.0,0.0,0.15145898,0.0,0.0,0.040344663,0.0,0.0,0.18868144,0.0,0.0,0.18475255,522.198,191.16777,0.81121546,497.94772,204.48642,0.9143446,524.15295,207.01001,0.9788078,0.0,0.0,0.45427176,527.4095,231.37857,0.908238,0.0,0.0,0.26648936,529.895,250.82625,0.6919479,498.61316,251.31178,0.97222894,515.45764,252.5273,0.9868933,499.9559,290.17258,0.9406288,514.1692,291.04254,0.9711435,496.74255,328.02054,0.9027073,505.63123,330.2401,0.94173414
0.0,0.0,0.05886554,0.0,0.0,0.07395549,0.0,0.0,0.017008854,682.4266,174.3169,0.8520662,0.0,0.0,0.33391196,675.43164,196.1263,0.9789483,715.597,195.24126,0.9483486,668.7442,225.8456,0.9075722,724.8985,226.43282,0.6241155,666.55133,245.53197,0.64647037,0.0,0.0,0.3235823,676.9075,253.33871,0.989512,703.24347,252.49503,0.982819,672.1101,298.01248,0.98015964,694.4992,298.08356,0.961345,676.72485,342.03015,0.95332557,694.383,341.27145,0.9235717
0.0,0.0,0.337676,0.0,0.0,0.08586878,0.0,0.0,0.44351643,0.0,0.0,0.092758566,648.236,207.51363,0.79783976,636.3557,216.7145,0.8122429,644.2877,219.23233,0.9627727,0.0,0.0,0.29980794,648.75146,232.13336,0.9060742,0.0,0.0,0.26636007,656.7016,230.75175,0.7807828,633.0531,251.74348,0.94127107,639.042,253.09377,0.97670615,633.5983,282.13324,0.9338534,641.91095,282.8274,0.97421694,630.0183,310.51138,0.921468,639.13824,312.38257,0.96017313
