0.0,0.0,0.26921034,0.0,0.0,0.10488709,0.0,0.0,0.10692551,292.87326,138.08333,0.67927605,320.85736,139.11302,0.6570028,269.67227,172.8176,0.9875064,335.7359,177.30432,0.98504055,239.95854,220.43655,0.9618551,351.84988,229.47229,0.94415,244.6768,257.50403,0.9113357,355.8967,270.47873,0.8788945,285.08047,268.4465,0.99718887,324.70883,269.6635,0.99669313,287.87143,339.90784,0.9948725,305.9594,337.78677,0.9937967,294.44327,411.26227,0.9762325,295.85986,405.76773,0.9736347
526.6381,169.71349,0.9188661,528.18964,165.41307,0.76411086,521.5221,166.03384,0.8734826,0.0,0.0,0.42270523,513.2413,170.82246,0.7178685,537.0353,196.3919,0.9606065,506.18997,194.57841,0.97884995,542.4914,222.62628,0.8586154,499.66382,214.11398,0.9395995,533.8304,211.22188,0.8038621,513.53235,200.9543,0.8988628,529.2795,264.93875,0.9848033,507.8919,264.1555,0.9890646,532.31274,321.052,0.9794788,510.43393,321.24564,0.98611605,519.5761,371.21838,0.9571237,490.50983,371.442,0.966615
438.71182,152.97568,0.92697096,441.54944,148.87196,0.6179347,433.7202,148.33867,0.9097383,0.0,0.0,0.29538864,418.72003,151.94548,0.8951988,440.56503,185.99889,0.9774933,403.21646,186.39923,0.9971957,453.34705,227.55614,0.88382125,389.1369,232.95374,0.9916284,476.2733,265.7015,0.8421309,392.4108,276.94128,0.97720337,435.81516,266.31216,0.9959323,414.03778,267.26083,0.99844426,428.96436,328.8264,0.9915559,422.13892,330.0708,0.9969831,409.65842,384.38104,0.97257656,420.7311,387.28412,0.98608196
0.0,0.0,0.20772663,0.0,0.0,0.16446693,0.0,0.0,0.09594133,654.5447,178.71388,0.80963373,670.8718,177.71436,0.6425692,647.7083,201.24672,0.9864639,684.5022,198.8964,0.9878181,641.4466,231.93686,0.8911987,696.6845,226.34747,0.87572324,641.3467,255.66246,0.66659474,690.55396,249.41309,0.6313203,655.72644,253.64279,0.99163896,679.1759,252.64487,0.9919661,654.4154,297.49896,0.97816616,672.98364,296.99005,0.9753845,658.04865,341.81436,0.9478071,670.68945,340.44485,0.9425755
0.0,0.0,0.11125997,0.0,0.0,0.05942189,0.0,0.0,0.10447648,0.0,0.0,0.38165182,84.088066,213.83867,0.6057295,67.25658,226.79672,0.9701866,87.49543,227.74167,0.97773355,60.25965,244.75911,0.7714573,91.52731,245.52951,0.87421495,60.913162,259.22977,0.5481725,90.73745,260.33368,0.67784363,68.75264,260.49615,0.99158514,82.16259,260.80295,0.9928583,68.96126,286.9612,0.9819958,82.42093,287.10297,0.98526865,67.7995,311.28036,0.96739244,80.31454,311.7196,0.9721657
0.0,0.0,0.15941858,0.0,0.0,0.089751795,0.0,0.0,0.1046334,0.0,0.0,0.45273718,178.09778,206.15329,0.53078115,163.0262,222.71858,0.9604532,183.4895,222.504,0.9748516,158.04941,242.23544,0.81485844,189.76266,242.36543,0.88767266,155.91837,255.92986,0.6255125,191.73425,257.94632,0.7151161,167.71558,258.20288,0.98520285,180.59937,258.29077,0.9881512,169.70511,284.928,0.96458614,179.21767,284.98807,0.9689678,171.96501,308.58105,0.93257487,176.43285,308.37708,0.9383445
0.0,0.0,0.30743077,0.0,0.0,0.115738384,0.0,0.0,0.2846219,0.0,0.0,0.3044589,130.8169,210.825,0.77838886,113.66727,225.66565,0.95608974,134.55533,225.72041,0.9811708,107.552414,243.286,0.68958247,140.48685,243.89815,0.9093839,108.714806,256.14023,0.51351696,141.94661,257.05823,0.76631826,116.87804,260.00204,0.9818481,130.42926,259.94006,0.9890091,118.36382,285.47452,0.96759695,128.33105,285.12088,0.98018366,119.046005,308.48157,0.94989026,126.01572,308.91324,0.96495837
0.0,0.0,0.05482216,0.0,0.0,0.05393704,0.0,0.0,0.021113452,0.0,0.0,0.36999142,0.0,0.0,0.11322771,830.0523,212.84174,0.7676125,852.1659,214.52585,0.50467527,813.4769,237.14488,0.65034413,0.0,0.0,0.19743873,0.0,0.0,0.43321577,0.0,0.0,0.14314058,831.24274,271.0854,0.8631953,845.36847,271.8148,0.76877946,835.58417,313.41458,0.8362539,843.96436,314.5555,0.7160552,837.74634,351.29688,0.7383785,839.7575,352.622,0.6302718
0.0,0.0,0.113058,0.0,0.0,0.09206896,0.0,0.0,0.047169775,771.05585,189.60684,0.57817036,0.0,0.0,0.2890989,761.28204,205.8724,0.9359835,789.43365,208.41304,0.8692005,745.4894,226.59549,0.7373958,0.0,0.0,0.39533824,0.0,0.0,0.46272713,0.0,0.0,0.21784246,761.3929,256.37036,0.9590129,780.18823,257.38156,0.935406,758.3333,295.018,0.9237112,777.28577,296.40387,0.8697234,759.0382,331.01205,0.86709464,774.53937,332.5524,0.8085045
0.0,0.0,0.2541708,0.0,0.0,0.13658151,0.0,0.0,0.18792951,0.0,0.0,0.35436532,800.74896,199.58794,0.5228118,785.15894,216.54692,0.88703334,803.19324,217.79225,0.8962371,0.0,0.0,0.4407622,0.0,0.0,0.4969269,0.0,0.0,0.2643202,0.0,0.0,0.29353428,786.204,264.47745,0.91859365,798.6001,264.98688,0.92356807,782.7946,300.30322,0.87514275,796.4972,300.7905,0.87903315,781.31586,333.10178,0.8465853,793.16077,334.14496,0.8502819
0.0,0.0,0.2502277,0.0,0.0,0.21576373,0.0,0.0,0.12968712,0.0,0.0,0.27132374,0.0,0.0,0.1069721,560.22314,203.13043,0.79569334,544.9827,203.73447,0.6632715,563.1812,226.21964,0.7590009,546.5959,227.83665,0.51145566,558.4298,234.2886,0.69034684,0.0,0.0,0.49559948,555.3918,250.53978,0.9120113,545.1606,250.68042,0.87772334,558.9537,288.54877,0.89956546,549.77826,289.21808,0.8575904,549.8361,327.6665,0.8418749,541.36316,328.06094,0.79955965
