0.0,0.0,0.24232872,0.0,0.0,0.16884305,0.0,0.0,0.057465818,432.92862,181.9173,0.7366124,0.0,0.0,0.27875733,424.51773,208.22896,0.9904101,471.20874,207.51456,0.95752615,412.684,247.51233,0.97951895,487.3668,246.62865,0.8642311,409.3466,283.49918,0.9345618,492.6558,275.8507,0.7742246,434.64078,276.3292,0.9980806,464.98892,276.51904,0.99594206,431.28867,328.01373,0.9961105,460.3396,333.7549,0.9925689,428.0713,381.0355,0.98426384,454.327,389.5926,0.97662216
0.0,0.0,0.09400704,0.0,0.0,0.118816815,0.0,0.0,0.022423936,715.58484,202.47307,0.8948363,0.0,0.0,0.31290078,712.32196,225.51797,0.98997635,744.7187,226.96516,0.9776608,700.7589,248.77765,0.9640448,754.0695,262.46997,0.8245152,699.453,243.41505,0.84123486,752.64014,274.76514,0.58557785,715.0037,286.74146,0.9953324,736.0185,286.63968,0.9927912,712.71204,331.1896,0.98650616,735.1485,331.70798,0.97418875,717.0198,372.68442,0.957542,736.6748,371.27518,0.9319109
0.0,0.0,0.08170049,0.0,0.0,0.048305545,0.0,0.0,0.046104796,521.8079,165.39682,0.63685554,544.39496,165.35278,0.64837277,511.9916,195.8788,0.9782834,555.32715,196.39867,0.9846042,505.4527,236.94887,0.8645224,568.55206,237.99911,0.9030991,504.0234,271.75214,0.59602827,570.80756,272.58438,0.65013796,518.4639,270.06436,0.9929011,544.8891,270.5078,0.9939995,525.617,326.94055,0.97716147,540.5944,327.6573,0.9784934,534.7513,381.84204,0.9316188,537.0957,382.72272,0.93413585
802.6405,209.96156,0.92966306,805.8395,206.96388,0.92925996,800.3923,206.99873,0.77589464,812.74274,208.4814,0.8708739,0.0,0.0,0.36521852,822.3783,225.80923,0.99310017,795.9278,226.37415,0.9834509,829.3962,246.8567,0.97223544,793.0545,247.3355,0.83046305,812.3604,250.957,0.949654,799.94995,252.22554,0.79501975,818.76587,272.36313,0.9912271,802.0835,272.1767,0.9854474,817.94495,309.23904,0.97678864,806.7223,308.78735,0.95482725,815.4706,344.20312,0.9393884,813.2802,342.8175,0.9031858
0.0,0.0,0.25799248,0.0,0.0,0.16159302,0.0,0.0,0.11062019,624.33307,177.05885,0.5870732,0.0,0.0,0.40390953,614.93555,202.22166,0.956128,656.0421,201.1854,0.9458456,599.28174,237.40492,0.8771585,665.0035,234.94218,0.8310127,601.75684,264.45114,0.74239904,655.03345,256.68533,0.6994124,620.1032,267.98053,0.9901849,645.686,267.7694,0.98871267,624.7315,320.19476,0.9871155,643.43176,320.01035,0.98649883,633.68506,371.15735,0.9697121,648.4227,370.99158,0.9701719
0.0,0.0,0.1505973,0.0,0.0,0.078937635,0.0,0.0,0.1635684,0.0,0.0,0.33540434,296.4196,233.6903,0.6720112,282.66052,243.59676,0.9622033,299.34116,244.0876,0.97536486,276.06277,258.05612,0.7164155,302.80304,258.13382,0.87551403,0.0,0.0,0.49463546,302.78397,269.21844,0.6836534,284.94464,270.52863,0.98239225,296.01407,270.68872,0.98613375,285.8915,293.06058,0.961237,296.48337,293.01273,0.9708571,284.9383,314.40573,0.94322485,294.91962,314.7331,0.95447505
0.0,0.0,0.0952026,0.0,0.0,0.09888253,0.0,0.0,0.03308692,0.0,0.0,0.48099,0.0,0.0,0.12541021,589.921,237.20456,0.8512685,608.64935,236.68153,0.6974785,583.0938,260.5817,0.7286638,0.0,0.0,0.3442926,576.319,280.45117,0.5368531,0.0,0.0,0.25696772,594.8329,279.65677,0.9231984,606.8965,279.43344,0.8783084,596.96826,310.8717,0.90855306,604.10205,311.00955,0.84384835,603.05414,341.4404,0.8732516,605.1485,340.76767,0.81528395
0.0,0.0,0.13988627,0.0,0.0,0.08244725,0.0,0.0,0.13375455,0.0,0.0,0.34359512,260.1806,236.85582,0.54016113,247.072,245.94463,0.93533176,262.41675,246.63776,0.9504979,242.15643,258.85675,0.66188705,265.07278,259.07327,0.79065514,0.0,0.0,0.47185335,265.24408,268.8721,0.59340525,248.3094,270.46652,0.97169274,258.6888,270.6867,0.9759724,248.73174,289.99026,0.95153946,259.01196,289.9565,0.9598422,247.72362,307.97385,0.93224347,257.5866,308.27344,0.9413875
0.0,0.0,0.19494155,0.0,0.0,0.11576128,0.0,0.0,0.17584626,0.0,0.0,0.42147887,359.98785,235.77666,0.61721295,348.3372,247.41684,0.97184753,363.7755,247.22495,0.9774136,343.7623,261.94666,0.77806014,368.88742,261.24634,0.8647718,344.54132,272.30035,0.55812085,369.1686,272.0145,0.66870785,351.28256,274.7908,0.98200685,361.02597,274.67877,0.98427504,352.62677,295.92072,0.9473444,361.22906,295.69437,0.9554295,352.67795,314.61328,0.91146976,359.8328,314.68933,0.92222416
0.0,0.0,0.08230018,0.0,0.0,0.053518485,0.0,0.0,0.06528144,0.0,0.0,0.26208156,0.0,0.0,0.31559038,659.7194,244.51627,0.8401714,671.3075,244.6028,0.8432961,660.06396,260.03027,0.5186133,676.72974,259.74567,0.56727916,0.0,0.0,0.338578,0.0,0.0,0.3761021,661.7823,276.83722,0.9428802,670.63745,276.8136,0.9452705,662.50415,304.085,0.9352566,674.2187,303.76627,0.9391967,664.77075,330.37622,0.90746045,677.02155,330.34372,0.9117946
58.8263,247.87646,0.8270367,60.13626,246.07849,0.73846304,57.091347,246.07634,0.7944877,0.0,0.0,0.4775827,54.221954,246.77412,0.65672797,65.03992,256.1796,0.97561985,50.177654,256.11383,0.9805212,67.58621,268.5283,0.8410109,44.751102,268.6808,0.900612,64.48886,279.6001,0.7906708,45.654583,280.4156,0.8521783,64.40302,279.46704,0.9752736,55.389076,279.57092,0.9778041,64.368645,297.29572,0.93375784,55.426464,297.28018,0.9420783,64.29669,314.04916,0.8776649,56.165653,313.87332,0.88950837
