846.0359,140.11797,0.88191855,850.1255,134.2129,0.50882035,840.00507,132.9714,0.92100555,0.0,0.0,0.0931718,817.27075,135.52155,0.85789096,843.3755,176.42094,0.7075986,788.9083,174.50258,0.97518104,0.0,0.0,0.36844215,791.425,230.2908,0.952264,0.0,0.0,0.39917377,832.59894,257.14883,0.90303284,832.81537,274.48068,0.91733396,790.5367,276.10852,0.9747897,845.372,360.60394,0.8919814,778.71344,367.65527,0.96604085,848.41925,430.4395,0.7855227,766.94366,444.60022,0.8869622
0.0,0.0,0.18773298,0.0,0.0,0.15624125,0.0,0.0,0.06349847,308.17117,147.50429,0.71231925,0.0,0.0,0.28820297,294.65356,178.5516,0.97092754,344.69992,178.61923,0.8855418,280.3308,216.96725,0.9115584,340.8486,217.66913,0.59960943,289.1285,223.37317,0.76777244,0.0,0.0,0.45363924,297.73975,256.63376,0.9939826,330.95938,256.63788,0.98771787,302.8314,324.01718,0.9931151,324.49304,327.62082,0.98719645,306.43402,387.35754,0.9818448,317.37448,395.0629,0.9733681
612.5424,198.45178,0.941281,615.2651,195.86794,0.9067694,610.1856,195.97664,0.88367814,619.35547,197.97385,0.75928295,606.792,198.24843,0.6630973,625.55615,214.80983,0.992152,601.9465,215.5609,0.99339205,631.7905,233.79497,0.9539256,596.90845,234.72589,0.94949466,631.574,252.87315,0.9220708,594.426,252.6315,0.91077805,621.3572,253.92265,0.9914396,606.5082,254.11726,0.992109,620.75977,282.8864,0.9748708,605.8086,282.82745,0.9736188,620.6595,309.05093,0.9370067,607.0072,308.8114,0.93479323
0.0,0.0,0.3014989,0.0,0.0,0.12839109,0.0,0.0,0.23695718,0.0,0.0,0.42796007,189.1622,209.77792,0.75848067,173.04735,226.10158,0.97967565,194.31554,224.34073,0.98934186,164.19019,246.10544,0.87684244,203.22713,243.56593,0.94875467,159.54251,264.305,0.74056214,206.35487,261.2983,0.8504419,177.6584,260.9629,0.99031293,191.04683,259.96573,0.9934822,179.91307,287.98383,0.9713368,189.72127,286.84357,0.97967243,180.55315,312.5675,0.9345693,187.52844,312.20834,0.9490801
458.7163,212.05257,0.8901448,460.99554,209.97545,0.7983133,457.12653,209.75917,0.82629067,464.3054,211.3814,0.5977524,454.02557,210.67877,0.66838986,468.28143,224.31969,0.9841743,448.1176,224.19438,0.990062,472.65536,238.23027,0.89481795,441.60007,239.48338,0.93551326,466.7713,241.5904,0.84389746,443.9095,247.07881,0.8848837,464.54535,259.5002,0.98859787,451.3449,259.502,0.9910925,464.7519,285.77655,0.97670776,449.4879,285.5739,0.97990465,467.60602,310.91806,0.9533029,451.0335,310.37805,0.95759577
665.41,206.83846,0.908421,668.26245,204.14572,0.89551264,662.837,204.36891,0.78289545,673.1018,206.44588,0.8069275,0.0,0.0,0.44685316,679.27454,222.13873,0.9860399,657.08875,222.93016,0.97157514,686.54816,238.23376,0.93689495,653.6607,237.87082,0.7797955,678.4758,234.29413,0.89023197,658.7391,229.3374,0.72319525,674.1382,258.17368,0.9688584,659.82166,258.27814,0.95442486,671.64465,281.32312,0.917466,658.4324,281.41522,0.86979234,670.9245,302.17358,0.81679755,659.9463,301.83536,0.75226325
0.0,0.0,0.41798526,0.0,0.0,0.23678003,0.0,0.0,0.3369309,0.0,0.0,0.44883838,264.3232,216.14789,0.6520379,253.81065,226.69147,0.9431783,266.455,227.47093,0.9572362,243.82635,237.21909,0.6374621,270.21948,237.45128,0.7236668,0.0,0.0,0.4711962,268.38873,230.1335,0.5315257,256.20117,257.43466,0.96089524,264.63013,257.96567,0.9650101,252.13861,287.17877,0.9492049,263.18912,287.57373,0.95097584,252.22278,316.72348,0.9270526,262.65878,317.38086,0.92847157
414.45782,226.03496,0.8284962,416.3629,224.17816,0.81662744,413.46725,224.05522,0.6904055,420.38452,225.07524,0.70701844,0.0,0.0,0.3617934,424.2182,234.88892,0.97704756,411.05646,234.42345,0.964473,425.86285,246.45477,0.88949794,407.00748,245.09464,0.77467096,420.22153,252.50623,0.84538627,407.33383,251.00955,0.73953164,421.02032,258.48633,0.9778016,412.67783,258.09167,0.9726398,418.9343,276.98175,0.95271134,411.89804,276.58267,0.9393002,419.23715,294.3798,0.9113076,413.36075,293.7925,0.89319587
0.0,0.0,0.1253391,0.0,0.0,0.06808904,0.0,0.0,0.119739875,0.0,0.0,0.30350533,372.8256,222.96547,0.5415969,359.90726,231.07687,0.95397455,374.455,232.03142,0.96565586,354.3028,242.44012,0.74852,376.8377,243.84581,0.8578253,354.44275,251.27066,0.5382413,377.18646,252.96571,0.6658775,360.72272,254.50992,0.97922677,370.01367,254.92323,0.98232424,362.70502,272.9831,0.94961816,369.8605,273.35623,0.95855826,362.51505,289.61365,0.9212563,367.66968,290.34726,0.93224573
493.29016,224.38902,0.6233855,494.80396,222.48714,0.63950646,0.0,0.0,0.33384103,498.87732,223.53276,0.6916242,0.0,0.0,0.13403745,502.55573,234.00185,0.9477509,496.29572,234.09697,0.89086705,502.8188,246.03134,0.8254402,0.0,0.0,0.4789464,496.1036,248.42578,0.7442284,0.0,0.0,0.44954255,502.6978,261.10605,0.9530055,498.8866,260.92828,0.9310584,503.1219,282.42404,0.91432875,500.54718,282.21515,0.86891276,507.45428,302.80954,0.8619789,504.35742,301.9488,0.8108057
