0.0,0.0,0.22960255,0.0,0.0,0.21460818,0.0,0.0,0.087534584,661.8626,203.38628,0.8104032,0.0,0.0,0.45956868,657.1219,220.86661,0.9869682,683.2225,219.79477,0.9777589,652.4321,242.9852,0.91828895,689.9898,243.13104,0.7795558,651.8555,256.96683,0.7416854,685.9183,258.8384,0.5435962,662.0169,264.1099,0.99281174,679.38477,263.6529,0.9905751,663.5176,300.26245,0.9849236,680.24,300.29794,0.9774516,666.7685,337.38416,0.96898144,681.9177,336.46393,0.95811814
0.0,0.0,0.13314374,0.0,0.0,0.074530035,0.0,0.0,0.0813388,401.96957,192.43994,0.5794449,418.27045,192.64398,0.63756216,392.4801,212.04285,0.9753635,424.79965,212.15753,0.9828371,385.08694,240.26353,0.8333142,432.66696,237.3214,0.88231313,386.7471,262.3754,0.59236455,431.89764,254.27571,0.6497264,397.31314,263.30338,0.9910028,418.25085,263.93402,0.99237204,400.1383,303.43704,0.9776553,418.41733,304.39847,0.97874635,403.5826,342.51422,0.95060766,417.59097,343.6054,0.95188147
767.4541,179.59216,0.97539926,770.8156,175.7057,0.88607,763.0333,175.5249,0.9582672,772.16595,179.06914,0.5724643,751.7711,177.83624,0.8974585,773.6907,207.67868,0.99134326,739.2385,205.80737,0.9966918,795.41907,235.28069,0.94788265,727.79926,239.85658,0.9844172,811.72784,242.64763,0.9140802,721.0314,273.8637,0.9647427,762.4052,271.86462,0.9946819,741.48126,271.54428,0.99647325,761.4078,323.9578,0.9854461,746.49976,322.09055,0.99084693,770.9332,371.6516,0.9475562,757.4441,369.7959,0.9615353
0.0,0.0,0.18067083,0.0,0.0,0.110663205,0.0,0.0,0.117707595,487.66867,219.60616,0.6281475,500.13184,219.31882,0.6602832,480.6015,235.4051,0.975054,508.74326,235.09705,0.98235035,472.1775,255.5905,0.85991275,518.24786,255.30463,0.90345144,472.12692,274.19437,0.66837984,522.3076,275.4348,0.7280593,487.60928,272.80624,0.99011797,505.21277,272.9242,0.99147296,489.61716,301.66238,0.9796172,503.79562,301.71063,0.98027223,492.79916,329.85187,0.9632709,502.4703,329.39673,0.9637163
180.16437,162.56183,0.95272064,186.1008,158.17175,0.9291628,175.76695,157.79445,0.8593227,197.35268,161.57301,0.7930075,0.0,0.0,0.48593825,209.07132,190.17632,0.98539156,166.88646,191.26836,0.9621348,212.69032,219.02444,0.9500949,162.81131,224.30754,0.84074897,196.8873,191.82881,0.9063036,173.61493,202.25342,0.79207695,202.4487,265.5501,0.98500896,173.29953,265.1114,0.9761125,204.41368,326.38177,0.9745691,172.9942,323.925,0.96204907,204.5746,374.72168,0.93263483,173.85822,371.56406,0.9158007
0.0,0.0,0.06952302,0.0,0.0,0.04319069,0.0,0.0,0.042432107,0.0,0.0,0.43763432,0.0,0.0,0.47249562,528.5855,232.97623,0.94080323,555.3237,231.73805,0.9479,524.53394,254.33427,0.77633274,561.78253,253.12685,0.8127598,525.4819,271.83243,0.5372459,560.99274,271.36227,0.5855619,534.5037,272.3921,0.98523664,552.4695,271.9945,0.98637146,537.06165,302.40906,0.975997,553.9331,302.20438,0.9763905,538.0491,330.91232,0.96334857,553.8509,330.20197,0.963504
126.322845,182.31857,0.913937,130.02446,178.41951,0.91275615,124.82238,178.71648,0.71151185,140.15813,180.7055,0.8337832,0.0,0.0,0.2619636,146.95862,201.9956,0.98055434,127.85327,202.35222,0.9598725,141.94756,217.17609,0.92997044,119.05428,217.16016,0.700149,127.62834,194.19862,0.90034527,122.07197,195.46823,0.69358814,145.95058,260.4975,0.9810708,132.80237,260.0271,0.97114325,148.62067,306.3768,0.9705442,134.05554,305.6079,0.94565344,154.28041,349.4713,0.9369164,135.74077,346.8183,0.90250355
249.70525,194.67699,0.8875087,253.5092,191.15999,0.839994,246.3314,190.3691,0.7805966,258.39832,192.5821,0.6502471,0.0,0.0,0.4686834,265.3631,211.87003,0.98218775,229.23659,209.93803,0.97631186,273.37024,236.26312,0.92900556,224.2768,234.86226,0.854639,258.2589,232.21255,0.8899734,233.28525,233.9471,0.8033763,257.6329,270.56747,0.98989254,234.16898,269.81055,0.98778117,255.39157,316.95453,0.9812089,235.15831,316.1117,0.9740383,254.49332,361.08585,0.94992894,240.36513,359.59146,0.93646353
0.0,0.0,0.14967154,0.0,0.0,0.07382549,0.0,0.0,0.16099422,0.0,0.0,0.20004961,649.04596,210.18349,0.538379,634.97595,221.96739,0.8410678,648.3241,222.49638,0.90272003,0.0,0.0,0.42245176,648.16547,239.4572,0.6880036,0.0,0.0,0.2838444,0.0,0.0,0.47504437,638.4128,253.54298,0.9288987,646.77,254.18747,0.94566786,639.94635,278.79974,0.89867365,646.2511,279.0955,0.92341477,640.33185,303.05536,0.8679048,644.47,304.0182,0.892666
0.0,0.0,0.115122065,0.0,0.0,0.07142477,0.0,0.0,0.09793411,0.0,0.0,0.3026158,0.0,0.0,0.42308834,692.6716,224.20433,0.867288,706.72906,224.80118,0.8871498,689.5005,237.77472,0.50933486,710.5613,238.66367,0.61113435,0.0,0.0,0.31943855,0.0,0.0,0.3890937,693.7866,250.85512,0.9185871,702.95557,251.15675,0.92658293,694.0102,272.40494,0.858693,702.734,272.5032,0.8734787,693.89795,291.15677,0.79658204,700.985,291.62744,0.81287736
0.0,0.0,0.06937742,0.0,0.0,0.038456134,0.0,0.0,0.06854935,0.0,0.0,0.25831324,0.0,0.0,0.46967116,441.75632,226.27466,0.8958111,464.67896,227.34767,0.923492,435.39218,240.9087,0.5399103,468.45648,241.74986,0.7095234,0.0,0.0,0.33915383,0.0,0.0,0.4687129,444.52475,255.79028,0.97014433,459.47617,256.38855,0.9749322,446.12466,281.12305,0.9544519,461.1684,281.3761,0.9631525,446.61337,305.0945,0.9382009,459.498,305.81564,0.9476893
