0.0,0.0,0.35960054,0.0,0.0,0.14018448,0.0,0.0,0.21087615,133.42061,149.00888,0.5132652,160.10056,149.13089,0.7284575,113.2863,181.30078,0.97020423,167.3171,183.42584,0.9830641,100.65133,233.52054,0.8888157,176.05602,229.28151,0.93145806,101.63283,275.0893,0.78443503,164.58713,250.40062,0.84171575,119.17972,273.17255,0.9928745,155.788,274.9098,0.9940058,122.84058,342.27835,0.9918543,162.94247,341.65042,0.99312913,127.531746,412.0957,0.97695243,169.71202,406.94638,0.9798901
0.0,0.0,0.19690703,0.0,0.0,0.05743869,0.0,0.0,0.19180265,0.0,0.0,0.43576586,623.20605,196.64677,0.8970197,597.8978,218.28542,0.9857962,629.0555,217.50417,0.9952716,590.309,245.97107,0.8491097,637.4617,245.80914,0.9669521,593.09534,268.60416,0.63378555,640.48804,271.3425,0.8464569,605.7874,270.549,0.9960049,627.72046,270.48187,0.99774504,605.5276,310.11102,0.9887369,633.3373,309.64844,0.9928854,605.3712,347.45712,0.97321635,637.7528,347.84464,0.98057896
0.0,0.0,0.14446795,0.0,0.0,0.031157559,0.0,0.0,0.16040973,0.0,0.0,0.17806898,475.40796,185.79868,0.8574625,442.68933,210.86475,0.9511378,481.0816,208.7108,0.9896107,436.3349,245.1104,0.66786385,495.9945,230.1311,0.9662822,0.0,0.0,0.46387962,493.30334,208.04657,0.855917,454.0163,275.82205,0.98595756,478.87216,275.73953,0.9942158,462.08606,320.4332,0.95438313,478.91367,320.13998,0.98101866,460.5076,361.97757,0.87421995,469.62268,362.715,0.931703
0.0,0.0,0.1579052,0.0,0.0,0.061699837,0.0,0.0,0.1243423,360.83478,212.01709,0.54518914,377.6017,212.61171,0.8134234,349.20465,231.87694,0.9835925,384.02057,232.17867,0.9918826,340.971,260.17102,0.85385764,397.5495,256.03738,0.9389184,341.69217,282.01584,0.62915295,396.39893,271.5194,0.758058,354.9674,283.0242,0.9930686,378.05368,283.59283,0.9950347,352.24545,319.45752,0.9775513,378.83957,320.05692,0.9817364,349.2884,354.67908,0.9449511,376.36026,356.2204,0.9520959
555.92175,203.6681,0.9160033,558.0734,200.83867,0.83786285,553.19073,201.13881,0.86520016,561.72375,202.83636,0.5898634,548.8627,203.52313,0.67254597,568.3133,220.22711,0.98309785,543.6267,221.27249,0.9892112,574.57446,240.15681,0.89900976,536.30646,241.2914,0.94004464,572.3856,258.27594,0.85426056,537.65497,260.01398,0.89778715,565.90717,261.58575,0.9892669,550.2627,262.20203,0.9916203,567.71814,292.7004,0.9791326,551.1004,293.0428,0.98220223,567.7001,321.48615,0.96034336,552.60675,321.73257,0.9643186
0.0,0.0,0.082208745,0.0,0.0,0.04454655,0.0,0.0,0.058795568,0.0,0.0,0.44760022,706.16486,203.47633,0.5859511,685.5456,217.89581,0.9641268,711.62244,217.77892,0.9749646,675.6036,236.25801,0.82502854,718.99725,236.27898,0.8800467,674.228,251.71577,0.60021067,719.79175,250.9144,0.6691455,690.27423,253.53767,0.9897077,707.0047,253.78214,0.99141437,691.91626,279.40103,0.9784087,706.627,279.83096,0.9800377,693.2655,306.23593,0.9613415,705.07086,306.91724,0.9630294
277.97025,211.3719,0.84637165,281.19354,207.95604,0.8582635,276.04565,208.14597,0.6094289,288.8549,208.0288,0.7969679,0.0,0.0,0.23775646,299.36133,224.55276,0.97765577,274.09305,226.96175,0.93657154,308.51968,246.63765,0.9228731,271.82794,252.4759,0.6006198,303.40274,267.47476,0.86700314,273.63013,275.58472,0.56173164,298.02457,270.3499,0.97845185,282.3822,271.19003,0.9612215,297.9765,305.9146,0.969424,285.8506,306.43332,0.9383307,297.1037,340.1373,0.94212365,288.8906,339.5812,0.9039349
0.0,0.0,0.19280644,0.0,0.0,0.21030775,0.0,0.0,0.056154188,215.07301,213.45473,0.7082559,0.0,0.0,0.18753774,213.67548,228.1028,0.9614746,233.3291,226.63324,0.88099355,207.93622,247.68356,0.8791194,0.0,0.0,0.44526702,205.0271,258.45587,0.7026268,0.0,0.0,0.3140473,222.645,264.67935,0.9696306,236.12402,264.27072,0.9436414,226.02759,290.30844,0.9457483,238.37476,290.2861,0.89203256,231.2716,316.62622,0.9008857,242.78445,315.26816,0.8403313
0.0,0.0,0.14092372,0.0,0.0,0.060179465,0.0,0.0,0.11879821,0.0,0.0,0.21636355,437.56625,201.21313,0.5389492,414.70538,220.93237,0.8466014,441.42746,220.54483,0.9025747,0.0,0.0,0.48074192,447.0479,242.42033,0.70567733,0.0,0.0,0.3184361,0.0,0.0,0.48505494,423.34457,271.3532,0.953909,440.34033,271.8604,0.96476495,431.1247,311.68695,0.9516498,441.9228,312.04425,0.96313417,434.23062,349.69626,0.9334079,438.14883,350.52432,0.94555175
810.47955,226.4976,0.50560147,0.0,0.0,0.37349266,0.0,0.0,0.4573635,0.0,0.0,0.36187574,807.937,225.80193,0.51668644,809.51776,234.23677,0.95398015,806.4283,234.59154,0.9584726,812.5737,244.78609,0.77293617,805.80347,245.53244,0.8294777,814.0515,251.11441,0.69404274,807.8286,251.80913,0.7470493,808.747,256.91635,0.97666556,807.4546,257.18893,0.9784653,808.89343,275.12305,0.963702,807.4522,275.09357,0.9671396,808.40027,292.06546,0.9486493,806.4017,292.52722,0.9526146
