716.2977,156.14136,0.90833753,0.0,0.0,0.42591742,711.2206,150.61082,0.90947086,0.0,0.0,0.1271339,692.4062,153.81442,0.92643946,705.65594,192.29109,0.96493727,673.09564,192.4158,0.9980698,717.4988,231.08818,0.83257467,653.74146,245.50961,0.99544936,729.8328,235.15698,0.81647944,639.03253,286.47772,0.98741853,697.4461,279.91824,0.99627906,679.9422,281.0382,0.9990422,686.51764,348.84216,0.99292916,692.6278,354.348,0.9982665,661.4252,407.1879,0.97477347,688.13934,421.7993,0.989762
0.0,0.0,0.16482908,0.0,0.0,0.17187658,0.0,0.0,0.04161365,319.1069,130.90167,0.7952157,0.0,0.0,0.23133531,304.37976,166.13612,0.9747611,364.1662,167.65239,0.8703522,292.57367,213.55992,0.9159991,0.0,0.0,0.49676535,294.06042,243.56418,0.7595287,0.0,0.0,0.35831866,309.25903,254.80157,0.99540234,350.2472,256.21478,0.98891455,309.23376,333.35104,0.996543,348.7414,343.025,0.9924575,312.08865,414.2413,0.9908688,351.23322,428.73288,0.98528045
196.7737,204.24165,0.52544767,0.0,0.0,0.21002205,195.03374,201.40431,0.5071318,0.0,0.0,0.40487558,192.5203,202.98018,0.8895628,173.53955,220.06676,0.98105466,195.94589,219.9839,0.9923954,162.43527,240.39781,0.7976138,204.02054,241.58337,0.9484146,163.21027,256.82202,0.63502705,207.74753,259.93103,0.8433043,176.41995,259.13425,0.98970544,190.92451,258.88403,0.99386275,178.69537,288.11646,0.9787273,190.79135,287.50388,0.98708934,177.87737,315.72446,0.96434647,188.2137,316.31143,0.97530735
774.72955,165.86319,0.977486,781.45483,162.0081,0.930491,769.0627,161.42622,0.9524331,790.0009,167.69435,0.7236537,759.6701,166.0029,0.8188141,796.35785,201.79268,0.9923747,746.50604,201.54826,0.9942333,823.3523,236.18233,0.9463377,725.359,237.90266,0.9642081,827.6695,240.13145,0.9007341,732.31476,236.54666,0.92915726,779.84625,276.16333,0.9953857,754.23083,277.46417,0.99589145,767.37024,341.37228,0.9920814,778.24384,349.5982,0.99353987,744.96313,406.03076,0.9704841,791.8102,420.65665,0.9740689
459.32648,212.6602,0.9049399,462.1757,210.59212,0.869239,457.97345,210.08801,0.8068845,466.4216,212.33266,0.73382837,455.38574,211.1557,0.52202624,471.15057,225.24748,0.9877708,450.0468,224.38835,0.9854666,475.41162,239.7875,0.94759804,444.19077,238.93091,0.90836096,467.8759,239.60419,0.9158019,447.13522,241.20573,0.8675133,465.90958,258.40622,0.99135137,452.04727,257.85782,0.9902086,466.87738,284.974,0.98449165,449.61694,284.16794,0.97989994,468.9118,309.69675,0.97097415,450.86316,308.1976,0.9645465
239.85347,222.63048,0.52568936,0.0,0.0,0.18742973,238.43263,220.43828,0.599573,0.0,0.0,0.15546753,232.98523,221.42548,0.8361052,224.62364,233.80406,0.8936107,231.19727,233.66263,0.9772603,0.0,0.0,0.4263918,235.5179,246.4953,0.9219144,0.0,0.0,0.36461434,236.70618,248.41669,0.8170436,227.69939,265.1802,0.95241135,232.09521,265.44727,0.9797233,229.09921,289.75723,0.93145496,232.56631,289.6341,0.9705874,227.8621,312.64877,0.91807014,228.52309,313.32675,0.9557013
0.0,0.0,0.1493737,0.0,0.0,0.117408894,0.0,0.0,0.07898853,262.82455,210.4916,0.5318461,0.0,0.0,0.35954505,258.64954,221.52905,0.94679546,277.6561,221.60307,0.91665214,253.60405,235.12117,0.7900378,281.72418,235.41219,0.62522393,252.08559,245.22427,0.58534557,0.0,0.0,0.43767488,261.6588,248.7382,0.98073167,274.1836,248.84889,0.9746455,264.16904,271.6756,0.97729254,274.3026,271.97464,0.9680352,265.0002,294.58014,0.9700832,273.03226,294.43765,0.9610738
0.0,0.0,0.4497785,0.0,0.0,0.28172955,0.0,0.0,0.4979435,0.0,0.0,0.11866633,0.0,0.0,0.43200156,0.0,0.0,0.31431627,839.76935,229.0013,0.6666569,0.0,0.0,0.10808759,834.1097,245.8505,0.5520069,0.0,0.0,0.14114311,0.0,0.0,0.48190537,0.0,0.0,0.27126554,0.0,0.0,0.46769556,0.0,0.0,0.27694923,0.0,0.0,0.46756494,0.0,0.0,0.3455868,0.0,0.0,0.4980368
637.21924,202.91025,0.94589114,640.4846,200.18816,0.8732348,634.5628,200.22235,0.9340722,645.55084,202.61787,0.5649037,631.1106,202.73457,0.8329084,649.62885,220.21803,0.9726782,626.92523,219.5459,0.9930524,651.2293,241.53957,0.7708203,618.4462,237.52324,0.9637824,645.80316,258.4389,0.70775115,611.80334,253.85092,0.918134,643.72455,257.857,0.93250626,629.5019,257.26996,0.96767724,640.64026,284.23843,0.73272127,628.31665,283.32553,0.8482148,638.37634,303.75302,0.5170311,628.4064,302.66644,0.64643496
0.0,0.0,0.27692354,0.0,0.0,0.16894725,0.0,0.0,0.20147042,0.0,0.0,0.43518624,99.59448,222.47069,0.54596335,89.1736,231.74413,0.94657606,102.041046,231.69464,0.95241714,83.465164,242.73425,0.74125004,104.92402,242.6162,0.77988654,82.15668,252.71852,0.5713901,104.48391,252.26271,0.6114215,90.33413,253.25139,0.97223717,98.95097,253.27621,0.97396696,89.16927,269.95404,0.9561025,97.47209,270.107,0.9568919,89.367546,285.63913,0.9443959,97.46994,285.9115,0.94474435
0.0,0.0,0.35587358,0.0,0.0,0.2341645,0.0,0.0,0.36081308,0.0,0.0,0.105208404,0.0,0.0,0.29811847,0.0,0.0,0.42157987,843.16516,228.42482,0.5477275,0.0,0.0,0.20073546,0.0,0.0,0.39836,0.0,0.0,0.21452248,0.0,0.0,0.36348113,0.0,0.0,0.45391363,847.35614,267.6442,0.51337165,0.0,0.0,0.37460962,0.0,0.0,0.43575922,0.0,0.0,0.30958775,0.0,0.0,0.35431737
0.0,0.0,0.29598936,0.0,0.0,0.20371819,0.0,0.0,0.25436044,0.0,0.0,0.343814,0.0,0.0,0.4423342,371.14737,228.41612,0.8818458,378.85062,228.82535,0.8924707,369.60495,241.58603,0.5811686,381.7047,241.85857,0.6548573,0.0,0.0,0.45085326,383.4921,249.9798,0.51172465,371.62332,254.00504,0.910081,376.7159,254.15729,0.91515726,372.4552,274.0842,0.86617154,376.88187,273.95917,0.87534016,373.01334,292.50934,0.813758,376.3419,292.79797,0.8231051
0.0,0.0,0.118479654,0.0,0.0,0.071629636,0.0,0.0,0.10083089,0.0,0.0,0.35647315,0.0,0.0,0.49352592,117.72362,232.9367,0.9546171,132.48776,233.34933,0.961644,111.79933,243.98381,0.74885696,135.94313,244.45747,0.8183928,111.06792,253.72928,0.5193737,136.19983,254.48651,0.5957325,119.67801,254.47002,0.9771888,128.90099,254.68866,0.9791296,120.743774,271.4318,0.9484734,128.08815,271.5213,0.95382243,120.39205,286.01898,0.92512983,126.68412,286.3958,0.9315314
416.89352,226.66817,0.79092604,418.65732,224.8887,0.7627764,415.79025,224.73495,0.67807996,422.0214,225.78857,0.6168387,0.0,0.0,0.3982218,425.74197,235.362,0.97274417,411.6782,234.7908,0.9642509,428.2726,246.64272,0.87333566,406.9639,245.25519,0.80770177,423.99835,253.74574,0.82879,407.4041,252.43802,0.7675034,421.92496,258.2392,0.9798244,413.21472,257.8427,0.97707623,420.13678,276.04282,0.9607233,412.09164,275.64124,0.95409745,419.6392,293.1971,0.93334055,412.5571,292.69553,0.9251444
