797.5007,84.759674,0.98906404,799.08057,76.18515,0.8696237,786.4066,75.69125,0.98898625,0.0,0.0,0.16362141,754.9575,83.09602,0.9612443,798.211,141.51552,0.97590023,727.8796,136.90654,0.99587977,812.2399,215.80862,0.8833205,737.18304,214.01497,0.98907566,825.7906,204.12619,0.8479091,796.0621,206.33,0.9769181,795.6109,277.6467,0.9838387,740.1012,278.26523,0.9928623,829.1551,394.43198,0.8822688,731.1132,392.68134,0.94523764,0.0,0.0,0.42147404,690.29285,466.92017,0.53931373
0.0,0.0,0.21820204,0.0,0.0,0.23009883,0.0,0.0,0.04180991,352.3788,114.20322,0.86789894,0.0,0.0,0.21581838,340.22537,156.63577,0.9829186,404.72922,155.19325,0.8830932,321.3249,212.5308,0.9492018,403.1638,215.58006,0.54268104,329.66418,222.06679,0.84715164,0.0,0.0,0.42503378,347.87357,267.01657,0.9925074,388.88126,266.27606,0.98021275,354.7764,369.9606,0.9844779,376.0245,372.90033,0.962818,371.02356,451.0049,0.91900903,370.8388,456.405,0.86776125
0.0,0.0,0.10344961,0.0,0.0,0.060628586,0.0,0.0,0.063605055,189.3829,201.3376,0.5700649,202.9869,201.27673,0.58024764,181.59096,218.18323,0.97759444,210.12949,217.74019,0.98259133,171.10762,240.66049,0.88180643,219.69658,238.7888,0.8953155,166.90036,259.52228,0.68317235,220.1438,256.04285,0.6903459,187.3852,257.91125,0.99255943,205.46883,257.9863,0.99318296,186.95395,287.6974,0.98110425,203.59167,287.93204,0.98008955,187.83032,315.09387,0.9611706,200.34113,315.42154,0.9592379
620.1513,168.72273,0.96889037,623.39557,164.79233,0.853384,614.21344,164.45897,0.9632457,0.0,0.0,0.47119874,600.38434,168.25154,0.91380674,626.69794,200.34773,0.9778072,588.9929,202.49774,0.99569005,637.5344,239.45235,0.82654333,581.5166,242.19519,0.9791838,640.7024,236.90479,0.7536618,587.78973,231.18849,0.94777334,623.5599,277.45453,0.9879631,601.861,279.34106,0.9946091,614.1869,338.74518,0.9764904,612.00195,342.35776,0.98987216,596.26953,393.44852,0.9340099,613.6858,399.29706,0.9615569
690.3821,178.73834,0.9251903,692.7222,173.91333,0.739054,684.2164,174.23051,0.932869,0.0,0.0,0.22311676,670.8327,176.55376,0.8478415,699.5817,202.69684,0.9366069,659.1609,203.1887,0.98232,704.1633,234.14197,0.6061698,647.67914,234.86781,0.9282522,698.9446,241.81673,0.58265615,666.5994,238.88177,0.8720752,693.8195,274.66846,0.9694476,667.7475,276.06082,0.98486274,700.32056,334.02466,0.9581079,683.5651,335.91815,0.9788477,680.82465,393.17474,0.91341144,671.3907,395.91104,0.9468129
0.0,0.0,0.19211985,0.0,0.0,0.11994522,0.0,0.0,0.1309207,289.1855,210.80981,0.5133274,298.3084,211.04832,0.5709427,283.01578,222.95253,0.95945674,303.14978,223.22168,0.962343,278.68777,238.4318,0.77424705,307.27472,237.92575,0.7872415,279.8365,248.54251,0.5597874,305.20145,246.06703,0.5720103,286.00623,253.00246,0.9841218,299.57053,253.39336,0.9843443,286.60123,276.99127,0.977384,298.63968,277.50803,0.97575456,288.14716,300.3955,0.96792644,299.23135,300.86136,0.9656225
0.0,0.0,0.1342849,0.0,0.0,0.096115656,0.0,0.0,0.07851419,0.0,0.0,0.49356902,0.0,0.0,0.38551503,227.93163,231.76286,0.95688087,242.87341,231.31837,0.95304847,225.62303,245.24377,0.7573034,249.239,245.06151,0.71664363,225.96153,257.16644,0.53168017,0.0,0.0,0.48234764,231.21246,257.81427,0.97545445,241.37889,257.58795,0.9747389,231.65173,277.07874,0.9395914,240.68436,276.77744,0.9368783,233.26935,294.26584,0.9047442,241.25475,293.81293,0.9022664
0.0,0.0,0.27059618,0.0,0.0,0.12605698,0.0,0.0,0.23885019,0.0,0.0,0.32852775,98.92977,220.41016,0.67703086,86.34058,230.03622,0.93977076,100.78676,231.04123,0.967233,80.45395,241.95564,0.65400195,102.19947,244.54369,0.8517292,0.0,0.0,0.47668156,101.71227,255.79161,0.6793621,86.46474,254.65909,0.968851,96.09636,254.96454,0.9781562,85.04016,273.16562,0.94430673,93.384605,273.37866,0.95986414,84.24518,289.62006,0.92014986,91.80639,290.41187,0.9367056
481.01447,213.90854,0.8759278,483.2916,211.65938,0.82987165,479.43518,211.46297,0.8185836,487.3808,213.13257,0.6110759,476.3908,212.72884,0.56200296,490.403,225.7179,0.98047525,471.13525,224.871,0.98007387,489.0212,240.22635,0.86733776,466.00067,238.58583,0.8632775,474.7995,236.15779,0.8238699,474.04907,235.51501,0.8192687,484.42264,258.2111,0.98116755,471.05807,257.76672,0.98063666,484.34933,285.7864,0.9445,471.07095,285.46808,0.94244164,482.15143,309.80435,0.86984396,472.5069,309.41626,0.8663669
0.0,0.0,0.11403882,0.0,0.0,0.08118396,0.0,0.0,0.0817341,0.0,0.0,0.45119846,0.0,0.0,0.43046424,142.66083,228.06612,0.9503093,159.7753,227.65575,0.9512866,137.4702,241.30449,0.70475715,164.82631,240.66173,0.7192271,0.0,0.0,0.45596418,0.0,0.0,0.46468335,145.07228,252.87172,0.9743178,156.02612,252.5978,0.9751796,146.2408,272.80215,0.9484213,154.28406,272.54974,0.9498106,147.37617,291.16022,0.93197083,153.00438,290.8763,0.9337936
0.0,0.0,0.27329457,0.0,0.0,0.17460239,0.0,0.0,0.1863917,116.74637,220.27782,0.5157862,123.48164,220.05573,0.5680159,112.389336,230.39615,0.9639962,127.71393,230.1406,0.96878695,108.23293,242.89012,0.8101335,133.25452,242.85274,0.8312006,106.37825,254.91823,0.6382706,131.51328,255.3705,0.6602928,115.560776,253.40799,0.9807961,125.77273,253.44713,0.9821186,115.72336,271.9055,0.9650685,125.56497,271.964,0.96504706,116.504616,288.45163,0.9461904,125.49767,288.38995,0.9457586
