0.0,0.0,0.1984025,0.0,0.0,0.028668279,0.0,0.0,0.18098766,0.0,0.0,0.20755799,110.08547,160.82619,0.8296577,61.39656,198.92305,0.9566542,112.95017,204.784,0.9894855,47.639244,259.00842,0.8059543,128.23198,255.38501,0.9702842,50.72368,306.23224,0.6464464,132.35526,272.4511,0.89513123,70.99241,300.35318,0.9958133,108.765045,303.0847,0.99793565,68.60523,376.92303,0.9936427,122.52107,384.23865,0.99698645,40.29117,438.92813,0.97775525,111.90555,450.77222,0.98572075
0.0,0.0,0.2599463,0.0,0.0,0.07394583,0.0,0.0,0.22635767,0.0,0.0,0.27466476,451.77914,197.83412,0.8061155,426.5611,214.48833,0.9685855,454.24536,214.73325,0.9847853,417.298,239.44861,0.7493031,459.27487,238.95312,0.9117358,421.24603,256.1387,0.5579089,458.51428,253.41924,0.7522047,428.1435,260.93195,0.98866093,447.20563,260.92978,0.9926092,427.93732,296.97806,0.974021,449.59842,296.69254,0.98274565,426.86044,331.38266,0.9480886,450.45496,332.63464,0.9615777
235.29765,182.3727,0.951691,241.08298,179.14981,0.9027214,232.20064,177.88315,0.8640592,249.9349,183.00465,0.76739097,227.89627,180.12758,0.60251784,259.82544,208.04211,0.99201596,215.94688,205.59297,0.9859496,270.38058,234.92522,0.9710506,207.97513,235.80614,0.9390058,256.66495,221.17847,0.94586587,231.9729,229.90175,0.90779406,251.0126,271.57602,0.9954035,221.91058,270.45746,0.9936488,254.76657,322.10675,0.9909733,227.74306,319.9572,0.9884261,253.29279,369.45273,0.97148097,235.95163,368.18597,0.9673519
796.7914,162.35597,0.9698388,802.21643,157.87929,0.9153892,791.64105,157.65996,0.9386598,808.8364,159.48177,0.6443454,780.71936,158.80702,0.7454421,819.025,186.73882,0.9849513,765.43274,190.15799,0.9847328,842.88104,210.6786,0.9277101,750.7121,226.49805,0.9340746,837.5811,222.51738,0.8821406,743.6515,264.91168,0.89628065,807.7129,265.2294,0.98872256,773.5618,266.604,0.9892141,811.1893,323.649,0.98042035,774.2507,326.47025,0.9820764,822.7089,380.09845,0.9480251,785.601,386.4432,0.9517952
14.736987,176.1485,0.8377888,19.727491,172.06735,0.8772951,12.696354,172.25417,0.61243296,30.129444,175.42151,0.7957139,0.0,0.0,0.17584977,40.311676,201.04291,0.9179021,7.004441,204.05464,0.7568273,46.51521,224.93526,0.7236154,0.0,0.0,0.21536808,32.545044,222.98346,0.6157298,0.0,0.0,0.21800871,32.89714,267.13785,0.8617686,11.320774,268.08,0.7600195,28.22992,318.88522,0.83753014,11.346957,319.793,0.69716746,27.631933,366.32104,0.76271844,14.9729595,366.0935,0.63634765
0.0,0.0,0.11380406,0.0,0.0,0.04021504,0.0,0.0,0.09545625,0.0,0.0,0.23030621,510.85776,217.15945,0.6330441,491.31842,233.45029,0.9368122,516.7744,232.55763,0.96658486,486.10263,254.18764,0.72981143,526.0125,254.0565,0.8978873,487.02957,268.5302,0.5450647,527.29395,269.95386,0.7459156,498.8715,273.02783,0.98492974,515.6731,272.51016,0.98986524,499.7024,300.95392,0.97216547,513.91516,300.0475,0.9810276,501.67297,324.8971,0.9517261,513.47876,324.51328,0.9635702
0.0,0.0,0.074225985,0.0,0.0,0.058126725,0.0,0.0,0.035455335,556.23816,212.56827,0.5968362,0.0,0.0,0.40377662,550.99536,227.33601,0.96077716,579.0541,226.14821,0.9511566,543.85126,246.32736,0.8607192,588.15515,245.23108,0.7931248,543.9138,256.92975,0.6513911,586.5127,256.74957,0.56871855,556.69385,265.7442,0.989916,575.5275,265.24463,0.9885572,555.5422,295.19464,0.9844067,576.3438,294.9935,0.9802332,555.62946,324.1058,0.9753499,576.78827,323.02997,0.9703644
0.0,0.0,0.3644182,0.0,0.0,0.4181482,0.0,0.0,0.10632596,663.26733,201.16461,0.8647047,0.0,0.0,0.26093248,661.5849,219.67151,0.9840487,682.41516,218.30847,0.9408623,655.549,244.12114,0.93558806,686.38794,242.67947,0.5455021,650.8574,256.71716,0.8064194,0.0,0.0,0.39185825,665.63715,264.87244,0.98978287,679.7967,264.17026,0.97878003,665.14136,301.52386,0.98707944,679.73816,301.47824,0.9690212,667.6375,337.56232,0.9772051,681.78406,336.09692,0.9566953
0.0,0.0,0.1170672,0.0,0.0,0.09870079,0.0,0.0,0.050089274,151.7293,204.84276,0.5492206,0.0,0.0,0.29160434,147.73366,222.9404,0.9267379,171.40085,222.00243,0.87288326,143.85329,246.28844,0.7432286,175.7121,244.31499,0.51419127,142.01982,261.64734,0.50404674,0.0,0.0,0.329224,151.29422,266.74017,0.9738482,167.20697,266.3877,0.9639786,149.9634,300.95032,0.9723838,165.37863,301.10242,0.95898354,153.09692,334.452,0.9634912,166.75568,333.9339,0.95088404
0.0,0.0,0.20874587,0.0,0.0,0.09180472,0.0,0.0,0.16002008,0.0,0.0,0.39870992,741.4921,215.7532,0.6653437,720.1028,227.31277,0.9496454,745.10846,229.1759,0.9528946,713.1906,246.14514,0.7075693,747.0483,250.59236,0.7454068,0.0,0.0,0.46644154,0.0,0.0,0.49321422,719.91974,265.98273,0.9535087,736.7218,266.46326,0.95509577,721.9776,297.42432,0.86354184,738.88916,297.70322,0.86654556,720.598,322.39075,0.7389029,736.7809,323.78348,0.7432245
0.0,0.0,0.10811621,0.0,0.0,0.07628734,0.0,0.0,0.0953955,0.0,0.0,0.34271666,0.0,0.0,0.3907667,693.65796,225.59041,0.87179387,711.16754,226.77391,0.88579565,685.9384,238.88968,0.54508007,713.7601,240.08588,0.61178076,0.0,0.0,0.3680592,0.0,0.0,0.40926722,694.80316,251.27785,0.937523,705.8923,251.73143,0.9413965,695.1025,271.72638,0.9007657,705.7266,272.03632,0.90833855,695.9154,290.99414,0.8679459,704.6117,291.5998,0.8757152
