0.0,0.0,0.25005376,0.0,0.0,0.17580009,0.0,0.0,0.09792545,579.10223,190.78812,0.6698334,0.0,0.0,0.47179365,570.5494,214.15091,0.98215884,604.8163,213.32985,0.97365814,561.30475,245.11221,0.91149086,612.1253,245.37093,0.81626254,561.33246,265.5733,0.75522125,606.69904,265.21548,0.6202626,573.0751,270.28302,0.98963976,593.93506,269.7283,0.98774916,579.4086,316.82916,0.9736052,589.4679,316.82263,0.9665855,588.457,360.0608,0.92867935,589.3873,360.20886,0.9167056
0.0,0.0,0.1557997,0.0,0.0,0.17982799,0.0,0.0,0.04713228,650.4912,209.97832,0.8449401,0.0,0.0,0.32523504,645.78174,232.18135,0.98677456,673.6121,231.36972,0.97366434,636.9377,258.13223,0.9547452,680.9032,258.37033,0.81981945,636.0325,276.8185,0.8397923,682.0552,278.65063,0.6166202,649.4686,285.44473,0.9937397,666.2839,285.07236,0.99073946,653.6873,322.44708,0.9853389,660.7837,322.8034,0.9740931,664.05743,358.30685,0.9618171,662.9817,357.44022,0.94154185
0.0,0.0,0.12760904,0.0,0.0,0.09221953,0.0,0.0,0.048535652,364.4348,193.37453,0.7188701,384.2003,191.3891,0.53431696,357.65137,215.99341,0.9865248,396.31882,213.63835,0.98712754,342.56116,248.50908,0.94065017,409.0096,250.52547,0.9277619,338.20523,274.94672,0.7969626,409.5182,284.40775,0.7735022,367.4952,272.25992,0.99542505,390.49612,270.74207,0.995799,372.057,322.05878,0.98791134,382.91458,320.793,0.98755705,379.46497,370.05798,0.9605511,379.8696,368.06613,0.96026194
0.0,0.0,0.35684398,0.0,0.0,0.47133154,0.0,0.0,0.075818256,446.03888,177.97026,0.95011574,0.0,0.0,0.2866941,441.65463,206.3468,0.98995084,472.18588,205.30453,0.95131886,433.48538,243.18217,0.924511,0.0,0.0,0.3538003,426.2438,273.27762,0.712644,0.0,0.0,0.18873012,443.0237,272.57715,0.9888121,464.13217,271.7131,0.97272134,434.7461,320.61914,0.9822808,460.99115,321.01596,0.94590116,437.8499,370.86508,0.96561885,465.69724,369.8159,0.9220862
799.0269,209.7355,0.87770194,801.85645,206.79117,0.8942791,797.9362,206.93748,0.6240425,809.72455,207.73215,0.85763896,0.0,0.0,0.23248602,819.6595,224.68947,0.98545897,799.1986,225.73996,0.9507456,824.895,246.76883,0.9446384,798.6427,247.79521,0.5907415,810.94226,257.95862,0.89796686,799.7978,257.94504,0.5599034,816.8754,270.71988,0.9806177,803.8089,270.66367,0.96148294,818.57544,307.70636,0.9641504,807.3207,307.59293,0.9194163,818.6445,344.37216,0.9286425,810.57513,343.13287,0.87341136
0.0,0.0,0.111899346,0.0,0.0,0.078207575,0.0,0.0,0.07634153,484.34915,227.0364,0.5013741,496.0067,227.27246,0.51332617,477.9401,245.19469,0.9075439,501.96323,246.10263,0.92642635,474.34732,266.84848,0.582425,507.07574,268.8358,0.6651036,0.0,0.0,0.34692112,0.0,0.0,0.40849373,479.2017,283.35403,0.96127284,495.1949,284.00824,0.9658582,478.78864,314.69772,0.95949656,493.74234,315.6946,0.9606481,477.80942,347.02786,0.9554773,490.83463,347.9503,0.95566213
0.0,0.0,0.04599026,0.0,0.0,0.055853758,0.0,0.0,0.026607862,0.0,0.0,0.07177627,0.0,0.0,0.021750662,0.0,0.0,0.07048314,0.0,0.0,0.08060508,0.0,0.0,0.15459968,0.0,0.0,0.1515359,0.0,0.0,0.19573402,0.0,0.0,0.19222274,0.0,0.0,0.12323207,0.0,0.0,0.13547452,0.0,0.0,0.16273147,0.0,0.0,0.17057268,0.0,0.0,0.12540394,0.0,0.0,0.13408305
0.0,0.0,0.07800173,0.0,0.0,0.047572754,0.0,0.0,0.069800176,0.0,0.0,0.055184636,0.0,0.0,0.10507393,0.0,0.0,0.20683461,0.0,0.0,0.29951376,0.0,0.0,0.12356631,0.0,0.0,0.24664806,0.0,0.0,0.10253969,0.0,0.0,0.17329754,0.0,0.0,0.31098726,0.0,0.0,0.36027968,0.0,0.0,0.28978413,0.0,0.0,0.33487782,0.0,0.0,0.30262697,0.0,0.0,0.33787772
0.0,0.0,0.22054441,0.0,0.0,0.17613126,0.0,0.0,0.12618841,295.72934,236.44778,0.6161783,0.0,0.0,0.3968519,291.62003,246.68094,0.97157323,307.8596,246.86368,0.9644424,285.69293,259.0997,0.8226625,311.20456,259.38474,0.73022246,284.51767,268.1632,0.64919084,309.3629,268.3564,0.5422124,293.9515,271.64047,0.9864486,304.3404,271.8285,0.9847911,293.6818,291.5827,0.9766148,304.12643,291.59232,0.97274685,294.93106,310.89804,0.9632996,304.6017,310.9666,0.9589766
0.0,0.0,0.21621332,0.0,0.0,0.20523292,0.0,0.0,0.08197527,0.0,0.0,0.3086378,0.0,0.0,0.08151902,842.0117,232.84439,0.6117194,0.0,0.0,0.3546249,837.55725,257.56152,0.5379233,0.0,0.0,0.21470824,820.9787,267.84216,0.5192402,0.0,0.0,0.27929756,847.1866,293.92545,0.5705669,0.0,0.0,0.4417619,847.41595,347.00458,0.5056162,0.0,0.0,0.38532627,0.0,0.0,0.32557404,0.0,0.0,0.26524124
