0.0,0.0,0.14935154,0.0,0.0,0.14763281,0.0,0.0,0.028520176,354.1922,112.86224,0.84479123,0.0,0.0,0.22315647,341.59262,155.83093,0.97941923,408.0871,152.12326,0.8673959,324.4061,214.10623,0.94720024,402.86008,211.18564,0.5349137,340.40536,221.15382,0.8387301,0.0,0.0,0.4093038,352.43002,271.09955,0.9874571,395.7374,268.89767,0.9672711,358.51965,383.52963,0.9598348,382.61588,378.95294,0.90374666,374.9828,463.47354,0.7655557,378.47937,455.97815,0.6483434
765.06744,88.657845,0.9862598,767.3292,80.243065,0.8485455,755.5828,79.95057,0.9849508,0.0,0.0,0.18531904,726.4338,85.760735,0.9538398,765.34216,140.9159,0.978217,698.965,138.91599,0.9956124,778.9377,208.22006,0.89534324,710.13214,209.6323,0.98873013,787.5739,205.37837,0.86552393,770.2019,203.63237,0.9779478,769.8942,276.03186,0.98768276,717.5156,279.04355,0.99445665,798.6652,384.994,0.90561444,705.1133,387.8936,0.95578986,816.0775,473.43118,0.5024885,685.74243,470.1403,0.6182972
610.57526,172.53488,0.9754885,614.386,168.94344,0.89351714,605.3717,168.11621,0.9573096,615.82513,174.73164,0.5887309,593.5745,172.81604,0.88770115,617.81635,207.61029,0.99068695,578.42346,203.42561,0.99630237,621.8205,243.46645,0.9449569,566.67194,241.15141,0.9828881,628.51135,238.2052,0.9144137,586.1464,248.23181,0.9647504,606.49335,281.20352,0.994578,580.78015,279.70175,0.9962985,604.34973,342.69034,0.9843588,585.5377,338.16727,0.9898421,598.91925,393.8918,0.93711954,583.5517,387.61703,0.95275795
0.0,0.0,0.09599594,0.0,0.0,0.057977907,0.0,0.0,0.057530705,191.8304,201.39236,0.5937381,205.30676,201.68806,0.5677699,183.15883,218.27141,0.9804371,211.25389,219.06058,0.98295355,170.26602,239.44063,0.91368216,220.33159,241.29956,0.90584964,167.68718,257.31058,0.753206,220.27061,260.31287,0.72410846,188.49384,260.55374,0.9941188,206.37862,261.12555,0.994214,188.21948,290.8478,0.9851332,204.36606,291.53235,0.9827042,189.04634,318.30438,0.9671158,201.9119,319.2839,0.96275955
0.0,0.0,0.21587433,0.0,0.0,0.09829367,0.0,0.0,0.1817818,0.0,0.0,0.30514792,98.003685,221.06255,0.6271323,84.1814,230.82649,0.9347153,99.88808,231.62045,0.9601009,78.92445,243.14857,0.66825724,101.8503,245.51913,0.8356749,0.0,0.0,0.48867804,101.09271,257.35965,0.6588046,84.22523,256.22095,0.9704733,94.747246,256.42908,0.9780085,83.186516,274.8915,0.9487197,92.266205,275.03333,0.96087587,81.95851,292.19354,0.9250488,90.40856,292.94388,0.9381305
0.0,0.0,0.16855018,0.0,0.0,0.11291805,0.0,0.0,0.10655683,293.0392,211.5694,0.51595634,0.0,0.0,0.49324408,287.20602,222.63782,0.9508071,306.69916,222.9807,0.94635123,281.6756,237.41005,0.7646225,309.79486,237.57939,0.7263775,281.99692,248.18193,0.5483103,309.87912,246.8518,0.50860864,290.96115,252.53523,0.9798502,303.84882,253.02628,0.9780723,292.32492,276.90628,0.97198987,303.2745,277.50568,0.9668282,294.5336,300.33224,0.9600987,303.54578,300.66223,0.9540945
675.28564,178.92656,0.8306084,678.1598,174.53053,0.5257824,670.84717,174.5955,0.8688179,0.0,0.0,0.14236653,661.4327,177.15146,0.8220046,681.8451,204.09743,0.8228882,651.3899,204.59021,0.96979785,0.0,0.0,0.2407104,638.16376,239.05438,0.88483346,0.0,0.0,0.23212633,643.928,239.52417,0.7682086,681.2591,278.51953,0.8967799,662.1969,279.5728,0.9609764,681.3753,338.6715,0.80277556,671.35205,339.49377,0.9201653,674.9797,393.63657,0.6763894,669.6878,394.3216,0.82160276
0.0,0.0,0.09258335,0.0,0.0,0.05731427,0.0,0.0,0.06977068,0.0,0.0,0.3934961,238.27237,220.97942,0.5079042,226.29956,231.62416,0.9438424,243.03622,231.19485,0.9520031,224.89238,244.48717,0.6851781,251.16354,244.54453,0.7523024,0.0,0.0,0.43424946,0.0,0.0,0.49156904,231.99652,257.52582,0.9632206,244.1958,257.486,0.9669944,232.35216,276.48676,0.894526,247.4155,276.22476,0.90571254,233.47774,292.6343,0.8380427,250.01884,292.41785,0.8520092
482.5365,214.12584,0.8933071,485.20657,212.10681,0.84408957,481.14853,212.01927,0.7971783,489.85995,213.76945,0.708803,478.84958,213.56982,0.5630526,492.0438,226.08014,0.9803027,475.41495,225.49673,0.9821878,488.52322,239.61119,0.89318866,468.90448,236.89873,0.87831324,477.65958,237.18504,0.8431577,472.82407,233.36922,0.8206672,487.0041,257.70575,0.9722242,476.19272,257.23907,0.97352797,482.86057,284.0265,0.9385231,473.58548,283.46918,0.93365216,483.38083,307.51154,0.87659496,475.43076,306.4177,0.8689226
0.0,0.0,0.08734563,0.0,0.0,0.06055471,0.0,0.0,0.0867431,0.0,0.0,0.06061388,0.0,0.0,0.12110696,0.0,0.0,0.11783498,0.0,0.0,0.24740906,0.0,0.0,0.09311859,0.0,0.0,0.2880002,0.0,0.0,0.12407648,0.0,0.0,0.27844432,0.0,0.0,0.18775599,0.0,0.0,0.28524572,0.0,0.0,0.24562299,0.0,0.0,0.35388026,0.0,0.0,0.31517634,0.0,0.0,0.40979594
0.0,0.0,0.1198748,0.0,0.0,0.08669644,0.0,0.0,0.09023851,0.0,0.0,0.44771257,0.0,0.0,0.44499084,139.67223,230.25623,0.94725543,156.97983,229.80318,0.949601,134.23918,242.76836,0.7028544,161.99626,241.56488,0.7278602,0.0,0.0,0.4653778,0.0,0.0,0.4848366,142.81586,253.64027,0.9716377,154.25786,253.31929,0.97306067,144.0336,272.93314,0.9431592,153.5633,272.50882,0.9456089,145.18758,290.77274,0.92611194,153.38416,290.26697,0.9289047
0.0,0.0,0.11934425,0.0,0.0,0.088245235,0.0,0.0,0.08305988,0.0,0.0,0.43734446,0.0,0.0,0.40053385,114.08837,232.2859,0.9364261,126.89347,231.55489,0.93810046,109.6657,244.69243,0.684247,130.90184,243.90468,0.6931211,0.0,0.0,0.4534995,0.0,0.0,0.45658147,116.90651,254.99547,0.9659588,125.4528,254.72237,0.9672058,117.2263,273.3247,0.9433493,124.71833,273.075,0.9444606,117.64809,290.2635,0.9263175,124.2025,289.76535,0.9279254
0.0,0.0,0.16170834,0.0,0.0,0.09169213,0.0,0.0,0.16908778,0.0,0.0,0.09707428,0.0,0.0,0.29104576,0.0,0.0,0.398474,846.4619,227.56825,0.6578106,0.0,0.0,0.16806714,842.89685,242.20363,0.517099,0.0,0.0,0.1748418,0.0,0.0,0.41917312,849.57275,259.0518,0.5929672,848.6624,260.0287,0.7313209,849.3655,290.3642,0.5641194,848.29584,291.0421,0.7026127,849.0989,319.6306,0.59516376,847.0438,320.70682,0.70028013
0.0,0.0,0.18528637,0.0,0.0,0.11319411,0.0,0.0,0.15734282,0.0,0.0,0.26657197,0.0,0.0,0.40638685,819.77075,215.32547,0.8664539,829.36993,215.37372,0.89178485,815.1569,231.90036,0.5303833,830.6665,231.71503,0.6493566,0.0,0.0,0.3868428,0.0,0.0,0.47844568,821.7183,248.76083,0.9418221,827.7756,248.89896,0.9481183,821.3155,276.006,0.9194975,827.54755,275.8683,0.9286598,820.3687,302.66113,0.8759215,826.08057,302.87134,0.886927
