823.56714,165.5726,0.9649755,827.4948,161.60269,0.8485501,817.5533,161.16687,0.9615155,0.0,0.0,0.3971326,803.5245,163.07193,0.8822898,836.1681,192.16115,0.954206,788.4129,191.91388,0.99123096,849.7089,212.93501,0.74833846,774.7045,226.05867,0.9676184,843.4064,205.0343,0.6995171,763.7432,260.70337,0.93394,826.0953,268.0756,0.97404534,796.1351,266.90747,0.9889846,825.6269,322.27243,0.9630639,796.8844,317.62354,0.98461735,831.48987,375.71786,0.930847,805.2872,373.377,0.9614136
114.6167,157.27632,0.9612162,119.724075,153.45183,0.93909776,110.68137,152.80669,0.8183643,130.27252,154.69376,0.8830733,0.0,0.0,0.4871775,142.22131,183.04295,0.99748516,107.15722,182.48663,0.98477155,150.80698,215.82224,0.9912505,102.91901,224.91295,0.9150324,122.07382,198.53773,0.9763266,100.74916,235.47842,0.8850486,138.71504,262.83163,0.9973592,118.0996,260.86465,0.9938047,123.737595,332.449,0.9930906,128.0455,327.7413,0.98496014,123.13801,388.64484,0.96452624,143.7911,382.36917,0.9447406
242.07521,189.24075,0.86042315,246.51213,185.28093,0.7625108,238.99937,184.55461,0.76449585,252.7517,186.37764,0.52356654,233.02118,184.28532,0.53067946,262.08917,206.88214,0.98565894,219.79396,205.19304,0.990915,270.5972,236.63014,0.95167816,213.73595,234.07552,0.965915,257.3871,235.27759,0.93068665,232.00806,233.03548,0.9421355,256.20114,270.18878,0.9963341,228.77188,269.95654,0.99713135,255.56902,318.58624,0.9917036,232.18044,318.02484,0.99254966,252.58704,364.9153,0.9733103,239.36897,363.57443,0.9752661
0.0,0.0,0.09583714,0.0,0.0,0.04867975,0.0,0.0,0.069260426,0.0,0.0,0.41694027,435.7853,197.41695,0.5929633,411.81985,214.63739,0.95905584,440.54214,214.97493,0.9739395,403.60736,240.8145,0.81331563,447.57202,237.37936,0.8910853,402.9113,263.87833,0.5985316,445.9091,253.50043,0.6956673,415.17145,263.76047,0.9899324,433.1228,264.38904,0.9918812,419.74167,299.12244,0.9809014,428.97302,300.0171,0.9829914,423.7691,332.59195,0.9589817,425.33337,334.07355,0.9617066
61.669735,181.94247,0.93256843,66.44675,177.93361,0.9164531,58.720417,177.87906,0.8419269,75.93035,181.28265,0.76217943,0.0,0.0,0.44591215,86.982376,207.32591,0.98337674,51.97502,208.75572,0.97511375,97.36188,238.56548,0.9341694,50.390087,241.21777,0.84436226,94.24465,269.71423,0.89237356,52.32465,269.22437,0.788885,83.24143,269.37238,0.9891061,58.539543,269.7999,0.9860815,92.04775,316.63226,0.9790415,52.879414,316.5372,0.97021145,103.56714,358.74857,0.95181584,51.700832,357.74515,0.93849415
0.0,0.0,0.060360953,0.0,0.0,0.025831416,0.0,0.0,0.05246057,0.0,0.0,0.35320747,512.00934,218.2475,0.6569389,488.9042,231.81993,0.953758,518.4485,232.39049,0.97283465,481.41818,250.9653,0.78251505,527.7884,252.60335,0.89797765,482.98657,264.93683,0.54735357,530.7653,267.73886,0.6962888,493.78427,271.02805,0.99054074,513.32,271.30637,0.992815,493.55783,299.565,0.98248553,512.1602,299.6323,0.98555654,494.76782,325.73953,0.9693373,511.985,326.24002,0.9728822
0.0,0.0,0.2749617,0.0,0.0,0.33004564,0.0,0.0,0.080515735,662.583,203.3981,0.8941266,0.0,0.0,0.35672715,658.0813,222.51952,0.9883483,684.74036,220.3187,0.9633991,652.5977,247.01987,0.9378776,689.113,243.20209,0.6230768,653.5174,261.31454,0.77708083,0.0,0.0,0.39846295,663.13885,265.52005,0.9915747,681.07275,264.75198,0.98425436,665.39166,301.85022,0.9868247,681.16376,301.88705,0.9712942,667.95404,338.57898,0.9740923,683.3392,337.18466,0.9538006
0.0,0.0,0.13522917,0.0,0.0,0.12194749,0.0,0.0,0.054139897,539.31805,218.02728,0.6134554,0.0,0.0,0.26871666,539.9263,234.10507,0.94269496,561.1597,231.29433,0.9093336,537.2309,255.85947,0.8349122,571.6807,251.01778,0.6713,537.3274,270.41965,0.65335554,0.0,0.0,0.490341,549.45795,271.14633,0.9747825,562.9131,269.89023,0.9668427,550.7964,297.95523,0.96129453,560.49023,296.7716,0.94488394,553.1989,326.70462,0.9387379,557.91364,323.73715,0.9206131
0.0,0.0,0.18913905,0.0,0.0,0.15921095,0.0,0.0,0.075272895,0.0,0.0,0.2719913,0.0,0.0,0.104490615,8.58402,193.78738,0.59964544,0.0,0.0,0.3302824,28.740831,241.01016,0.5118219,0.0,0.0,0.19065566,0.0,0.0,0.44675997,0.0,0.0,0.2151344,6.5776906,300.52527,0.5172146,0.0,0.0,0.38105306,0.0,0.0,0.26514748,0.0,0.0,0.17490219,0.0,0.0,0.09062437,0.0,0.0,0.06544975
0.0,0.0,0.1781433,0.0,0.0,0.076303065,0.0,0.0,0.14864816,0.0,0.0,0.39704272,745.77563,213.3921,0.7285875,725.8185,229.17073,0.9672838,751.31177,227.79868,0.9814927,718.92346,250.14578,0.80813986,757.7842,248.32547,0.9088377,719.55145,266.04373,0.5910516,755.6901,265.39215,0.7284452,730.8785,269.58356,0.982028,747.4043,269.01303,0.9865965,736.60693,301.82443,0.9389014,748.15405,301.20496,0.9516558,736.1498,329.90872,0.86123836,743.52374,329.7969,0.8814586
0.0,0.0,0.087324634,0.0,0.0,0.06606296,0.0,0.0,0.04811736,0.0,0.0,0.15441939,0.0,0.0,0.10408524,0.0,0.0,0.39390364,0.0,0.0,0.33006576,0.0,0.0,0.24274817,0.0,0.0,0.18183526,0.0,0.0,0.18254063,0.0,0.0,0.14067306,0.0,0.0,0.40544724,0.0,0.0,0.3852387,0.0,0.0,0.22921245,0.0,0.0,0.22104919,0.0,0.0,0.15588912,0.0,0.0,0.1548677
0.0,0.0,0.15849416,0.0,0.0,0.11327323,0.0,0.0,0.12888324,0.0,0.0,0.40309313,0.0,0.0,0.42635775,692.71533,227.73703,0.9062619,709.4076,228.01392,0.91303235,688.62915,241.26222,0.57799315,713.1832,240.90863,0.63090277,0.0,0.0,0.3719791,0.0,0.0,0.40837646,696.213,252.63942,0.928772,707.0168,252.67587,0.9333365,698.3699,272.9103,0.8675575,706.7269,272.77466,0.87612796,700.50793,291.43738,0.83164835,706.70984,291.33725,0.83981514
