0.0,0.0,0.16843836,0.0,0.0,0.18893704,0.0,0.0,0.008440561,694.79803,0.51503396,0.9487061,0.0,0.0,0.12217534,680.14136,74.419754,0.99211806,803.4999,69.67463,0.9539836,607.37714,198.18138,0.98131406,843.1614,200.51746,0.81874156,554.59375,272.21524,0.90742934,837.9377,299.80817,0.6576009,704.8307,304.62955,0.9878038,768.96643,304.37228,0.97629833,705.257,457.76764,0.58068067,0.0,0.0,0.46087646,0.0,0.0,0.044500995,0.0,0.0,0.03438053
300.0041,184.2463,0.9588288,303.4538,180.80283,0.92256695,296.4514,180.67946,0.92686075,308.2549,184.31625,0.7159777,290.67264,183.85956,0.74226284,315.23337,208.99089,0.99342716,281.95395,209.65224,0.9959858,324.47507,235.41228,0.9583551,273.43396,239.74152,0.9705893,331.26797,260.86813,0.934071,273.90735,269.53445,0.94358647,310.27246,264.63464,0.9960789,290.1839,265.0748,0.9969127,308.60422,303.59723,0.98987144,294.8038,303.78006,0.9906922,303.2129,341.0032,0.972843,295.43777,341.02792,0.9746518
0.0,0.0,0.16881606,0.0,0.0,0.12593055,0.0,0.0,0.084093735,123.503845,200.63011,0.72853166,136.50418,200.62144,0.5471247,117.45794,218.91962,0.9827247,146.68718,218.89265,0.9827467,106.95928,241.46367,0.88521546,154.10936,241.77977,0.8512345,102.47623,258.80573,0.67262846,154.31627,260.25684,0.6095284,123.408615,262.30334,0.99157286,141.91182,262.24075,0.9912397,121.16278,295.70746,0.97811985,138.46783,295.82007,0.97362965,123.80326,327.9625,0.95551395,136.171,327.49298,0.9486415
0.0,0.0,0.13946095,0.0,0.0,0.048738677,0.0,0.0,0.11891845,0.0,0.0,0.29095608,201.0835,194.5106,0.69992894,178.28633,211.31621,0.96165425,205.65245,211.98329,0.9803459,168.58682,234.60449,0.7626819,212.80392,236.9629,0.9050909,169.27946,253.8837,0.54767734,215.85551,257.45874,0.72562397,181.51549,257.84573,0.99046636,198.94078,257.9268,0.99351454,182.63474,292.3969,0.97964877,195.36052,292.26016,0.9854037,183.36871,325.7415,0.9632855,191.25003,326.725,0.9711006
0.0,0.0,0.34743443,0.0,0.0,0.120877676,0.0,0.0,0.34606645,0.0,0.0,0.38299766,85.80995,198.09967,0.8695302,63.539257,216.07515,0.9719124,89.1068,216.63174,0.9874418,56.378822,240.47624,0.71698105,93.5173,240.33072,0.90838534,0.0,0.0,0.4986169,93.248024,257.4193,0.72541404,66.302,261.25696,0.9886691,83.839516,261.55753,0.99245787,67.32079,294.72192,0.9811535,84.340004,294.74985,0.9866746,67.457855,326.66986,0.9698457,84.48516,327.91037,0.97620547
0.0,0.0,0.08214232,0.0,0.0,0.051724907,0.0,0.0,0.046824872,449.54462,185.02525,0.6193811,466.60428,184.95117,0.62000746,441.27924,205.18846,0.97835106,477.04425,204.68329,0.9839155,432.45325,233.52315,0.89461005,491.3638,232.67621,0.91968733,433.5864,256.50525,0.68183744,491.2674,254.56964,0.72289526,447.85263,264.59485,0.9931646,469.94806,264.52374,0.99417984,452.08673,310.12436,0.97898704,465.52002,310.3315,0.9800382,456.49362,353.9379,0.9359047,461.13535,353.96533,0.9377816
369.05838,201.20206,0.71705824,0.0,0.0,0.45461565,366.701,198.12308,0.6653048,0.0,0.0,0.42772004,362.6737,201.28195,0.7774008,361.2374,223.5698,0.9682444,361.6848,223.14073,0.9824827,358.44235,248.82635,0.7489747,363.37167,248.31224,0.8896009,358.6953,262.77682,0.6239873,362.23926,263.94104,0.7705226,360.32043,272.06406,0.9842115,361.067,272.1094,0.98858684,358.89557,308.3158,0.97782123,362.09778,308.3412,0.98316824,357.8992,342.12357,0.96680963,359.3262,342.6469,0.9727078
0.0,0.0,0.07428028,0.0,0.0,0.020193804,0.0,0.0,0.105004594,0.0,0.0,0.06081862,527.35077,203.38841,0.5397958,515.2086,213.19858,0.6376897,525.6226,213.97018,0.8859152,0.0,0.0,0.2655621,533.1985,226.69362,0.8398791,0.0,0.0,0.21922427,539.2033,231.61078,0.66927636,511.3822,249.71402,0.930239,517.8618,250.12686,0.9667087,509.08627,282.47046,0.9274536,512.78705,282.67273,0.9655794,505.88678,313.055,0.9098116,506.0372,314.1557,0.94663715
0.0,0.0,0.049544543,0.0,0.0,0.038042698,0.0,0.0,0.01928118,0.0,0.0,0.3283735,0.0,0.0,0.12847514,556.84705,214.77101,0.8310648,577.5236,215.77072,0.7663101,550.2269,240.13683,0.7264761,572.1866,242.72084,0.5475851,549.8617,255.73404,0.5642752,0.0,0.0,0.4121611,556.68616,264.00168,0.9694528,572.1538,263.92337,0.9614835,549.3509,297.81592,0.9700945,571.6063,297.7001,0.9580871,545.0387,331.973,0.9564055,571.56445,331.32275,0.9448827
0.0,0.0,0.34505248,0.0,0.0,0.26160085,0.0,0.0,0.23353791,0.0,0.0,0.3388871,0.0,0.0,0.2594084,262.98212,226.30467,0.8706378,262.7642,226.1199,0.8687829,263.99017,243.25185,0.6121715,262.89087,242.8502,0.60772455,264.5443,254.34726,0.506945,0.0,0.0,0.49871776,261.535,259.15656,0.9274585,261.8171,259.0092,0.9280069,259.3766,285.03714,0.9172221,259.7732,284.56052,0.915915,256.65497,309.54535,0.8768785,256.4998,309.18732,0.87636083
401.6934,214.17198,0.7640165,403.81198,211.85394,0.74872994,400.51428,211.89365,0.5726162,408.78723,213.08116,0.6646906,0.0,0.0,0.25324616,414.05887,226.1269,0.9596821,397.17334,226.41087,0.9333908,416.68066,241.27274,0.81931615,395.85226,240.85066,0.6207813,406.86862,243.62726,0.747489,400.4253,242.69412,0.5708124,410.04904,258.4573,0.9586674,398.86887,258.31418,0.9467102,410.43442,283.77728,0.9075509,400.05347,283.4889,0.87893385,411.10385,308.11813,0.8248029,403.1286,307.56763,0.7878021
