0.0,0.0,0.30745378,0.0,0.0,0.15530035,0.0,0.0,0.11459446,263.06827,167.28566,0.61430687,0.0,0.0,0.40610054,250.85928,192.84317,0.9780703,296.33728,193.58687,0.9647454,228.74661,230.53261,0.9525722,309.94757,232.61436,0.9103873,232.1928,258.0486,0.9047844,318.48303,261.51538,0.84747326,259.9329,264.59308,0.9941829,288.38837,264.5228,0.99264365,261.9684,320.33084,0.9902186,285.37292,318.63647,0.9881192,263.8122,374.30164,0.9692327,281.0603,372.5195,0.9659443
669.1559,153.30638,0.96771616,673.9179,148.84605,0.894132,663.11694,148.36812,0.94420755,680.82275,151.71828,0.61299163,655.36035,151.12947,0.81699103,688.656,184.67636,0.98472357,645.8013,179.43034,0.9934673,695.78754,217.08995,0.9079136,628.1528,212.13751,0.96984315,681.87604,185.24403,0.8467372,641.3347,201.09052,0.9343564,674.4756,268.584,0.9947602,648.3494,265.8589,0.9965042,669.3036,339.3905,0.99216664,662.13776,338.16364,0.99523866,643.33716,395.15918,0.9767106,650.83563,398.8901,0.98322475
554.69586,132.69215,0.97376865,558.71765,127.65076,0.83801943,547.709,127.709625,0.9684051,0.0,0.0,0.47194755,532.96674,133.18631,0.9304265,561.72015,175.81688,0.9834245,522.55066,177.09708,0.9977156,571.65765,235.9903,0.852324,506.901,235.89378,0.9898324,587.72675,275.06207,0.7810823,507.88428,294.0232,0.9678084,559.78345,274.77194,0.99363315,538.05396,277.75598,0.9977102,550.6786,345.4787,0.9866153,554.6969,353.49573,0.99534166,530.79395,415.7931,0.9552618,553.11847,430.98,0.9771936
0.0,0.0,0.24482882,0.0,0.0,0.11936694,0.0,0.0,0.21321794,759.153,202.05247,0.5970773,771.941,203.19228,0.83559495,747.61707,220.80736,0.9804443,779.4448,222.93497,0.990301,736.7911,243.97365,0.7701992,787.5789,248.44763,0.90696084,0.0,0.0,0.48478538,788.29767,269.15768,0.66905344,751.58923,267.8128,0.98731124,771.4119,268.79648,0.9910842,750.71643,302.08472,0.9668573,763.5352,303.04926,0.9741321,753.6176,334.12494,0.93540186,758.63617,335.78238,0.94491464
0.0,0.0,0.15670788,0.0,0.0,0.08638726,0.0,0.0,0.097179696,466.1232,189.10332,0.52610147,480.45258,187.72388,0.6394952,460.255,207.1918,0.97422916,489.44675,204.51524,0.9819588,457.85764,230.38962,0.8289594,498.63773,226.80801,0.8861956,459.20114,244.05067,0.5976843,495.66742,242.32445,0.679123,468.70895,250.99748,0.9898315,487.78806,249.89223,0.99185586,471.425,287.08566,0.9739941,486.39044,286.10587,0.97751063,475.56607,322.5306,0.9463251,486.4357,321.1873,0.9514278
0.0,0.0,0.10224225,0.0,0.0,0.063741095,0.0,0.0,0.074986234,0.0,0.0,0.45503128,0.0,0.0,0.48669952,153.59818,224.25006,0.9642434,173.3762,224.75568,0.9675019,147.33727,241.48564,0.74953336,177.58562,242.14711,0.79166496,0.0,0.0,0.4959104,176.33183,256.47525,0.53609854,154.9797,256.37875,0.98533,168.02222,256.47375,0.98626757,156.50287,281.78802,0.96403915,165.94383,281.8533,0.9663979,157.50409,305.52686,0.9394969,163.59811,305.59427,0.94272166
372.82834,184.13457,0.8769022,373.7479,181.00623,0.57793456,369.40878,180.51971,0.8973512,0.0,0.0,0.15913382,358.2508,181.75365,0.85912746,373.22006,203.63034,0.95917326,344.93488,201.83682,0.9913714,379.67236,228.35179,0.7751251,342.4383,228.09642,0.97773105,378.2024,226.62225,0.75416404,363.8873,226.16246,0.95211095,370.2571,259.28992,0.98971283,350.11203,259.5781,0.99559057,375.36978,302.822,0.9817732,346.68097,303.35513,0.9920431,376.2304,340.8407,0.9620632,340.2523,342.46664,0.9795345
0.0,0.0,0.177115,0.0,0.0,0.117443845,0.0,0.0,0.11489666,70.92483,214.59308,0.58971214,81.435196,214.71303,0.54093796,66.200714,227.58336,0.98204297,85.888176,227.80498,0.9815331,61.205807,243.95572,0.83197135,91.12857,244.2838,0.8260784,61.961967,257.45392,0.62108606,90.55605,257.76785,0.60626817,68.475136,258.64346,0.9920053,81.479034,258.78815,0.9919891,68.571655,282.92654,0.9825486,82.14752,282.8953,0.982454,69.20719,305.44983,0.9689696,82.38778,305.5818,0.96908027
0.0,0.0,0.14945759,0.0,0.0,0.063801385,0.0,0.0,0.16298223,0.0,0.0,0.36352926,132.26186,215.96869,0.7724651,114.93669,227.11848,0.98179215,135.77348,227.98206,0.9895018,108.69496,242.90974,0.7869347,141.86177,243.75359,0.9328861,111.61119,255.7571,0.5494662,143.59767,256.8438,0.7701166,116.9202,256.8598,0.9911775,130.18704,257.24127,0.99343127,118.62341,280.57156,0.9727294,130.16762,280.5186,0.9812298,116.509094,302.2509,0.9496711,126.80517,302.94897,0.96241266
431.50574,208.57715,0.90019566,434.2536,205.89775,0.8537662,428.71133,205.9962,0.80406266,438.63687,207.98134,0.69166845,424.16653,208.13132,0.54484046,444.7698,223.81113,0.9825816,418.6834,224.7218,0.97905236,450.36703,241.12065,0.8999058,414.17432,243.6697,0.8310154,444.0594,243.76042,0.84242475,421.22882,245.9587,0.7596775,441.50153,266.33554,0.9801682,424.98514,266.74045,0.9772982,439.77692,300.65543,0.9527033,427.19632,300.7936,0.9407805,437.51328,333.6694,0.89767367,431.01575,333.3492,0.88163215
0.0,0.0,0.1385463,0.0,0.0,0.05270632,0.0,0.0,0.12807368,0.0,0.0,0.1806508,828.9555,206.86806,0.54639256,811.29376,221.87003,0.8249354,829.81464,223.14484,0.89080685,0.0,0.0,0.36093393,830.165,244.09154,0.59776103,0.0,0.0,0.22781877,0.0,0.0,0.3702105,813.34314,262.92844,0.9327243,826.31586,263.594,0.9493683,809.6929,295.52484,0.91748023,825.9738,295.9021,0.9362949,810.3029,327.12064,0.91003746,826.9846,328.5336,0.9255831
0.0,0.0,0.15812121,0.0,0.0,0.10493843,0.0,0.0,0.13817441,0.0,0.0,0.15552269,0.0,0.0,0.23271297,0.0,0.0,0.42229414,0.0,0.0,0.4725015,0.0,0.0,0.19457726,0.0,0.0,0.24510913,0.0,0.0,0.18077286,0.0,0.0,0.20674355,846.84143,263.327,0.5129647,847.62396,263.78717,0.5447365,843.9958,295.64938,0.57058996,846.52136,295.87415,0.59118074,845.86426,325.9197,0.6204616,848.844,326.5044,0.63510716
387.583,204.07576,0.7858107,389.93405,201.86946,0.7066533,385.53717,201.35477,0.7503253,0.0,0.0,0.44727638,381.3065,202.68738,0.5607054,396.8281,218.20667,0.95976347,375.63788,216.80383,0.9607863,402.12964,233.32649,0.75592315,374.05524,231.7711,0.79344887,398.82843,237.25204,0.6893681,385.09033,235.36658,0.72362936,392.57477,252.29,0.96728545,378.86652,251.88815,0.96846056,393.49588,279.59427,0.9145676,381.48376,279.2383,0.91894704,390.83698,304.85138,0.8407079,382.46014,304.88147,0.84757406
