755.3724,89.150955,0.98691213,759.1715,81.687126,0.8843231,746.2497,80.1921,0.98453736,0.0,0.0,0.25972322,717.44275,85.467064,0.94554365,756.75433,139.22441,0.97929573,690.44775,136.51501,0.9960503,774.0717,205.74263,0.90667856,700.23975,209.55257,0.9881982,786.83813,185.99002,0.8844303,752.6545,200.36449,0.9765593,761.58167,271.88623,0.9891005,708.1555,274.09708,0.9944931,792.2306,383.5002,0.93114823,698.9349,385.47,0.9645503,807.5764,469.4076,0.60750985,680.1915,468.5587,0.7010966
0.0,0.0,0.1570083,0.0,0.0,0.14418745,0.0,0.0,0.031530365,355.03168,110.24961,0.85083216,0.0,0.0,0.2668847,341.16284,154.36157,0.9826978,409.63815,151.2279,0.88878953,325.007,211.90407,0.95381445,407.89783,212.06372,0.5773543,344.02777,218.78198,0.8549775,0.0,0.0,0.44147232,353.33594,271.5036,0.9885798,397.84244,269.377,0.9702158,359.63007,385.6925,0.95876914,384.08258,379.46173,0.9002965,377.51263,465.67136,0.74501956,379.80084,455.1093,0.61980367
0.0,0.0,0.09879477,0.0,0.0,0.06063888,0.0,0.0,0.05853487,192.10188,201.10155,0.6061113,205.62074,201.53041,0.567303,183.24286,217.59953,0.9816009,211.28078,218.92365,0.984117,169.99214,237.86115,0.91890025,220.42078,241.1172,0.91175395,167.43527,254.85023,0.76643217,221.08725,259.8825,0.7383719,188.1145,259.73672,0.9947431,205.86467,260.53284,0.9948664,187.93176,290.44113,0.9870341,204.00838,291.3345,0.9849823,188.64966,318.9362,0.97131336,201.47604,320.1553,0.9676385
608.0291,172.80957,0.97584254,612.4008,169.28139,0.88965964,602.9839,168.44778,0.9615263,613.98346,174.96738,0.57741094,590.99023,172.65724,0.902751,614.016,208.55904,0.98980206,575.7668,204.56657,0.9967937,619.0173,247.92236,0.93031657,564.7011,244.24487,0.9838541,624.72595,238.73897,0.8953278,586.5407,243.32262,0.9649608,602.97815,280.85568,0.99364847,580.09045,280.28928,0.9961392,594.43335,339.1746,0.98359585,591.08655,338.95563,0.99052495,585.41833,388.4141,0.9380349,598.07965,389.6233,0.95650935
0.0,0.0,0.2159546,0.0,0.0,0.104750566,0.0,0.0,0.17121765,0.0,0.0,0.3399636,97.604294,221.10959,0.60611445,83.392715,231.1259,0.9409692,99.67563,232.14766,0.96034205,77.843124,243.69795,0.69850326,101.43109,246.5445,0.82841283,77.77785,254.32796,0.51465493,100.33219,258.454,0.6492266,83.137245,257.02048,0.9728021,94.04793,257.3235,0.9786639,81.97523,275.9058,0.9528072,91.46934,276.18478,0.9617679,80.767334,293.34003,0.9298821,89.68584,294.20786,0.93957394
0.0,0.0,0.14075387,0.0,0.0,0.085430264,0.0,0.0,0.08187313,0.0,0.0,0.43445882,0.0,0.0,0.44410694,288.07944,224.38948,0.94464815,310.40967,224.7211,0.9322758,283.70102,240.15668,0.75534713,312.18686,242.09561,0.69380516,285.31287,251.15967,0.5410706,0.0,0.0,0.48615363,291.25705,255.90147,0.9763832,306.0465,255.9366,0.97425157,293.9004,279.61362,0.96432173,304.538,279.6711,0.9598138,295.14035,302.13498,0.9434047,302.81027,302.23532,0.9380732
0.0,0.0,0.0876212,0.0,0.0,0.05808671,0.0,0.0,0.08713532,0.0,0.0,0.066199735,0.0,0.0,0.1405823,0.0,0.0,0.15251587,0.0,0.0,0.2817491,0.0,0.0,0.11220062,0.0,0.0,0.29583886,0.0,0.0,0.13650256,0.0,0.0,0.27421445,0.0,0.0,0.23687035,0.0,0.0,0.33161262,0.0,0.0,0.28932247,0.0,0.0,0.3900089,0.0,0.0,0.35322106,0.0,0.0,0.43865567
0.0,0.0,0.12791833,0.0,0.0,0.086923786,0.0,0.0,0.07772554,142.01508,220.41794,0.5388932,0.0,0.0,0.4331625,138.63228,229.95938,0.9706141,155.5354,229.87608,0.9684927,135.24576,242.10936,0.7906563,161.46025,241.76717,0.7715938,135.23477,250.92049,0.5658015,161.90714,250.53204,0.5352732,141.68083,253.5646,0.98550564,152.99712,253.49835,0.98518467,142.51077,273.09048,0.97218704,152.71153,272.75754,0.9715711,143.9201,291.87903,0.95937586,152.91922,291.60895,0.9589282
483.1144,213.15207,0.8881042,485.61917,211.16466,0.8285908,481.86966,210.9797,0.80341446,490.33557,212.9028,0.64300597,479.87943,212.5141,0.5595992,493.04843,225.42445,0.97126746,476.61142,224.65872,0.97743165,489.33823,239.60165,0.86688733,469.73154,237.05109,0.8827276,479.26074,236.2491,0.8197131,473.58035,233.80013,0.83185923,489.57483,256.44287,0.9691205,478.5729,255.9868,0.97255164,489.23767,281.94537,0.9440691,476.68393,281.31348,0.94432455,489.49838,306.11624,0.90944767,475.63037,304.7982,0.90932417
0.0,0.0,0.12574482,0.0,0.0,0.08925924,0.0,0.0,0.09064677,0.0,0.0,0.4385607,0.0,0.0,0.43378186,114.33912,232.75018,0.94164205,127.42439,232.1468,0.94431746,110.25884,244.65062,0.6888349,131.6525,243.9138,0.7131673,0.0,0.0,0.45746794,0.0,0.0,0.47545588,116.71035,255.08075,0.96713626,125.55225,254.84016,0.96865684,116.97036,273.14456,0.9432436,125.07404,272.8764,0.94549155,116.99936,289.6625,0.92482984,124.321815,289.2517,0.9276148
0.0,0.0,0.103379756,0.0,0.0,0.07525941,0.0,0.0,0.053116754,0.0,0.0,0.41906053,0.0,0.0,0.29982474,228.29146,231.2656,0.9152698,245.96303,229.7508,0.88796276,226.28659,244.92857,0.755908,251.12512,242.94104,0.6647391,225.76123,255.76514,0.56029963,0.0,0.0,0.4855936,232.35027,256.61462,0.960971,244.18646,255.8092,0.95565546,232.66469,276.42575,0.92985964,243.059,275.79047,0.9182777,234.40141,294.525,0.89489007,244.24908,293.272,0.8826856
0.0,0.0,0.23956013,0.0,0.0,0.13646737,0.0,0.0,0.11596686,0.0,0.0,0.30914745,0.0,0.0,0.26713988,658.58185,201.78055,0.85347754,672.01294,203.00024,0.8666066,646.2281,240.95523,0.6033047,655.7772,241.19417,0.6334464,0.0,0.0,0.45565334,0.0,0.0,0.47488478,663.75775,279.77023,0.94810295,674.79047,280.07086,0.95118564,659.4949,336.5792,0.9231671,680.16614,336.5389,0.92375803,646.59924,382.65424,0.81509846,669.8369,381.88647,0.82196057
0.0,0.0,0.15097415,0.0,0.0,0.09148729,0.0,0.0,0.1399895,0.0,0.0,0.13099097,0.0,0.0,0.2725264,846.08936,225.30856,0.5095747,847.8221,226.0421,0.6823368,0.0,0.0,0.25799918,846.06793,240.08105,0.5095629,0.0,0.0,0.23891175,0.0,0.0,0.40851846,848.2859,257.89072,0.69156826,849.79834,258.5082,0.77468073,849.11414,289.391,0.6415135,850.38214,289.7523,0.7262466,849.0872,318.32898,0.63716805,848.7707,318.96268,0.70453596
0.0,0.0,0.09962032,0.0,0.0,0.06004297,0.0,0.0,0.09370445,0.0,0.0,0.28423804,0.0,0.0,0.47041032,813.79333,221.63986,0.89436626,830.4745,221.57872,0.9175048,808.70197,236.3212,0.5803978,834.0968,235.8055,0.71286726,0.0,0.0,0.38511142,0.0,0.0,0.49451265,817.1677,251.05725,0.9571237,828.03876,251.08481,0.963148,817.3005,275.58795,0.92224693,828.90985,275.49393,0.9338246,817.8971,298.39624,0.87365514,828.69006,298.5691,0.8879807
