0.0,0.0,0.17829588,0.0,0.0,0.18928352,0.0,0.0,0.028075933,393.49033,86.39849,0.9038573,0.0,0.0,0.266249,379.9868,134.0789,0.9865588,459.2364,132.60645,0.91312635,359.39746,212.46051,0.95094764,467.91232,208.86176,0.5567102,354.60144,269.06534,0.8210391,0.0,0.0,0.39343446,391.54062,260.2457,0.9855784,448.1158,259.6226,0.96361357,380.58392,386.06464,0.9390166,450.38562,389.12564,0.8647443,384.2554,478.4562,0.59967184,0.0,0.0,0.4672014
0.0,0.0,0.17808373,0.0,0.0,0.09168988,0.0,0.0,0.10446472,199.80025,198.2477,0.55258834,213.76717,198.11925,0.64707655,192.76837,215.42322,0.9786058,222.35231,215.27151,0.98260385,185.24483,238.814,0.84825456,231.77812,240.3959,0.8769136,181.37976,259.2697,0.6259287,232.71136,261.25702,0.6634222,198.3469,259.5977,0.9903234,218.12782,259.3803,0.9917726,198.38553,292.9156,0.97239935,221.64107,292.67923,0.9749585,199.78073,323.9049,0.9426877,223.25237,323.89395,0.94691306
565.17847,182.20535,0.8699744,0.0,0.0,0.46027705,560.92847,178.40913,0.9214634,0.0,0.0,0.075486876,547.9626,181.64592,0.9178928,565.08685,206.93875,0.9497227,533.8402,205.00877,0.99542975,569.7607,233.35953,0.6943867,529.7037,230.32082,0.991924,564.6523,219.85013,0.6969108,553.7326,209.792,0.9785609,562.66364,272.89127,0.9940375,538.52655,273.21234,0.9984517,567.994,324.70486,0.9903576,525.1409,325.5509,0.9974619,571.7387,372.0722,0.9766589,510.63995,374.58588,0.9913161
640.47253,119.1307,0.9650967,645.30176,114.24114,0.772558,633.7451,113.29326,0.96118903,0.0,0.0,0.28912783,615.4457,117.44966,0.9165475,646.5898,161.18916,0.9703847,593.97943,164.06583,0.9967781,662.2124,214.62231,0.827224,596.005,225.61974,0.988691,656.2041,203.0035,0.78694093,642.4989,206.00665,0.97045285,637.7264,268.7615,0.9892936,609.4689,272.62924,0.9961157,617.2623,355.9593,0.9853484,640.0196,364.2031,0.9948815,588.88354,435.70383,0.9493585,662.9012,447.48663,0.9734138
0.0,0.0,0.08010384,0.0,0.0,0.044915337,0.0,0.0,0.048212696,0.0,0.0,0.35374212,0.0,0.0,0.41009107,733.15497,213.46582,0.92186606,762.61896,213.6046,0.91411257,725.3422,240.03258,0.7534539,769.8191,239.91766,0.7216241,727.28326,258.3266,0.5381582,767.91876,256.11804,0.5059013,736.1622,262.969,0.98168254,755.32074,262.8937,0.9805861,736.74475,300.7331,0.9787581,751.29443,300.8049,0.97610635,733.9182,338.2544,0.9670864,744.8506,338.82724,0.96413237
0.0,0.0,0.20635012,0.0,0.0,0.11036598,0.0,0.0,0.22120643,0.0,0.0,0.09449333,0.0,0.0,0.33578908,0.0,0.0,0.44770083,842.7892,225.11182,0.75738966,0.0,0.0,0.18917266,832.6119,240.01898,0.64497536,0.0,0.0,0.2014065,830.1786,249.29184,0.5364189,847.97675,260.67505,0.67971396,845.18146,260.87344,0.82235837,846.0893,292.45105,0.65602154,844.0592,292.34933,0.7977602,847.2027,323.94534,0.68263954,845.0936,324.1315,0.78866154
0.0,0.0,0.20842165,0.0,0.0,0.14983246,0.0,0.0,0.123133466,82.47549,220.81728,0.627508,0.0,0.0,0.48369777,78.45636,230.91812,0.9818417,94.836426,230.85649,0.97925365,73.41622,244.05836,0.8498818,99.973015,243.89742,0.811397,72.65742,255.91757,0.6675639,99.900276,255.68932,0.6096796,80.89855,255.05186,0.9906384,91.32107,255.08638,0.9900017,81.50028,274.16608,0.9800096,90.11976,273.9335,0.9784041,82.46918,292.39215,0.96803766,89.99925,292.2733,0.9663371
0.0,0.0,0.21678226,0.0,0.0,0.24691775,0.0,0.0,0.069084264,778.7638,207.58794,0.6499659,0.0,0.0,0.12594049,782.9194,218.6024,0.92802805,795.41815,216.31148,0.8368662,781.44775,231.92119,0.82695633,0.0,0.0,0.47083133,780.05206,238.62146,0.68992984,0.0,0.0,0.3897071,791.92,251.79788,0.9682977,799.9118,250.16573,0.9520515,786.41394,280.9049,0.9579862,793.40674,279.41666,0.9273249,792.4865,310.15173,0.9401437,795.697,306.92166,0.91027874
0.0,0.0,0.105552144,0.0,0.0,0.08116836,0.0,0.0,0.0653134,311.23877,212.1036,0.55088043,0.0,0.0,0.42162886,308.08707,223.8496,0.9671527,327.83185,223.36615,0.9633656,303.4054,239.442,0.81957835,333.9269,238.5409,0.7784039,302.31976,249.39937,0.6057601,333.17975,248.67796,0.55227196,312.27924,255.93187,0.98574024,326.70874,255.61493,0.9851576,310.37445,281.23285,0.96308136,329.54166,280.94315,0.9607899,312.18698,304.30472,0.9179457,333.24686,303.55664,0.9144109
495.29047,213.20264,0.6984196,497.19406,210.92068,0.69523185,0.0,0.0,0.42630923,503.0848,211.46204,0.68282914,0.0,0.0,0.1640486,509.01138,223.37877,0.97135776,494.628,223.71216,0.94718635,510.52484,238.34482,0.8950157,491.0001,237.9156,0.6911866,499.89734,241.447,0.8450624,491.6105,240.63164,0.6549743,506.40292,255.8782,0.98462695,497.15378,255.723,0.9788942,504.5371,282.0034,0.96652395,496.84296,281.71957,0.95078516,504.5514,305.84326,0.9277737,499.41525,304.92294,0.90357125
0.0,0.0,0.14767812,0.0,0.0,0.11083263,0.0,0.0,0.08839518,0.0,0.0,0.4862695,0.0,0.0,0.36791828,114.60196,229.97446,0.954055,130.27957,229.87344,0.94997287,109.9102,241.76294,0.75424665,134.71759,242.21187,0.7006733,109.468094,251.67166,0.5628371,0.0,0.0,0.49860427,115.93627,253.40399,0.9813787,125.957306,253.33582,0.9807082,115.92658,271.53384,0.97052145,124.20223,271.49442,0.968578,116.64095,289.44513,0.9601366,123.424904,289.4641,0.9585677
0.0,0.0,0.14690432,0.0,0.0,0.08589583,0.0,0.0,0.11358353,0.0,0.0,0.45313004,152.53635,219.59474,0.5448048,139.67429,228.95688,0.9750137,156.44618,229.39235,0.9778992,134.3965,241.88379,0.8085821,161.79861,242.19334,0.85829324,134.47606,252.0359,0.60164183,162.14903,252.30614,0.66113156,141.45923,253.94707,0.98899347,151.87428,254.07684,0.98973596,142.69862,274.211,0.97488904,151.22986,274.08994,0.97735244,142.40749,292.94022,0.9577588,149.68385,293.18408,0.9612157
0.0,0.0,0.13418527,0.0,0.0,0.04683031,0.0,0.0,0.14041407,0.0,0.0,0.2018092,264.71832,221.60283,0.65395033,247.71558,230.20302,0.9045224,264.77057,231.63953,0.964594,239.78801,245.49115,0.6019749,267.3289,245.35907,0.89717346,0.0,0.0,0.44411924,267.63312,254.95203,0.74110556,247.66304,257.78162,0.9698344,259.09885,258.60648,0.9824928,247.97781,278.69547,0.94242746,260.73434,279.2601,0.9650719,245.20816,297.12344,0.91299844,257.9772,298.60995,0.93883586
