106.622475,164.20308,0.624626,0.0,0.0,0.16879061,105.364456,158.69846,0.6304791,0.0,0.0,0.29413617,97.91393,160.57768,0.90646327,62.112453,192.9315,0.9521161,101.089516,196.42763,0.9932052,41.739086,241.86433,0.7452746,122.06658,243.91632,0.9778566,44.91006,276.06006,0.6434697,132.36252,276.32474,0.9317646,71.11099,286.0077,0.98497206,99.31359,287.8789,0.9944588,68.23661,346.30484,0.9788278,117.52188,346.49884,0.99230194,59.034515,402.95294,0.95135015,125.93468,405.42596,0.97413933
0.0,0.0,0.08667679,0.0,0.0,0.039350543,0.0,0.0,0.05748,248.82175,202.93353,0.65944576,267.1546,203.18663,0.7914353,235.08873,224.55443,0.9892489,275.6215,225.0007,0.9932046,221.15735,253.58592,0.9285351,290.17517,252.17639,0.95263904,222.77695,273.4803,0.7520701,292.3478,268.58478,0.7881156,243.47311,284.4953,0.99692243,270.74765,285.3014,0.9975012,244.2325,327.7834,0.98919743,278.2641,328.52344,0.9896541,245.79756,370.96335,0.96632004,283.15854,372.25308,0.96705097
0.0,0.0,0.07320033,0.0,0.0,0.038175404,0.0,0.0,0.043069903,530.60284,192.65051,0.5694099,550.27795,192.73972,0.6746397,519.13654,215.81337,0.98034006,558.41394,214.74725,0.9853956,509.47324,247.39098,0.8787587,568.125,240.46678,0.9056776,510.59048,265.3854,0.64747775,559.6588,248.75873,0.68159056,524.9043,270.99606,0.994835,551.3588,270.87314,0.99565804,521.82184,312.56168,0.9871437,549.39636,312.9789,0.9876846,518.22046,353.92612,0.9679569,546.07324,355.03586,0.9688469
0.0,0.0,0.12336663,0.0,0.0,0.07186661,0.0,0.0,0.07291955,0.0,0.0,0.43327805,0.0,0.0,0.48864627,669.19226,215.35123,0.9537576,694.6522,213.80754,0.96244,665.6619,236.42633,0.7869134,701.7288,233.60672,0.83013433,667.63446,252.66965,0.567738,700.6933,248.42021,0.6193559,676.3143,254.3406,0.98424315,692.9343,253.79582,0.9866085,679.2048,287.29,0.96678025,691.7593,286.83386,0.9699691,683.72076,319.50552,0.9392135,692.9168,318.863,0.94335544
0.0,0.0,0.06425216,0.0,0.0,0.030099113,0.0,0.0,0.05584969,0.0,0.0,0.350511,338.61475,196.74846,0.6596424,311.552,221.97807,0.91827685,347.0484,221.5746,0.948349,301.3094,250.90591,0.5996181,357.28168,252.36253,0.7692212,0.0,0.0,0.32464597,0.0,0.0,0.46642572,323.39737,276.76944,0.97282964,345.5007,277.05765,0.9789331,333.25397,316.67685,0.9651473,343.46085,316.81973,0.9713637,339.0592,362.85294,0.9442749,338.40826,363.00943,0.9509296
0.0,0.0,0.14975886,0.0,0.0,0.14170785,0.0,0.0,0.060901925,643.1138,213.68047,0.6476799,0.0,0.0,0.29727736,639.5889,229.89133,0.9520135,662.46344,229.36975,0.91665834,633.98627,249.0431,0.8369983,669.72064,250.08495,0.63675123,631.9508,262.84723,0.64278424,0.0,0.0,0.44977587,643.37244,269.00604,0.9808626,657.8449,268.67276,0.97398245,643.0412,299.75058,0.97683287,653.45325,299.85492,0.96515167,646.7575,330.5022,0.96770066,652.84186,329.78134,0.9561681
0.0,0.0,0.12853934,0.0,0.0,0.06628724,0.0,0.0,0.083425805,0.0,0.0,0.33089206,0.0,0.0,0.4601421,148.3756,221.29118,0.926552,172.56924,221.44295,0.93297064,139.7647,244.57724,0.6609631,172.85675,244.6486,0.68064314,0.0,0.0,0.43307337,0.0,0.0,0.44255888,151.82576,265.62918,0.9760335,168.08861,265.82248,0.97724426,150.88864,300.16977,0.9614746,167.12216,300.43546,0.96117115,150.71066,334.2255,0.94403267,164.84677,335.00537,0.94398093
58.724007,174.58891,0.68683,0.0,0.0,0.43417066,55.09978,170.65497,0.7100109,0.0,0.0,0.19264631,47.716557,172.69995,0.6651601,61.669327,198.7641,0.7767296,41.872528,198.48828,0.92580163,0.0,0.0,0.24507676,34.16169,232.66974,0.709091,0.0,0.0,0.21655898,32.47734,264.09625,0.5461733,60.176846,266.15292,0.8678062,47.117966,266.2519,0.9302499,59.6085,320.84973,0.82804203,46.767944,320.83218,0.90444696,60.472507,376.00513,0.8062584,44.50509,376.35574,0.87390083
466.9673,210.07947,0.70073694,468.78812,207.94955,0.6154282,465.54715,207.94003,0.5220434,472.31448,209.80965,0.54175127,0.0,0.0,0.35523257,477.75882,222.93463,0.9518437,458.67538,222.98795,0.93246067,481.03683,237.53716,0.80764604,454.23212,237.49348,0.6829088,470.13443,238.15875,0.7237744,458.80017,238.3857,0.61031705,473.07132,257.35294,0.96085674,460.5639,257.26572,0.9539242,471.35522,286.25345,0.93052155,458.66663,286.444,0.91197085,469.90588,313.07974,0.8844837,458.1001,313.02982,0.86204666
437.93082,217.40047,0.5359274,0.0,0.0,0.422577,0.0,0.0,0.39944375,0.0,0.0,0.45470002,0.0,0.0,0.41812423,439.5708,229.56337,0.89634174,437.46228,229.70221,0.89816684,439.2886,248.38234,0.6566752,437.61322,248.18958,0.6462994,437.5662,262.01532,0.5492169,435.84744,262.40384,0.53166974,441.4075,265.53116,0.91808885,440.24762,265.9352,0.9180732,442.59302,294.9522,0.896858,441.5337,295.16867,0.8913499,447.37848,321.9771,0.8780639,444.76437,321.76416,0.87351006
202.69565,201.37715,0.5770334,0.0,0.0,0.4636742,0.0,0.0,0.406124,0.0,0.0,0.429436,0.0,0.0,0.31495044,206.89694,217.25862,0.9341791,188.08278,217.46773,0.8939023,206.01418,238.5382,0.76052403,182.26514,240.02132,0.5525783,201.07962,249.94363,0.658706,0.0,0.0,0.4730652,199.51167,259.92682,0.96591204,187.52774,260.05157,0.9535562,196.23795,294.68185,0.9585358,186.92622,295.11636,0.93990123,190.38422,327.9754,0.93338,184.76796,328.55716,0.9130717
