818.47766,171.4735,0.9737065,822.91986,168.2072,0.88720816,813.37836,166.84303,0.9699024,0.0,0.0,0.4905092,800.45746,169.31844,0.90333915,831.79004,200.63345,0.97335434,781.9601,198.94757,0.9939553,846.14307,223.95178,0.81581795,768.7918,233.16118,0.97311234,845.0217,213.90486,0.7463956,758.0536,267.35696,0.9332782,817.995,272.99777,0.9858143,785.0039,271.7369,0.9934116,824.58185,328.5749,0.9692914,782.7336,323.3864,0.9860042,832.2798,379.84787,0.9257583,787.17957,378.3121,0.95510435
76.4703,178.66293,0.9400424,80.3699,174.32901,0.90713567,72.65806,175.03151,0.88457835,88.35216,177.18277,0.69792134,68.456184,178.96976,0.5664996,99.971985,202.4768,0.98454267,65.13968,206.04457,0.9873838,109.20627,232.73737,0.92666644,60.645473,240.46648,0.9304922,103.95185,256.09744,0.8884658,60.596962,268.23972,0.8878169,96.344635,268.12927,0.9912465,72.66354,269.29074,0.9921135,98.90208,315.94742,0.98389083,65.44434,316.60843,0.98327464,102.12518,358.68,0.9619578,61.884422,358.91403,0.9603767
0.0,0.0,0.09472559,0.0,0.0,0.04297037,0.0,0.0,0.07299682,0.0,0.0,0.3530489,434.86972,197.39252,0.59855497,410.19464,214.06886,0.9557928,438.6317,214.48215,0.9730761,402.1379,240.90767,0.8136845,445.1255,237.00456,0.8990724,401.35544,264.2102,0.61356497,443.5727,252.42787,0.71928734,413.33896,262.9224,0.9904632,431.12106,263.54605,0.99247897,419.22086,300.0668,0.9823992,427.57678,300.82578,0.9848007,422.94888,335.89713,0.9612157,423.70425,337.5568,0.9646189
248.02974,191.26483,0.8747622,251.68225,187.48177,0.77763134,244.59497,186.67134,0.7804525,256.67386,188.0334,0.50852597,236.7222,185.65652,0.5177634,263.3001,207.67848,0.98330563,223.47018,204.85701,0.9881229,269.2229,236.29773,0.94260705,214.2444,232.91519,0.94829875,255.0622,235.36893,0.9217011,230.82019,235.3827,0.9197297,254.69958,269.397,0.9954124,228.89699,268.39258,0.99598664,254.66061,318.74945,0.99073493,230.8876,317.5529,0.9905551,251.86806,365.76822,0.971962,235.37866,364.01648,0.9718223
124.79652,156.53442,0.96869195,130.30788,152.15433,0.9478333,120.242424,151.97743,0.8576421,141.73119,153.68237,0.8753621,116.861084,154.06764,0.5000766,156.43074,183.80786,0.9970323,111.9126,184.15678,0.9847874,167.13828,216.10582,0.98960924,97.68549,226.2945,0.91516936,138.63815,194.42162,0.97489923,92.74039,237.8176,0.88950354,150.80171,265.5873,0.99671483,123.48091,263.88412,0.9927597,140.64568,330.8292,0.9915404,131.37358,325.9429,0.9823026,143.5517,388.41492,0.95772326,145.48961,382.24127,0.93522197
0.0,0.0,0.07789446,0.0,0.0,0.034743965,0.0,0.0,0.065642305,0.0,0.0,0.37863666,508.2403,221.28523,0.65975434,486.56717,235.06497,0.95918787,513.9649,235.80742,0.9757386,478.61398,253.44781,0.8018012,522.9216,254.90192,0.9046899,480.9939,266.4551,0.58194894,526.29205,268.0052,0.7190193,491.15796,273.30612,0.9910132,509.21872,273.69785,0.9931886,490.6985,301.26993,0.9831014,507.34583,301.49854,0.98607695,492.06024,327.26096,0.97026235,507.54947,327.95987,0.97374344
0.0,0.0,0.20422895,0.0,0.0,0.1884174,0.0,0.0,0.08179153,661.2746,201.95404,0.7811374,0.0,0.0,0.42666054,656.2906,220.2356,0.97742176,683.5302,218.98752,0.9660633,649.9527,244.77684,0.86761653,689.5358,241.4588,0.71098924,650.3953,259.0252,0.64481205,0.0,0.0,0.45551375,662.4453,264.81503,0.98450494,680.19446,264.60822,0.97981775,665.38556,302.00046,0.9663553,680.6947,302.25568,0.94984615,670.72955,337.87384,0.93307465,681.8144,336.89792,0.9101015
0.0,0.0,0.07998361,0.0,0.0,0.068166114,0.0,0.0,0.03539342,0.0,0.0,0.48476422,0.0,0.0,0.23114534,538.89294,232.43994,0.91251785,557.285,230.27672,0.87875706,535.66925,253.06442,0.768765,568.21344,249.18846,0.6340185,534.6991,267.14923,0.56998795,0.0,0.0,0.45164126,547.2822,269.76794,0.97514594,558.7088,268.8656,0.9698327,549.96027,298.28683,0.9699056,557.09247,297.4938,0.96069884,552.54425,327.16718,0.95620143,554.397,324.81323,0.94627
740.77594,213.77858,0.69556403,742.99115,211.05243,0.6169433,738.3799,211.1926,0.59937537,0.0,0.0,0.4306135,0.0,0.0,0.37869093,753.1291,226.59212,0.9621533,729.83685,227.2374,0.95883757,760.5611,246.94849,0.83580846,723.6634,247.65651,0.8265047,759.9379,267.52557,0.7518268,724.06116,268.16095,0.73972714,749.18445,267.04083,0.975706,735.7849,267.27246,0.975065,748.1059,297.62094,0.896011,737.63916,297.58206,0.8933007,746.6439,321.91135,0.74693745,739.77216,321.91513,0.7425369
0.0,0.0,0.15751831,0.0,0.0,0.112691045,0.0,0.0,0.12360365,0.0,0.0,0.40935358,0.0,0.0,0.4276309,693.3551,226.84216,0.9231631,709.007,226.83035,0.9263831,690.235,239.8539,0.6303459,713.49554,239.39836,0.6665516,0.0,0.0,0.4214179,0.0,0.0,0.44785285,696.9585,251.86946,0.95020056,707.25165,251.80133,0.9527764,699.0162,272.4161,0.90675217,706.93915,272.21313,0.9115909,701.2011,291.04837,0.8785444,707.0367,290.82794,0.88350576
740.99854,213.83313,0.80069983,742.84064,210.93246,0.7270451,738.542,211.06862,0.6493003,746.4789,211.75468,0.57147264,0.0,0.0,0.39254072,754.3363,227.61661,0.9656853,729.7531,228.1952,0.95441335,760.5628,249.36227,0.8537425,724.89026,249.7859,0.7525924,758.044,266.89258,0.7715989,720.6277,266.30896,0.67007893,754.2808,273.17758,0.9738928,739.19293,273.70947,0.969814,754.9924,310.88492,0.946599,742.43536,311.40625,0.9324994,756.683,346.97913,0.896707,747.8386,347.17535,0.8765872
0.0,0.0,0.2235065,0.0,0.0,0.16811895,0.0,0.0,0.1144747,0.0,0.0,0.44426197,0.0,0.0,0.2959476,174.56871,217.16792,0.8895869,187.01416,216.5965,0.8745533,171.53845,238.01013,0.66766196,192.8106,238.92828,0.6094102,0.0,0.0,0.4877404,0.0,0.0,0.443294,177.77983,259.66995,0.9050917,185.35513,259.25888,0.90078956,175.29288,295.15845,0.80114305,180.37062,294.88486,0.78552336,186.37881,330.2283,0.65459496,185.09544,329.00504,0.63867587
0.0,0.0,0.15727107,0.0,0.0,0.13880138,0.0,0.0,0.08587206,0.0,0.0,0.18620484,0.0,0.0,0.08705538,0.0,0.0,0.36596337,0.0,0.0,0.24859041,0.0,0.0,0.33642337,0.0,0.0,0.16465528,0.0,0.0,0.29995954,0.0,0.0,0.17037031,0.0,0.0,0.3485864,0.0,0.0,0.28987506,0.0,0.0,0.3105965,0.0,0.0,0.25110695,0.0,0.0,0.22091097,0.0,0.0,0.18797547
