0.0,0.0,0.4114942,0.0,0.0,0.12361267,0.0,0.0,0.36634055,0.0,0.0,0.40104818,109.97139,184.39026,0.89671105,79.62726,205.51535,0.98475873,114.17876,207.86316,0.99316275,66.923294,234.52754,0.82063997,121.73315,239.62277,0.9436085,66.56387,254.87288,0.6282887,119.29898,260.71292,0.8060464,80.99912,267.11472,0.99222386,103.76218,267.65103,0.99507564,78.73799,308.83997,0.97829,100.13736,308.83286,0.9856209,81.581535,349.06216,0.9457456,100.27192,351.1455,0.9599028
0.0,0.0,0.21553065,0.0,0.0,0.06809292,0.0,0.0,0.19040912,0.0,0.0,0.47475567,181.59106,185.50194,0.88785756,151.54298,207.44911,0.98743093,188.11401,208.79391,0.9950771,141.71713,235.77803,0.88960284,196.78766,241.53662,0.9699469,149.52142,257.0166,0.7040734,200.51367,267.7876,0.8623117,158.5953,267.83554,0.9946339,183.17262,268.3857,0.9968104,159.20691,310.50555,0.97772616,183.19266,310.49347,0.9854741,162.1133,348.60437,0.9312657,186.07796,349.84244,0.94917905
0.0,0.0,0.23346904,0.0,0.0,0.26502174,0.0,0.0,0.058862574,239.34697,177.94884,0.9329332,0.0,0.0,0.4684539,235.79617,199.76813,0.9937686,268.14633,197.77124,0.9862373,228.46835,229.71915,0.95593417,280.1843,226.87949,0.7962436,226.98572,242.8598,0.8054693,272.667,240.12308,0.52571636,242.58348,260.53583,0.9958449,264.7363,259.55377,0.99364567,234.9219,305.48093,0.9898085,264.32544,305.32144,0.9807318,233.9485,350.72693,0.9708971,266.06726,348.5907,0.95353955
0.0,0.0,0.3211726,0.0,0.0,0.34098524,0.0,0.0,0.06626306,713.5654,184.46843,0.7781375,0.0,0.0,0.15789899,713.5549,207.55287,0.98693824,740.79584,205.53188,0.8991366,710.8009,241.37296,0.9725876,751.3106,239.16022,0.6412578,702.37756,268.79657,0.9115689,745.5744,258.89462,0.5482999,715.24603,267.3282,0.9951527,736.9912,266.7847,0.9854093,699.8936,313.26788,0.99234605,742.3328,315.40265,0.97922987,698.829,357.30188,0.97592443,756.1685,357.30667,0.95643026
0.0,0.0,0.13467686,0.0,0.0,0.056192476,0.0,0.0,0.081216514,0.0,0.0,0.49253854,441.2241,130.41039,0.557288,392.52728,171.68532,0.9234064,462.80383,165.47508,0.94467455,384.42352,228.21146,0.72583705,483.52057,211.8415,0.8338565,395.8414,247.47177,0.5402951,487.40817,251.40651,0.6588391,412.0856,275.44815,0.9909243,458.57617,275.36465,0.9929356,412.2727,348.35284,0.99400914,458.00693,361.4583,0.9958748,406.93005,419.44037,0.987708,451.7166,449.0728,0.9903942
0.0,0.0,0.23058458,0.0,0.0,0.2417512,0.0,0.0,0.07222708,813.3196,150.67506,0.6905973,0.0,0.0,0.17257743,806.3043,178.22408,0.9394886,846.35864,177.8952,0.72692597,788.93384,223.219,0.8349457,0.0,0.0,0.3246468,785.6683,253.32979,0.609117,0.0,0.0,0.22184794,801.64056,263.66776,0.9504504,830.6638,261.92386,0.89053035,787.29364,327.7844,0.91531533,828.80865,327.39545,0.8285932,778.0542,383.3902,0.8015047,820.11487,381.17786,0.7053042
304.60815,206.79114,0.8536722,307.60782,204.2293,0.81734747,302.6966,203.90851,0.70857286,311.78693,206.56798,0.69685334,0.0,0.0,0.40920454,316.56894,223.30876,0.9797005,292.16107,222.24841,0.96294224,322.92072,242.5888,0.908244,286.23663,239.80847,0.7490995,321.4895,258.2127,0.8485041,291.75162,250.66348,0.6850674,310.02448,263.5016,0.98565626,293.8198,263.1529,0.97982657,309.4905,293.70465,0.9807298,289.90454,293.40985,0.96984285,310.88754,323.63632,0.96722364,289.2546,322.8302,0.95383275
0.0,0.0,0.036483474,0.0,0.0,0.021840319,0.0,0.0,0.020031104,0.0,0.0,0.29166555,0.0,0.0,0.29061896,349.8617,236.6157,0.84858483,376.14688,234.20905,0.793169,341.80972,256.14926,0.5924672,0.0,0.0,0.48328558,0.0,0.0,0.35011217,0.0,0.0,0.2863861,361.48083,277.7181,0.9577264,379.68658,276.64178,0.9499487,355.0812,305.81952,0.94901776,379.63824,304.83536,0.9381372,352.0672,335.78778,0.93257093,379.11395,334.21222,0.92293835
0.0,0.0,0.49709222,0.0,0.0,0.33660546,0.0,0.0,0.41433278,0.0,0.0,0.30192497,0.0,0.0,0.48325902,678.63885,229.07117,0.8270205,678.54584,229.89539,0.902671,0.0,0.0,0.42131528,674.06934,250.03119,0.6560909,0.0,0.0,0.3420062,670.66064,266.35242,0.5129871,681.7635,264.99252,0.83538586,682.5969,265.69965,0.8813369,684.6753,293.15787,0.77845776,685.4876,293.6703,0.8337364,682.5917,321.87103,0.746698,683.3669,322.37518,0.7959537
0.0,0.0,0.09109369,0.0,0.0,0.07753607,0.0,0.0,0.039280728,0.0,0.0,0.35290408,0.0,0.0,0.14232835,833.673,189.07831,0.6951486,847.345,190.41861,0.5392444,0.0,0.0,0.4577792,0.0,0.0,0.19928603,0.0,0.0,0.2726912,0.0,0.0,0.12200235,832.1529,267.21097,0.6204713,842.93353,268.20575,0.5337679,0.0,0.0,0.38718,0.0,0.0,0.29364055,0.0,0.0,0.25036985,0.0,0.0,0.20080484
