459.03162,184.59775,0.97402835,462.90588,181.02393,0.96484715,455.8377,181.34186,0.92554706,470.29022,183.25078,0.87252384,452.51282,184.33356,0.60515255,480.6824,205.5116,0.99678934,447.0626,206.7436,0.99668103,492.90857,231.52846,0.9834975,434.62796,231.13025,0.97099763,493.8204,257.0261,0.9694492,427.50797,255.47281,0.95025104,474.14825,258.57944,0.996789,454.22244,258.842,0.9967623,468.72208,297.22318,0.9881913,456.5123,297.2803,0.98537594,464.4681,334.58923,0.96019584,461.89578,334.33246,0.95293266
546.57086,174.93094,0.95640594,551.32666,170.9199,0.9327616,543.1927,170.55412,0.89637977,558.8044,174.90195,0.76807827,538.0696,173.86295,0.5701441,567.7545,202.59798,0.9920121,529.6412,201.40565,0.9920512,577.42993,237.06822,0.96399516,521.67035,233.51819,0.9486187,572.85284,266.07602,0.94169575,516.28864,261.63217,0.92040694,556.50903,264.35815,0.9942443,533.26245,263.67273,0.9942567,548.7598,308.7345,0.98647225,534.6901,308.09924,0.9838399,548.8445,349.13232,0.960212,543.9511,348.03668,0.95367473
205.12384,181.0464,0.95607305,210.32838,177.65468,0.9048588,202.20732,177.2307,0.8719071,218.48013,180.89871,0.7882363,198.33295,179.35332,0.66710883,225.71075,207.84216,0.994005,188.71896,205.77127,0.99091023,237.36597,240.17902,0.97569364,176.47598,237.64493,0.95450294,231.99834,261.46057,0.94861037,174.24858,268.5164,0.91775846,211.37294,271.77448,0.99569976,189.25412,270.40356,0.99430335,204.62186,321.51852,0.98731405,192.63504,318.75363,0.9843099,206.96944,365.3932,0.95064396,206.3101,361.47562,0.9454926
617.04047,176.60951,0.9588221,621.7324,172.75336,0.9635337,614.18115,172.59004,0.854551,630.17303,175.32237,0.9087273,0.0,0.0,0.36350456,641.8426,200.25027,0.99559337,603.55035,200.78172,0.98796684,651.7588,230.76118,0.9848625,595.6986,230.60101,0.8826608,651.2971,260.97256,0.9685389,592.68256,258.55374,0.84662837,633.6607,261.30408,0.9960075,609.41125,261.2678,0.99298567,635.898,306.23364,0.9905517,612.0574,305.89023,0.9799145,635.3234,350.19925,0.9709071,615.1859,348.77676,0.949232
293.24573,194.8508,0.955992,297.82724,190.75003,0.9553397,290.32498,190.53703,0.85270697,306.69376,191.34052,0.87107533,0.0,0.0,0.35536486,317.99527,212.74826,0.993665,281.26932,214.26682,0.98681563,326.57474,241.53235,0.9818039,275.2525,245.17404,0.9073569,318.6388,262.46103,0.9667975,270.0125,270.33557,0.8810462,311.75278,274.62524,0.9957676,287.60648,275.02347,0.9935255,315.811,322.1393,0.9916215,286.96326,322.13718,0.9843284,320.3853,366.69992,0.9739577,288.9664,365.61404,0.958276
0.0,0.0,0.10082109,0.0,0.0,0.050003763,0.0,0.0,0.064635,726.3444,183.78636,0.51009804,742.9626,184.53929,0.6680649,716.13696,205.38147,0.97158986,749.7963,206.3875,0.9784914,708.9449,235.09628,0.830038,754.8885,236.1668,0.87092125,711.47186,260.2583,0.58106685,751.15155,258.35724,0.6288444,719.5777,262.5389,0.99174577,742.6475,263.13452,0.9929416,717.9942,306.26376,0.982288,742.10535,307.01038,0.98317367,717.5347,348.96042,0.959126,742.3997,350.47617,0.96044296
370.42496,170.72427,0.9524315,375.254,165.94589,0.9435236,366.73813,166.32521,0.878828,384.7826,168.55734,0.8116976,0.0,0.0,0.48108274,400.4815,198.22223,0.99215853,354.46674,201.209,0.98951346,417.41138,233.29597,0.97136265,347.66483,238.79207,0.9316418,417.31693,269.57974,0.95055103,343.39685,274.6507,0.8976,391.15323,273.4013,0.9952205,363.51877,274.30783,0.99430436,385.12653,325.39478,0.98690355,369.53912,326.0023,0.9816929,379.69733,374.3615,0.95399797,378.22287,374.60617,0.9418537
0.0,0.0,0.053561028,0.0,0.0,0.043495256,0.0,0.0,0.031201884,0.0,0.0,0.107784785,0.0,0.0,0.07083972,0.0,0.0,0.281451,0.0,0.0,0.26279595,0.0,0.0,0.26660526,0.0,0.0,0.21736158,0.0,0.0,0.23856243,0.0,0.0,0.2006113,0.0,0.0,0.40050417,0.0,0.0,0.3954893,0.0,0.0,0.37426007,0.0,0.0,0.3542064,0.0,0.0,0.3127068,0.0,0.0,0.3022598
117.8185,202.4063,0.7934393,120.77725,198.99837,0.8109512,115.864,199.03569,0.52546245,127.45619,200.26251,0.7485612,0.0,0.0,0.18757388,138.13644,220.63426,0.9751015,109.636215,220.0951,0.9342192,146.19307,250.10767,0.93695503,101.52898,245.92303,0.662319,139.82948,274.5284,0.88669294,95.05132,264.47028,0.6157194,131.36942,275.65604,0.98523074,112.722435,274.9582,0.97412246,132.83714,319.8451,0.9755822,109.07317,319.22427,0.95020753,137.46829,365.36066,0.947314,109.60986,363.93445,0.9115259
676.7048,216.77582,0.7136194,678.5926,214.3538,0.73151606,0.0,0.0,0.3890206,683.8085,214.80444,0.7722505,0.0,0.0,0.13819346,688.7622,227.6863,0.9673458,682.54285,227.8269,0.9216046,690.7,246.09328,0.87199366,681.42926,245.6284,0.5063398,683.8046,258.83234,0.7979863,0.0,0.0,0.4737536,686.66187,261.81866,0.9723661,682.7597,261.39603,0.95648634,683.56244,289.5191,0.94621706,680.5352,289.15,0.9090996,684.1711,316.239,0.89098936,682.19824,315.16653,0.8402209
0.0,0.0,0.06201433,0.0,0.0,0.066150844,0.0,0.0,0.034395617,0.0,0.0,0.12435447,0.0,0.0,0.039478716,0.0,0.0,0.17118847,0.0,0.0,0.106531635,0.0,0.0,0.23957524,0.0,0.0,0.100876,0.0,0.0,0.2517586,0.0,0.0,0.12894587,0.0,0.0,0.22348888,0.0,0.0,0.18317293,0.0,0.0,0.26002905,0.0,0.0,0.204559,0.0,0.0,0.2443717,0.0,0.0,0.20540269
244.38011,217.43726,0.6569216,246.7847,215.006,0.6378552,0.0,0.0,0.4700647,251.8084,216.32901,0.55158246,0.0,0.0,0.20353398,256.0667,230.46654,0.933639,238.2236,229.60425,0.8913443,257.52676,249.46434,0.7673125,235.30957,247.15654,0.55654144,248.27957,261.28998,0.6836223,236.8154,259.22095,0.50645924,247.36494,266.4803,0.95738083,235.78816,265.65332,0.94458574,246.60892,296.16895,0.92480433,235.24242,295.50037,0.90102077,245.99457,323.613,0.87220293,236.6332,322.83566,0.84354544
652.1463,188.9695,0.8202428,655.59265,185.95833,0.82502544,650.2134,186.04121,0.61941326,663.2919,187.56955,0.745764,0.0,0.0,0.27399513,668.7342,205.80983,0.9617162,648.81683,206.87073,0.9223043,672.9282,228.39395,0.85125613,647.0028,231.82631,0.5527833,671.96716,252.25923,0.76136965,0.0,0.0,0.4817825,662.5755,254.53659,0.9523308,649.7164,254.54414,0.9289502,661.2608,293.22565,0.9092328,649.3118,292.98987,0.8526673,664.3247,331.21143,0.85236186,651.9755,330.15005,0.79328114
