646.43085,144.94684,0.9100483,0.0,0.0,0.48819914,642.28613,139.17564,0.91961163,0.0,0.0,0.16857177,625.4503,140.06563,0.92412776,635.46906,172.04738,0.9572965,607.46765,170.02994,0.9958269,641.842,213.1127,0.7851795,602.13403,210.07356,0.99023205,664.0992,219.25288,0.7671217,644.23285,204.68861,0.97739875,635.07983,254.7919,0.9898168,617.5423,256.0125,0.99669975,642.11615,324.33475,0.97307205,635.48566,326.76556,0.9917576,614.3254,388.4365,0.9038521,615.5871,391.8367,0.95290875
339.9817,191.98865,0.9262188,343.131,189.0496,0.7362814,336.1205,188.68,0.9116764,0.0,0.0,0.3880078,326.04944,191.6723,0.83680254,346.40353,217.7468,0.95451087,313.52655,216.45998,0.99149406,355.28662,247.21681,0.7820821,295.68726,242.30197,0.9705558,356.8801,269.84628,0.7353548,289.67294,260.44446,0.93874246,336.69266,270.5275,0.9818133,318.87564,270.72412,0.99181515,328.7575,314.75894,0.9723626,328.88937,318.79968,0.9880607,311.6985,347.9282,0.94682294,330.1824,357.99786,0.9690243
737.9428,198.41302,0.8215514,0.0,0.0,0.39051515,733.94885,194.97455,0.8753428,0.0,0.0,0.09583071,723.5107,196.19603,0.8991052,729.87976,214.45508,0.90138143,719.0141,215.56966,0.9876172,0.0,0.0,0.44366592,715.6708,242.87947,0.96675783,0.0,0.0,0.45749858,720.5977,266.14102,0.9258959,731.75354,263.1036,0.95705926,725.1549,264.27725,0.9866458,734.4475,299.77087,0.92722434,730.6108,300.8562,0.97762257,718.56274,331.9484,0.89046985,714.76984,334.5888,0.9536215
0.0,0.0,0.19954182,0.0,0.0,0.04113148,0.0,0.0,0.2501413,0.0,0.0,0.050883632,403.79367,203.3369,0.688897,389.1281,220.31601,0.8108813,399.0136,222.48154,0.96308255,0.0,0.0,0.4535301,392.51114,248.4164,0.9463562,0.0,0.0,0.4107924,391.92462,264.28946,0.8696814,394.1169,269.05826,0.97140944,402.36856,270.36722,0.9892805,394.94894,304.27945,0.9561525,405.73288,304.87854,0.98373556,384.7219,335.77548,0.92757154,398.24405,337.89294,0.9653194
105.30121,208.66684,0.9110819,107.32838,206.51396,0.78700083,103.30062,206.35344,0.89085597,0.0,0.0,0.47475633,99.076294,206.98917,0.79768795,111.96562,219.50671,0.9803751,92.68702,218.81335,0.993334,114.81921,234.23772,0.8573526,85.86276,233.28761,0.96713024,112.3948,241.90831,0.815664,87.26031,242.8201,0.9339333,106.8469,249.18869,0.986845,94.696625,248.90233,0.99261147,106.08379,272.95374,0.97177607,93.47366,272.50482,0.9828342,104.7338,295.24332,0.95026284,93.50327,294.93173,0.96531093
0.0,0.0,0.15978314,0.0,0.0,0.06772738,0.0,0.0,0.122756645,0.0,0.0,0.39081377,432.67374,180.3636,0.7221055,410.90173,198.76613,0.96023893,440.2425,198.05394,0.9817347,407.26706,222.49864,0.7217729,446.58292,223.22598,0.9044532,0.0,0.0,0.47413376,445.58362,239.43776,0.70573545,417.67377,245.2488,0.9836288,437.48752,244.92967,0.98986596,418.57077,283.43466,0.95574605,436.35992,282.95844,0.97134686,419.29877,319.41644,0.9104694,434.56683,319.03204,0.93450767
143.49686,203.80858,0.8507014,144.88037,201.88545,0.6947719,141.59834,201.75073,0.80557823,0.0,0.0,0.44504467,137.37877,202.80421,0.7147704,149.54747,215.27774,0.97639376,131.79472,214.24713,0.9888614,154.3885,229.13922,0.8569481,126.93792,227.09305,0.9453479,153.71646,237.04764,0.8051975,131.54176,232.68181,0.89864296,146.69244,244.5281,0.9830173,135.7573,244.28233,0.98872024,145.109,267.50284,0.95881015,136.98051,267.23428,0.9707529,142.19524,288.29303,0.91875064,136.26733,288.1635,0.9365435
0.0,0.0,0.16046634,0.0,0.0,0.12759213,0.0,0.0,0.10283195,230.55585,212.30225,0.57743394,0.0,0.0,0.42686215,227.17491,223.13354,0.97026336,243.86644,222.96902,0.9652013,221.99992,236.76094,0.8138305,247.29866,236.39374,0.75999457,221.2306,246.96375,0.6202582,245.12807,246.75896,0.55710536,229.08284,249.54079,0.9866946,241.04907,249.37308,0.9858445,225.50003,268.72778,0.97507745,243.55394,268.6878,0.97293144,225.73604,288.0744,0.96185285,245.97217,287.75085,0.95954347
0.0,0.0,0.28749648,0.0,0.0,0.22350715,0.0,0.0,0.17411633,285.07654,210.45616,0.5100475,0.0,0.0,0.39298433,281.2239,221.98805,0.9176105,294.49698,222.31407,0.8837658,275.3951,235.59373,0.6595133,0.0,0.0,0.48998067,0.0,0.0,0.47017977,0.0,0.0,0.34092325,284.0086,248.72862,0.93222845,293.1366,248.83484,0.9190728,283.34662,272.06415,0.91389906,292.06354,272.2399,0.8911661,285.48993,295.7542,0.8919636,292.9874,295.9595,0.87189424
682.19904,201.17603,0.7086231,0.0,0.0,0.4624654,679.7298,198.61665,0.73661846,0.0,0.0,0.19288038,672.8711,199.94049,0.7240023,681.21356,215.02492,0.90034103,665.2791,215.54228,0.9428764,684.9096,235.04323,0.523698,665.31116,237.52608,0.799843,0.0,0.0,0.4673575,678.97156,248.68365,0.70080936,680.3027,253.33725,0.8929922,669.51074,254.43764,0.91953564,682.3027,278.92395,0.738836,673.2696,279.4708,0.8037934,677.9881,304.2653,0.56707036,671.5686,305.9984,0.636755
