0.0,0.0,0.13692556,0.0,0.0,0.039188847,0.0,0.0,0.116479866,0.0,0.0,0.39778417,279.46863,166.53351,0.8502479,239.31424,190.97948,0.9760502,283.3132,194.49397,0.98943967,224.04854,232.72255,0.7894985,288.52737,231.11237,0.92957735,225.90848,266.28113,0.52442497,280.84396,250.33546,0.7187757,241.96928,268.6286,0.99381727,271.54858,270.60724,0.9960039,242.69463,324.28738,0.98511004,272.05185,326.2147,0.9894443,238.58455,377.63498,0.95714974,266.80838,381.901,0.9666734
0.0,0.0,0.18632597,0.0,0.0,0.07044568,0.0,0.0,0.17710726,0.0,0.0,0.43552333,424.08685,210.80466,0.8383412,398.58395,229.32431,0.97809243,432.2987,230.34724,0.9929824,392.2244,252.24731,0.8067041,444.43445,256.77847,0.9604906,394.85788,265.4696,0.5730475,445.44373,275.1636,0.829496,404.52393,276.2261,0.9904343,425.3368,276.61722,0.9948748,411.6617,311.45703,0.96793294,422.99692,311.5031,0.98149407,415.80988,345.7716,0.93060195,417.7017,346.44742,0.95271784
0.0,0.0,0.22906996,0.0,0.0,0.113002956,0.0,0.0,0.13921797,477.48917,201.70396,0.5741903,492.23517,200.92087,0.7182019,467.80887,221.75998,0.98018724,501.33893,218.92984,0.9783432,459.6294,244.94046,0.8519059,513.0183,238.80061,0.8229926,464.9696,252.73471,0.631108,507.52856,243.85541,0.5863676,478.80893,271.82938,0.99049205,501.46634,270.93442,0.9901176,482.1483,309.46597,0.9821895,505.1378,308.52637,0.9802991,486.4881,346.18555,0.9612431,509.93597,345.3474,0.95813185
355.48596,189.67381,0.8724716,358.90518,186.05528,0.85652107,353.21518,186.625,0.6793966,366.929,187.8372,0.7668121,0.0,0.0,0.33266523,372.93143,206.34865,0.9781226,354.30203,208.74347,0.9641483,370.56866,225.13048,0.9225142,347.9308,227.98676,0.7886469,357.6493,219.86784,0.8789338,348.41806,220.56055,0.7506992,372.64038,257.2522,0.98828274,360.4033,258.0476,0.9847274,369.34665,299.02,0.9880827,360.10303,299.7749,0.98148566,371.4403,338.4412,0.9790516,361.20316,338.26385,0.9707149
0.0,0.0,0.10434781,0.0,0.0,0.030284539,0.0,0.0,0.095268466,0.0,0.0,0.1931467,627.11786,201.24628,0.6921523,602.49945,221.47337,0.919406,631.8878,221.84866,0.96334183,598.49243,250.85867,0.6465289,641.58514,251.29768,0.891126,0.0,0.0,0.4550919,645.2948,271.59412,0.7130679,607.19275,276.94827,0.983343,628.17645,277.26804,0.98950523,606.92633,314.44208,0.9739733,635.7755,314.4403,0.9836066,597.9043,349.43518,0.95937794,631.86066,350.30847,0.9714196
0.0,0.0,0.101228036,0.0,0.0,0.07534972,0.0,0.0,0.04922054,155.08948,206.65239,0.554768,0.0,0.0,0.36919695,147.21158,221.20882,0.93500704,172.71628,221.70595,0.90194046,138.74603,240.86151,0.69597274,172.1125,241.24548,0.5004338,0.0,0.0,0.41994953,0.0,0.0,0.27407247,150.01703,263.272,0.96696454,167.32945,263.79074,0.95583665,144.5819,296.9707,0.95082164,163.46692,297.9376,0.92695624,143.94002,330.33655,0.92078274,161.5375,330.93768,0.8938536
537.4009,194.84038,0.8386856,538.7087,191.89703,0.70977634,534.30334,192.0596,0.77328146,0.0,0.0,0.46427864,528.08307,194.57861,0.6209894,544.9757,213.56087,0.9606951,522.18945,213.97202,0.97049755,552.1436,233.63054,0.7435705,516.8245,235.64565,0.79542017,550.1872,242.70398,0.6530308,519.5279,245.90997,0.68962455,542.7969,257.66464,0.966272,529.0567,258.08304,0.97028816,543.69574,291.81793,0.9377653,533.13434,292.11572,0.94170624,540.42084,324.24457,0.90300816,534.7444,324.63397,0.90797406
0.0,0.0,0.05691497,0.0,0.0,0.016777055,0.0,0.0,0.07530823,0.0,0.0,0.090651035,652.8103,198.81416,0.6240093,636.9615,217.98994,0.69274026,657.6199,217.13339,0.9003353,0.0,0.0,0.26841623,665.7144,242.69695,0.809828,0.0,0.0,0.17809086,670.93097,264.68155,0.57668614,643.542,267.2702,0.92911285,658.33276,267.1898,0.966099,644.90186,304.87994,0.91972613,658.70337,304.24216,0.9617315,645.2834,339.45154,0.9060403,657.49084,339.16232,0.9447088
197.84457,206.96541,0.88536376,201.44077,204.09749,0.84461975,195.3649,203.80052,0.7848379,207.08362,206.29353,0.67280066,0.0,0.0,0.49274644,212.46306,222.97894,0.97255963,186.40477,222.38945,0.9678994,218.31367,241.55664,0.8501884,182.54106,239.30699,0.7745198,209.35904,241.65163,0.7864157,190.55658,235.38641,0.7064742,207.45921,269.2066,0.9713336,190.70152,269.07434,0.9690248,206.29634,310.20013,0.9444744,194.28667,310.0412,0.9343873,204.75084,350.35074,0.89723843,197.30885,349.54883,0.8839885
0.0,0.0,0.08001886,0.0,0.0,0.05462039,0.0,0.0,0.06074397,0.0,0.0,0.40329063,0.0,0.0,0.43564275,683.1833,222.04898,0.9377831,703.5645,221.60374,0.943192,678.3182,239.61334,0.67445534,709.973,238.59308,0.7221002,0.0,0.0,0.4245246,0.0,0.0,0.46416506,687.5151,253.62007,0.97549134,701.3753,253.35074,0.97715443,688.0952,279.57098,0.94758403,701.8958,279.23026,0.95122373,689.5111,303.51303,0.9124244,702.10626,302.9937,0.91747344
