0.0,0.0,0.36198023,0.0,0.0,0.27874145,0.0,0.0,0.05290689,591.6994,46.032196,0.91515726,0.0,0.0,0.32856303,583.36176,111.14195,0.9901906,676.31146,112.15002,0.9730094,520.8575,199.30623,0.96722066,699.34186,217.43816,0.8899281,478.99512,246.49722,0.8901567,699.16046,297.89438,0.7800207,603.22437,297.19238,0.9843652,654.3662,296.65503,0.97909707,606.7947,427.4639,0.7614458,637.6786,432.8571,0.7373263,0.0,0.0,0.15558971,0.0,0.0,0.15267281
309.4895,179.72424,0.96369416,312.98056,176.14154,0.92236507,306.07935,176.14468,0.930715,318.32098,179.32922,0.6920412,300.5341,179.00388,0.7325311,324.40555,203.59874,0.99348176,291.80984,204.24785,0.99604094,333.77893,232.55968,0.95916045,282.7482,234.79716,0.9737225,339.88138,261.93033,0.93583786,285.9711,265.66254,0.9504699,319.4749,262.76306,0.9959021,299.13272,263.42426,0.99691075,315.3369,307.27524,0.9887284,298.4111,307.91885,0.99003464,313.70938,349.57816,0.96619964,300.70828,350.44,0.96864355
0.0,0.0,0.2126889,0.0,0.0,0.20731218,0.0,0.0,0.071402125,177.9254,197.76842,0.78658074,0.0,0.0,0.35706928,174.47316,215.37828,0.9812061,200.37639,214.27757,0.96351135,166.3087,237.3376,0.9175266,207.58113,236.70412,0.751095,164.45946,253.52399,0.76395607,206.11945,252.10243,0.5524708,178.46968,258.37152,0.9910625,195.47142,257.61853,0.9876466,177.60553,291.53522,0.9855971,193.23898,291.3407,0.97769815,176.75888,323.99905,0.973264,191.74075,322.89084,0.9633605
0.0,0.0,0.081643924,0.0,0.0,0.048865933,0.0,0.0,0.049168617,0.0,0.0,0.47610202,0.0,0.0,0.4749095,112.99008,216.57465,0.96402013,140.28816,216.44153,0.968234,104.367935,239.88364,0.8324984,146.46167,240.71738,0.8357387,101.43927,255.71783,0.60200584,147.08858,258.07986,0.59820324,118.354805,260.8247,0.9908578,135.8437,260.83115,0.9911602,120.34928,294.59665,0.98115116,134.09125,294.68127,0.97966856,123.039795,326.85883,0.96444017,130.75717,326.81888,0.9620199
0.0,0.0,0.06626167,0.0,0.0,0.036351066,0.0,0.0,0.042236283,731.21063,173.78592,0.5210778,750.5861,173.18231,0.64393735,722.7519,197.48543,0.9650282,761.6813,195.31424,0.9823905,718.4149,232.4341,0.7837906,776.2192,224.00754,0.9106103,0.0,0.0,0.49369746,776.0906,244.84496,0.67352486,730.4911,259.9911,0.9900547,754.7729,259.57086,0.9932197,735.9154,307.89276,0.9696518,752.0296,308.01022,0.977437,743.718,354.3805,0.92557365,749.9306,354.15555,0.9391524
0.0,0.0,0.27236688,0.0,0.0,0.10637728,0.0,0.0,0.24529319,0.0,0.0,0.45158806,90.21968,199.5125,0.82308847,68.231125,216.36375,0.9760163,94.403694,216.93648,0.9876293,61.365875,239.7214,0.76465666,100.577354,239.52885,0.90183765,61.734818,259.42993,0.5271716,99.82615,257.66663,0.69605345,71.26156,260.63617,0.98789644,88.64515,260.95087,0.991223,70.170616,292.67316,0.9732502,85.35495,292.86777,0.9788711,72.2061,323.0798,0.9487962,85.05255,324.30377,0.95600134
0.0,0.0,0.04326451,0.0,0.0,0.059003714,0.0,0.0,0.00880837,823.20435,161.58197,0.63752884,0.0,0.0,0.071275145,819.9115,187.98698,0.9145452,849.98267,187.84807,0.68693376,809.0126,227.96216,0.8689939,0.0,0.0,0.27700484,802.492,254.60617,0.6453677,0.0,0.0,0.17673182,819.1518,262.73718,0.9748335,838.9982,262.36353,0.9410326,822.8692,320.08334,0.9665617,836.55084,320.77686,0.9120566,827.2168,374.22943,0.9132763,833.73425,374.15524,0.8327336
379.23392,187.8682,0.94103414,383.23575,184.57071,0.8803646,376.3528,184.2351,0.9055821,389.81586,188.16283,0.5846453,372.05173,187.33969,0.703995,395.9571,210.45865,0.98461217,362.84726,211.05618,0.9927456,403.93292,232.63899,0.9050443,348.2703,238.37209,0.95681506,401.89578,244.58057,0.8744519,345.17096,261.52203,0.92231804,386.95657,264.74493,0.9920231,366.646,264.61713,0.99444026,382.1809,305.51367,0.9824238,367.0525,305.1526,0.985959,374.51938,344.44864,0.9582682,366.096,344.06396,0.9651675
0.0,0.0,0.06054566,0.0,0.0,0.04623913,0.0,0.0,0.024032652,0.0,0.0,0.4668778,0.0,0.0,0.24818702,455.90448,204.61736,0.9303143,483.75418,204.1128,0.84455675,448.39166,231.40292,0.8142354,0.0,0.0,0.4853603,448.9299,251.38933,0.57700527,0.0,0.0,0.30168846,462.10535,258.75754,0.9828462,481.3747,258.5533,0.9725168,462.75928,301.44196,0.98050183,481.85794,301.45752,0.9662647,464.76904,344.88284,0.9637947,484.52704,344.86795,0.9462511
408.98553,219.15654,0.69499403,410.28336,216.78433,0.5998094,407.11148,216.90002,0.6314002,0.0,0.0,0.39064714,0.0,0.0,0.45201343,416.4216,228.55626,0.9362506,400.59064,229.44244,0.93489176,423.6448,241.15865,0.73231727,399.44815,242.87358,0.7589001,423.52756,246.89348,0.6713589,404.64886,248.01634,0.6947876,413.31085,259.28317,0.95582503,403.64526,259.7032,0.95629334,412.6988,284.10602,0.92671907,403.52606,284.0974,0.9289819,411.03043,306.69186,0.86626226,402.90396,307.22876,0.86996925
