0.0,0.0,0.4565863,0.0,0.0,0.37609783,0.0,0.0,0.1786947,783.4653,183.58719,0.72265697,0.0,0.0,0.3272378,776.8216,213.718,0.9648756,815.09454,210.72519,0.92041457,768.3164,255.81908,0.903926,826.8158,250.98987,0.73012346,771.0957,277.3756,0.808715,821.82367,276.12222,0.6247227,782.69006,285.00528,0.9746425,810.3668,284.20993,0.9619653,771.2422,337.28366,0.96478146,810.6596,339.54797,0.9499849,772.08435,384.46716,0.9190214,817.2299,389.62976,0.90191406
0.0,0.0,0.1570629,0.0,0.0,0.04678731,0.0,0.0,0.13198902,0.0,0.0,0.3120061,342.8803,199.03687,0.7979768,313.2254,218.01482,0.974831,348.58197,219.21645,0.9914302,301.92633,248.03659,0.84491026,357.6322,251.26888,0.9672235,301.31747,278.59323,0.67620057,359.06412,281.81885,0.87702596,316.919,270.54303,0.9952663,339.68152,270.79572,0.9974955,316.3713,314.36414,0.9897774,335.04462,314.18796,0.99426347,318.01422,355.70612,0.9747888,333.12927,357.10117,0.9836488
0.0,0.0,0.12839498,0.0,0.0,0.12118802,0.0,0.0,0.045540605,598.65106,215.45773,0.7033007,0.0,0.0,0.28571242,595.1884,236.21849,0.95562565,624.13416,235.49689,0.9282024,585.7843,262.2293,0.85891086,627.97015,260.39868,0.67942405,581.78253,281.48248,0.67192084,0.0,0.0,0.47427848,597.58734,283.844,0.9831617,616.30145,283.11206,0.97708637,597.316,317.44446,0.9767568,613.5089,317.04224,0.9640978,598.06415,354.83282,0.95970374,610.6001,353.35333,0.9447625
0.0,0.0,0.11290502,0.0,0.0,0.07906844,0.0,0.0,0.058943734,540.29755,193.14462,0.64970064,556.2153,193.16417,0.5657122,531.4035,215.10725,0.9760828,563.6599,215.48996,0.9726326,525.6706,242.79344,0.86591655,569.1796,244.19305,0.8131674,527.527,265.4482,0.6208075,565.4525,266.04425,0.54354584,535.28455,268.0185,0.98984045,556.21246,268.38544,0.9889177,535.2644,308.31442,0.9771649,550.88226,309.1108,0.9719291,540.7905,347.3578,0.94699633,551.98517,348.3078,0.9377656
0.0,0.0,0.115370154,0.0,0.0,0.07041978,0.0,0.0,0.058051147,387.79065,193.3287,0.53957134,405.71353,192.90721,0.520025,381.48618,217.16948,0.96881247,414.05774,216.87643,0.97244036,373.39066,248.215,0.85933864,420.8251,249.40327,0.86573243,372.73477,273.9377,0.6550584,420.15756,274.4112,0.6649479,387.76865,273.08136,0.9895762,408.85596,272.84137,0.99068415,388.75482,314.52505,0.9791797,404.78604,314.54922,0.9796372,392.77252,351.3057,0.9535605,405.66672,351.43973,0.9544446
0.0,0.0,0.100382335,0.0,0.0,0.053840883,0.0,0.0,0.061068553,0.0,0.0,0.35508785,0.0,0.0,0.45096523,462.45648,242.49034,0.95111567,485.3277,241.76326,0.9668538,456.7833,263.363,0.8106827,490.74472,263.67737,0.8831074,454.72787,281.058,0.6199292,493.18335,282.49365,0.71442074,466.40186,280.2975,0.988299,480.96857,279.87173,0.9909849,467.11926,308.67947,0.97551924,477.83652,308.37476,0.97985727,467.81686,335.9326,0.9542319,474.5012,335.68335,0.9604268
0.0,0.0,0.09766556,0.0,0.0,0.060511943,0.0,0.0,0.059932765,0.0,0.0,0.39918652,0.0,0.0,0.42555472,431.08914,230.10162,0.9317681,453.4276,229.37387,0.9423145,426.57776,247.99234,0.74041766,457.9854,247.65504,0.78394175,424.83127,261.84515,0.5191229,457.32288,262.18552,0.56453514,434.4363,264.9745,0.97559524,448.49356,264.646,0.9779068,434.02213,293.01773,0.95259124,443.41928,292.90826,0.9541404,437.43372,319.6915,0.91773355,440.65552,319.3734,0.91937083
0.0,0.0,0.23428364,0.0,0.0,0.16835162,0.0,0.0,0.12924482,639.6266,232.01472,0.60761935,649.2773,231.61227,0.52846634,634.99255,244.87973,0.97172,656.29596,243.77054,0.9719374,631.5057,261.19058,0.84823513,662.21295,258.27762,0.833742,631.1989,272.35254,0.66362923,657.2652,267.10104,0.64693576,639.8303,275.80054,0.98462385,653.70123,275.42072,0.98511976,642.50696,301.02856,0.9692947,652.2383,300.86462,0.96801454,645.5981,326.1083,0.9428873,652.96155,325.50735,0.94081914
0.0,0.0,0.08988437,0.0,0.0,0.06730291,0.0,0.0,0.0608502,0.0,0.0,0.12713851,0.0,0.0,0.12221102,0.0,0.0,0.29798508,0.0,0.0,0.37920186,0.0,0.0,0.18290824,0.0,0.0,0.26523748,0.0,0.0,0.1666921,0.0,0.0,0.2170855,0.0,0.0,0.3313889,0.0,0.0,0.38765517,0.0,0.0,0.27915078,0.0,0.0,0.32072887,0.0,0.0,0.26928148,0.0,0.0,0.30329478
38.60126,236.59964,0.7829139,41.16411,234.34529,0.7471298,36.964092,233.93228,0.5974221,45.40658,236.27617,0.66647875,0.0,0.0,0.3433559,48.627926,250.34319,0.95110446,31.781399,249.05016,0.8987536,53.317486,267.77542,0.8048416,28.21227,266.29147,0.52651143,52.656616,282.04572,0.7031044,0.0,0.0,0.46499446,42.779266,281.53323,0.90958446,32.31698,280.92682,0.8684733,42.26764,306.30087,0.84066486,34.761745,305.73987,0.76578367,43.015816,327.58264,0.7619882,36.75427,326.16003,0.6889727
214.45988,243.36774,0.65508765,215.83557,241.70049,0.59538764,0.0,0.0,0.478873,219.2387,242.00987,0.5434087,0.0,0.0,0.31025103,223.23822,250.38991,0.9708609,212.6103,250.38844,0.9633886,227.5988,262.32755,0.86253846,207.39314,261.91476,0.79874206,226.62944,272.95966,0.80491334,204.2254,272.67255,0.7372267,221.44604,273.50052,0.9852388,215.72194,273.4217,0.9835736,220.32611,293.31067,0.9749171,216.06836,293.06717,0.9714543,221.37051,311.93082,0.95953435,217.71785,311.48978,0.95545423
