485.14615,116.85874,0.9877172,490.11414,109.473236,0.9191098,474.967,109.053986,0.980586,0.0,0.0,0.44546393,451.76465,114.58975,0.9261362,510.61673,169.12198,0.98806727,422.45187,166.94156,0.9965675,528.7342,234.80392,0.92663723,398.70258,231.21785,0.98521775,534.6508,295.1568,0.88088405,406.89865,286.7736,0.96723384,497.9683,305.53073,0.9881513,441.1279,305.0544,0.9935004,497.9202,410.53488,0.880571,432.59158,405.01614,0.93019116,0.0,0.0,0.44869053,424.2065,467.0751,0.53889203
666.05396,116.357864,0.9856629,671.50507,109.30761,0.91517925,656.9224,109.77472,0.97748667,676.5676,114.60523,0.504993,637.26514,115.33538,0.922474,690.1856,166.53954,0.98913425,610.0117,165.63773,0.997537,713.20715,228.31528,0.9177403,565.6998,219.51628,0.9869602,718.6783,286.16473,0.8752859,553.324,268.2635,0.97104734,674.92664,288.55038,0.9941081,628.6641,290.08206,0.99710554,661.5839,376.55225,0.9754121,634.2443,383.36633,0.9879363,644.39984,446.58545,0.87280524,637.21826,455.83878,0.9155853
788.5653,212.73425,0.84481287,790.49243,208.81631,0.70305365,784.6723,209.1826,0.7819829,0.0,0.0,0.3880864,777.92053,209.73476,0.5837631,801.51917,229.38904,0.95939696,769.4603,229.57661,0.9763423,811.3296,259.1608,0.7963445,755.69763,257.80136,0.8936007,809.25446,286.0532,0.72282475,750.55396,283.93765,0.82143414,796.5324,285.19995,0.9766,777.3392,285.65836,0.9826659,793.3198,326.71942,0.94630855,781.7444,327.38422,0.9565473,786.3842,368.57227,0.8860202,783.2974,369.62766,0.90070015
0.0,0.0,0.18996678,0.0,0.0,0.15793121,0.0,0.0,0.09002832,313.73584,225.9902,0.7062957,0.0,0.0,0.4016515,310.15317,238.46179,0.9840066,330.64297,237.65443,0.9768112,304.77057,254.7399,0.8658503,337.78946,254.06123,0.7408992,303.6613,266.41745,0.6713847,335.56082,265.6884,0.5152043,315.55582,269.87076,0.99225724,328.28403,269.57315,0.9907472,315.44363,295.78503,0.98317206,326.15213,295.47382,0.9788634,318.21637,321.99155,0.96821475,326.3765,321.43997,0.96252173
0.0,0.0,0.123632796,0.0,0.0,0.09327713,0.0,0.0,0.082242355,270.14514,231.032,0.55891806,0.0,0.0,0.4822473,266.0317,243.3052,0.97635114,285.2592,242.98026,0.97438353,258.58823,258.94382,0.8523093,290.9506,258.6488,0.83073014,256.28647,271.86884,0.64828396,289.62988,271.9047,0.616197,269.06714,273.54926,0.9880872,282.247,273.24915,0.9877573,268.72415,294.03287,0.9574327,281.9671,293.9207,0.9556528,270.02167,311.45657,0.91074,282.87598,310.86835,0.9083757
0.0,0.0,0.066464365,0.0,0.0,0.032374494,0.0,0.0,0.06386651,0.0,0.0,0.033471372,0.0,0.0,0.123920545,0.0,0.0,0.10060716,0.0,0.0,0.28523457,0.0,0.0,0.067090034,0.0,0.0,0.33632222,0.0,0.0,0.083115876,0.0,0.0,0.2666572,0.0,0.0,0.24347772,0.0,0.0,0.4054778,0.0,0.0,0.23984136,0.0,0.0,0.39812618,0.0,0.0,0.20227788,0.0,0.0,0.3147641
0.0,0.0,0.1650396,0.0,0.0,0.101116404,0.0,0.0,0.13961859,0.0,0.0,0.39154485,377.31583,231.38237,0.53035545,365.51218,244.23338,0.93976253,380.75528,243.90967,0.9504675,361.3137,260.54602,0.6546518,385.17706,259.36697,0.7530537,0.0,0.0,0.45931843,385.16202,269.90466,0.546921,367.8228,275.0899,0.9748409,377.97052,274.91663,0.9776449,367.65604,299.94742,0.9638902,377.76334,299.48364,0.9683195,366.72794,325.02594,0.9410174,376.46503,324.85855,0.9468697
0.0,0.0,0.055964854,0.0,0.0,0.030442547,0.0,0.0,0.03345532,0.0,0.0,0.048206188,0.0,0.0,0.057243362,0.0,0.0,0.07081225,0.0,0.0,0.13116056,0.0,0.0,0.06857097,0.0,0.0,0.14494804,0.0,0.0,0.12683406,0.0,0.0,0.20945004,0.0,0.0,0.067843,0.0,0.0,0.09477637,0.0,0.0,0.09660962,0.0,0.0,0.12721229,0.0,0.0,0.087405905,0.0,0.0,0.107005715
0.0,0.0,0.17265612,0.0,0.0,0.09832638,0.0,0.0,0.12489572,0.0,0.0,0.13363186,0.0,0.0,0.21665527,595.6722,190.29889,0.62826705,583.2509,190.56822,0.7960538,0.0,0.0,0.4261702,557.69653,231.0222,0.7178835,0.0,0.0,0.3587151,547.75165,274.61508,0.58244514,594.67456,269.516,0.8880418,586.85394,269.79773,0.9246593,590.1309,322.2104,0.8436869,583.9273,322.22958,0.88289064,594.7887,366.43665,0.7243088,592.0734,366.25858,0.7728932
0.0,0.0,0.0071535576,0.0,0.0,0.00898494,0.0,0.0,0.0026419004,0.0,0.0,0.035703264,0.0,0.0,0.0047747283,0.0,0.0,0.032754783,0.0,0.0,0.031247158,0.0,0.0,0.101906866,0.0,0.0,0.079347976,0.0,0.0,0.12883762,0.0,0.0,0.104069985,0.0,0.0,0.0507846,0.0,0.0,0.052240133,0.0,0.0,0.055705976,0.0,0.0,0.052789457,0.0,0.0,0.067981,0.0,0.0,0.06720831
