0.0,0.0,0.04997559,0.0,0.0,0.015892694,0.0,0.0,0.045865305,0.0,0.0,0.45121866,229.09303,198.79816,0.8596254,192.80559,222.08984,0.9792306,239.07114,223.36156,0.99185795,178.8537,255.11433,0.8172156,253.09776,257.61188,0.9509671,181.81627,276.41672,0.5096018,255.42537,277.56073,0.7453442,203.6968,287.36603,0.9952383,234.57526,288.34406,0.99717355,205.73483,335.61374,0.98467124,240.8866,336.22595,0.99005544,209.96388,382.03287,0.95756966,245.67311,383.4207,0.9687301
0.0,0.0,0.05990373,0.0,0.0,0.019619403,0.0,0.0,0.04260729,0.0,0.0,0.24612571,457.57803,182.31125,0.6110372,427.7678,202.72035,0.9455017,463.73975,204.2281,0.96858215,418.569,237.53922,0.74637103,468.75876,241.45941,0.88043207,424.02606,268.38885,0.5044435,467.2964,273.1943,0.661313,430.23627,269.0856,0.9913128,454.8951,269.6062,0.99378693,430.3308,316.56177,0.9829769,455.6055,316.8456,0.9872476,426.83682,361.27185,0.96154094,451.03223,362.67612,0.9691739
0.0,0.0,0.09599196,0.0,0.0,0.06515752,0.0,0.0,0.049462527,497.36456,191.09715,0.6307703,514.94226,190.51672,0.55893296,488.92175,214.74591,0.9772538,524.07104,211.6682,0.9798846,479.5555,250.3191,0.8978738,534.9694,237.68417,0.89241064,477.97418,276.6957,0.6988226,532.00037,250.68042,0.6789293,498.14487,274.41617,0.9936552,520.01825,273.7856,0.993922,503.43353,320.812,0.9855278,515.5237,320.79935,0.98416775,506.0442,366.21948,0.9583732,509.00043,365.96613,0.9552324
105.58857,191.31616,0.8832426,109.07276,187.67918,0.848509,103.45525,187.677,0.7032049,115.69369,190.14198,0.7229864,0.0,0.0,0.33892447,123.39089,214.26498,0.98899454,95.36209,213.12892,0.984838,130.55173,247.79826,0.96539026,87.99901,240.8122,0.91460687,123.63629,274.71326,0.9418344,81.16922,261.23404,0.8814761,112.57588,275.48544,0.99559325,95.20685,274.65994,0.994749,106.917,321.16895,0.9910812,94.03006,320.51837,0.9872032,113.34914,367.03314,0.97558165,103.756516,366.02267,0.96752083
0.0,0.0,0.1102513,0.0,0.0,0.06012237,0.0,0.0,0.063841246,0.0,0.0,0.46098962,682.2851,193.74765,0.54015017,661.9351,212.8398,0.9642975,691.3675,210.79387,0.9697306,656.2919,237.71822,0.8198433,698.9742,235.21106,0.8466102,657.168,260.77728,0.58100045,699.32306,258.09045,0.61703396,670.93353,257.57318,0.9863491,690.22064,256.673,0.9881292,673.89923,292.87628,0.9626455,689.743,291.98962,0.9654719,676.249,325.35156,0.9230754,689.2082,324.39487,0.92756075
566.25507,204.13704,0.90016395,568.98706,201.91452,0.8678679,564.5691,201.73221,0.7855085,573.42,204.2412,0.7416511,0.0,0.0,0.48151264,579.57855,218.10576,0.98704046,557.58875,219.01924,0.9804354,585.6118,232.08537,0.9487274,555.5486,235.00336,0.8752068,578.3688,227.19406,0.91631997,565.36847,230.46312,0.8325766,577.2402,255.1589,0.99028414,562.5773,255.55641,0.98747176,579.5752,285.28128,0.9825549,562.96625,285.37466,0.97472966,580.33527,312.8831,0.9645296,563.52527,312.28787,0.9534858
0.0,0.0,0.0449263,0.0,0.0,0.021699982,0.0,0.0,0.03552053,0.0,0.0,0.3271783,296.98956,191.31677,0.583807,270.64044,217.53,0.90024275,307.53992,217.46567,0.94861573,262.4012,248.0983,0.6058923,320.9597,250.22086,0.83814245,0.0,0.0,0.334481,321.76318,260.76724,0.55991596,282.4274,282.04474,0.97504574,305.3714,282.33344,0.98306435,290.9436,327.02774,0.96090627,302.2696,327.08597,0.9721524,298.38217,371.5686,0.9240791,297.83017,370.9573,0.9397903
0.0,0.0,0.26790458,0.0,0.0,0.09560905,0.0,0.0,0.26877177,0.0,0.0,0.2220531,646.1628,203.29521,0.716812,629.51886,219.8518,0.9148885,646.43317,221.83777,0.9683991,621.7274,243.16153,0.52561677,648.3747,246.44037,0.8582079,0.0,0.0,0.36610934,648.6088,263.75116,0.66476816,631.20526,267.1694,0.9673817,642.09,268.09225,0.98090553,629.256,303.69412,0.94612145,637.2272,304.3606,0.96682835,629.3567,338.97803,0.9170104,632.387,340.81244,0.9413672
171.7671,177.27365,0.7801139,175.7216,172.93138,0.7417776,170.12039,173.29622,0.6138609,185.1377,175.4892,0.6154853,0.0,0.0,0.35548124,191.85367,202.61449,0.9206825,168.79352,203.69951,0.9282434,186.71086,235.28674,0.64867604,159.15993,235.66957,0.62981707,172.50613,262.69583,0.5542528,155.25053,264.67996,0.52897525,188.08415,267.833,0.9458714,172.93887,267.95728,0.94993156,188.96074,315.56683,0.94044316,172.16649,315.51132,0.93827605,192.14566,363.77545,0.9199795,172.63583,362.6735,0.9176679
410.21527,210.41809,0.6064475,0.0,0.0,0.4433116,408.10104,208.09479,0.6049729,0.0,0.0,0.24632594,403.19315,209.32642,0.5589599,410.80527,222.57275,0.90208584,397.97266,222.63516,0.92565167,413.12302,238.64516,0.598474,394.36896,239.51431,0.74497527,414.1199,249.95111,0.5298798,398.23288,251.52414,0.6536337,408.5929,255.85532,0.937836,401.09143,256.30286,0.94689554,407.48016,281.80667,0.881561,401.8745,282.00186,0.8992451,405.07285,304.63208,0.8217102,400.28986,305.54718,0.841967
