821.7791,76.14003,0.97418606,822.58606,67.16283,0.80129236,808.73004,67.34494,0.97851986,0.0,0.0,0.120666005,777.8276,75.54541,0.928113,828.0877,134.53825,0.9107093,753.0045,133.65514,0.9834209,836.6324,212.92116,0.6463409,756.63837,212.40004,0.9607942,833.49133,204.54451,0.6037449,810.7599,201.29181,0.93028575,824.801,287.38016,0.94000757,768.35486,288.56717,0.97469383,854.0,399.2802,0.80101633,761.73773,399.18304,0.9116058,0.0,0.0,0.45153412,712.09766,458.83072,0.59418535
0.0,0.0,0.1989033,0.0,0.0,0.21725999,0.0,0.0,0.039861105,350.3963,113.78292,0.8627257,0.0,0.0,0.21468186,339.6949,154.59079,0.98221725,401.8972,155.50435,0.8687009,319.33984,206.4619,0.94633013,0.0,0.0,0.49862266,322.64474,230.63307,0.83278084,0.0,0.0,0.3793223,345.423,259.35837,0.9925182,385.4452,258.6553,0.97915435,349.98993,353.60837,0.98771065,373.95035,353.08215,0.9686548,361.58554,437.39438,0.94633234,367.53015,434.8857,0.9077647
0.0,0.0,0.12405975,0.0,0.0,0.06075072,0.0,0.0,0.08855536,189.73903,201.45586,0.5057607,202.59798,201.4751,0.65803707,181.3547,218.26341,0.9768326,208.6673,217.77432,0.98488647,171.2856,240.64133,0.8609415,218.27548,238.44162,0.9079887,167.83699,259.21454,0.6558522,219.21565,255.35806,0.71471196,187.01746,258.035,0.99240184,204.4813,258.05948,0.99364233,185.17732,288.18042,0.98095936,201.90497,288.2359,0.981818,185.64392,315.90704,0.9617677,199.01866,316.38516,0.96256053
700.104,176.42075,0.966229,703.8192,172.88228,0.88546354,694.5783,171.57158,0.96083933,703.94244,177.90471,0.52711755,679.4689,175.2851,0.8819112,705.7687,207.15906,0.9678278,662.64264,206.6713,0.9886833,710.19336,247.20973,0.7815863,649.2316,239.48703,0.9414677,710.97064,254.8412,0.6692217,664.14166,237.07965,0.86627287,703.3379,273.494,0.9761654,674.0494,275.69824,0.9854886,710.71515,330.405,0.9642557,679.6699,334.0259,0.97852236,701.34546,379.46237,0.9268919,673.6973,384.06686,0.94734293
626.8283,166.32655,0.97114605,630.4677,161.83466,0.86686856,620.3674,161.81294,0.9677854,0.0,0.0,0.48307532,606.8706,166.17467,0.9178888,635.6825,198.909,0.9726293,595.37384,201.61226,0.9956519,642.30865,240.35231,0.7896614,586.0106,241.63687,0.97958505,646.38403,243.72859,0.71616066,591.3911,230.79596,0.9478142,632.80255,277.42358,0.98475295,607.98206,279.50052,0.993806,629.25165,339.7035,0.97026396,614.87036,342.29276,0.9883581,614.4332,394.7433,0.9220263,612.50214,398.80157,0.9574654
0.0,0.0,0.08979685,0.0,0.0,0.044714127,0.0,0.0,0.08429775,0.0,0.0,0.34910843,298.42422,211.21251,0.6128503,281.7757,221.88196,0.95714706,302.45306,222.3987,0.970416,276.87357,237.5735,0.7024869,307.53098,237.8405,0.8513073,0.0,0.0,0.45010018,308.17786,249.25542,0.6155128,284.31064,252.03813,0.98031235,298.24362,252.20142,0.98412144,285.2257,277.56308,0.94822395,297.19778,277.4019,0.9595696,284.24396,301.29987,0.90153635,294.31265,301.4756,0.91834927
0.0,0.0,0.27165347,0.0,0.0,0.12633586,0.0,0.0,0.24141002,0.0,0.0,0.32870588,99.035965,220.38957,0.6827841,86.55948,229.95302,0.94080555,100.9094,230.89839,0.96866244,80.6217,241.63696,0.6588221,102.67807,244.21547,0.8597283,0.0,0.0,0.48220035,102.33374,255.4449,0.69139874,86.80431,254.1938,0.96934694,96.30687,254.48914,0.9788254,85.58874,272.4828,0.94385505,93.82935,272.6917,0.96016115,84.76591,288.86435,0.91882646,92.18892,289.62973,0.9363819
479.94592,213.90663,0.8329884,482.17108,211.59308,0.7742369,478.2657,211.42865,0.7739395,486.31744,213.18378,0.5339283,475.08304,212.83994,0.5277527,489.46695,226.1987,0.97179204,469.6289,225.49124,0.9725733,488.5448,240.56873,0.829803,464.9022,239.32597,0.839235,474.95016,235.80214,0.785996,473.6868,235.48401,0.79407316,483.63358,259.40298,0.9792363,470.0539,259.06015,0.979314,483.11298,286.80115,0.95007926,470.23657,286.54453,0.949744,480.43863,311.3426,0.8962284,471.50415,311.09863,0.8958482
0.0,0.0,0.13587296,0.0,0.0,0.10197853,0.0,0.0,0.075049445,0.0,0.0,0.49122828,0.0,0.0,0.33745432,228.52829,231.10585,0.94941443,243.13777,230.61157,0.9419102,226.48833,244.51596,0.7440885,249.40755,244.36082,0.67247003,226.47,256.47693,0.5288107,0.0,0.0,0.45269972,231.69293,256.8199,0.9739743,241.48802,256.52588,0.9724663,231.41055,275.84207,0.94538933,239.5074,275.53882,0.94066036,232.5854,293.4808,0.9176477,239.22388,292.9103,0.9130523
0.0,0.0,0.11271494,0.0,0.0,0.07844639,0.0,0.0,0.084386535,0.0,0.0,0.4219435,0.0,0.0,0.4347574,142.65068,228.11836,0.9456283,159.47552,227.72948,0.94816166,137.51236,241.08379,0.69172084,164.52267,240.43549,0.72149557,0.0,0.0,0.44933426,0.0,0.0,0.47270718,145.15353,252.64496,0.97317153,155.77524,252.40434,0.9744319,146.43013,272.09335,0.9474273,154.0945,271.8536,0.9498226,147.3134,289.81448,0.9312926,152.54083,289.61884,0.9341289
0.0,0.0,0.10708562,0.0,0.0,0.07272891,0.0,0.0,0.08446283,0.0,0.0,0.37042883,0.0,0.0,0.4266605,114.48932,232.49443,0.92801,128.08084,232.30878,0.93564475,108.86418,244.52844,0.6649841,131.91766,244.44716,0.72005904,0.0,0.0,0.43881497,0.0,0.0,0.4845946,116.62706,255.24599,0.9640559,125.26465,255.22069,0.96662056,117.18147,273.3478,0.93593454,124.39105,273.2752,0.94054544,116.65023,289.53647,0.9130197,122.75275,289.48044,0.9184291
0.0,0.0,0.15922245,0.0,0.0,0.1307809,0.0,0.0,0.09760005,0.0,0.0,0.41291434,0.0,0.0,0.25085524,267.23514,221.80965,0.91991484,275.42853,221.6789,0.90361714,263.18887,234.95876,0.69986624,277.20282,234.98822,0.59712183,260.5873,243.48355,0.5243239,0.0,0.0,0.43142816,267.8053,248.4758,0.97350186,272.793,248.43912,0.9707042,267.9329,270.853,0.96526897,272.0619,270.90625,0.9604662,270.37817,292.55463,0.954888,272.2314,292.5715,0.9503545
