0.0,0.0,0.32777807,0.0,0.0,0.15647565,0.0,0.0,0.2359023,180.86029,207.75388,0.51828545,191.63142,207.70221,0.74693906,173.06169,223.88112,0.9838754,197.07878,222.66634,0.98885626,163.05792,243.65709,0.89312065,205.32007,242.0939,0.9300639,160.9258,262.93784,0.7547216,206.26987,261.15536,0.80742824,176.38512,259.3133,0.9913087,191.70016,258.53583,0.99311393,178.53123,286.75595,0.97656757,190.31056,285.90488,0.98016465,177.91629,311.76013,0.9485428,187.43777,311.74124,0.95450187
0.0,0.0,0.18041387,0.0,0.0,0.15146145,0.0,0.0,0.058377124,307.63116,147.80653,0.7093876,0.0,0.0,0.29586166,295.0058,179.81819,0.97470313,345.78613,178.75716,0.89254594,277.19955,220.4198,0.9233695,345.02896,220.44443,0.6066818,275.79083,225.00832,0.7843111,0.0,0.0,0.46402043,300.3908,260.2982,0.99550533,333.55737,259.4912,0.9904632,305.3062,330.93585,0.995141,327.59665,330.76276,0.9906351,311.0811,402.2444,0.98707473,321.52975,403.2387,0.9807844
805.10345,142.65578,0.95660543,806.8932,137.37387,0.6306881,798.61676,136.38193,0.9593165,0.0,0.0,0.14906338,776.85913,140.39293,0.9452499,798.40405,183.5229,0.96498936,754.8914,180.58337,0.9978357,807.1436,227.67584,0.8199859,738.56165,233.91032,0.99438757,816.6743,234.67603,0.8139391,743.4268,277.62805,0.98628426,790.57306,283.72275,0.99436074,762.34064,283.8121,0.9984647,790.39996,369.52814,0.9852761,771.1956,372.28998,0.99613357,772.6565,438.61813,0.9384337,756.0453,447.37936,0.9732021
618.70807,199.67682,0.9254073,620.91736,197.20903,0.8835875,616.3181,197.29337,0.838352,623.9394,199.40234,0.7572153,612.2817,199.67204,0.5899669,629.73566,215.66666,0.99079585,607.97546,216.59103,0.9892089,633.5496,234.31111,0.9488359,606.2802,235.98415,0.91369843,625.1064,246.06516,0.91253465,608.33044,249.01149,0.865582,626.2024,254.1223,0.98871607,611.85284,254.43365,0.9877636,626.40533,283.44656,0.97004426,610.12915,283.52393,0.96353245,626.76715,309.2709,0.926546,611.48895,309.1599,0.91481507
257.49002,216.17784,0.89411134,259.20798,213.6899,0.7990654,254.86934,213.81296,0.8366834,261.47223,215.26953,0.5673989,249.83426,215.34712,0.6815047,264.97095,228.91882,0.9819141,245.29735,229.33003,0.98788816,269.8976,244.98747,0.87890023,239.55063,246.66092,0.9142841,267.42767,256.54138,0.8239883,238.0655,259.71808,0.8547416,261.28217,259.30908,0.985134,249.13097,259.47592,0.98768836,259.0705,285.86005,0.97272193,248.88722,285.96918,0.9751363,256.8991,311.35916,0.94974345,249.26321,311.7338,0.9530352
453.5414,212.42976,0.89715314,456.15366,210.29623,0.86190504,452.3795,210.16258,0.7784837,461.07108,211.8461,0.7565388,450.78415,211.50026,0.5035415,466.94522,225.2875,0.9885417,445.9394,225.02592,0.98540753,471.7254,239.75671,0.9393141,438.28165,238.91515,0.8854382,465.58994,243.7256,0.8971314,440.2179,243.62273,0.83066946,462.15433,259.50958,0.9895135,448.52286,259.24258,0.98796046,463.2983,285.27194,0.9791759,447.62357,284.86127,0.9729062,465.9704,310.0733,0.9569039,450.1445,308.93234,0.9470717
666.71857,210.29454,0.9107686,669.4359,207.52307,0.9051297,664.63586,207.76245,0.8071203,675.24274,209.02396,0.8133126,0.0,0.0,0.41315222,682.14374,222.82138,0.98998624,658.97754,224.01448,0.98289436,685.44666,236.44745,0.9249564,654.468,237.25833,0.81723535,671.9144,234.99377,0.88095224,659.2312,235.48659,0.76966506,677.15936,255.84283,0.98585296,661.6536,256.0971,0.9815362,674.3424,279.96384,0.95098424,661.6955,279.97867,0.93434954,671.4619,301.7633,0.87363744,664.8772,301.45508,0.84431255
0.0,0.0,0.14925419,0.0,0.0,0.10102005,0.0,0.0,0.10769315,0.0,0.0,0.44292182,0.0,0.0,0.42466378,362.34854,228.69815,0.96701413,377.0128,229.59308,0.9659548,356.6313,240.38326,0.8182616,379.8494,241.94292,0.8157671,355.1759,248.80908,0.6228363,378.5195,250.19513,0.6170953,363.5139,253.64638,0.9844332,372.61627,253.95491,0.9841881,364.0102,273.54474,0.95940757,371.0616,273.9559,0.9590819,364.91385,291.64203,0.929994,369.37228,292.12247,0.9298387
0.0,0.0,0.12499371,0.0,0.0,0.068157285,0.0,0.0,0.13175814,0.0,0.0,0.2505848,106.11584,225.50844,0.53711,95.26649,232.63803,0.9004533,106.812126,233.16847,0.93210787,91.55678,243.39299,0.5779921,109.15139,243.9582,0.7773854,0.0,0.0,0.4101246,110.77384,253.14091,0.58670384,95.45418,251.94182,0.95961094,103.22063,252.21658,0.96752745,95.88758,268.56226,0.9488276,104.10129,268.58667,0.9605908,93.960304,284.81964,0.9434841,102.16845,285.25415,0.9540391
0.0,0.0,0.14262575,0.0,0.0,0.0872356,0.0,0.0,0.12775062,0.0,0.0,0.32039553,0.0,0.0,0.47454995,118.68478,232.3047,0.9311532,130.94078,232.63576,0.944278,114.37156,242.52472,0.69114685,134.6973,242.48782,0.7938746,114.72035,249.2175,0.5168262,136.94328,249.25139,0.61577374,119.38492,251.97116,0.97211635,126.98589,252.16602,0.97525984,119.70349,269.34805,0.9528307,126.46967,269.1378,0.95931566,118.88019,285.01154,0.9341013,124.74074,285.3961,0.9414888
414.14868,225.21783,0.8325192,416.0807,223.311,0.8193879,413.07846,223.21797,0.6995851,420.11765,224.23412,0.70507944,0.0,0.0,0.37329787,424.09158,234.29466,0.97751325,410.73676,233.9894,0.965835,425.8306,246.35365,0.890118,407.2031,245.31606,0.7822608,420.1837,253.26921,0.8462992,408.0282,251.96935,0.74600136,421.21912,258.36798,0.9781123,412.69962,258.04953,0.97326875,419.3353,277.0445,0.953148,411.93057,276.7084,0.94051737,419.67117,294.66772,0.91116005,413.42935,294.15448,0.8939162
