0.0,0.0,0.0635837,0.0,0.0,0.1239465,0.0,0.0,0.0026262528,767.1727,0.0,0.86435413,0.0,0.0,0.008148114,765.31036,60.464523,0.9355134,0.0,0.0,0.36224395,742.2543,203.05345,0.9130283,0.0,0.0,0.11013881,737.945,327.92776,0.69822186,0.0,0.0,0.08365918,793.55005,355.32846,0.76753455,0.0,0.0,0.43663004,0.0,0.0,0.10390678,0.0,0.0,0.026778968,0.0,0.0,0.0088545205,0.0,0.0,0.003499911
0.0,0.0,0.25292075,0.0,0.0,0.20352633,0.0,0.0,0.108894415,570.0505,199.26587,0.7129712,0.0,0.0,0.45041636,564.41614,217.4,0.9832066,589.89386,216.30457,0.97729546,556.8042,242.60704,0.9104625,596.78796,239.2121,0.825616,550.2272,264.2794,0.7512697,594.1977,256.11993,0.6245342,567.75867,262.5185,0.9910087,583.7018,261.83395,0.98974717,566.8176,297.89215,0.975686,578.2107,297.71588,0.9688203,572.7313,331.5272,0.9470342,578.8169,331.2816,0.936778
0.0,0.0,0.12776294,0.0,0.0,0.072120436,0.0,0.0,0.08329265,129.50154,194.40755,0.5663592,144.63994,195.3632,0.6187999,121.243904,212.73798,0.9686835,152.61353,214.26755,0.98054,110.63284,235.7905,0.8368953,156.83653,237.90588,0.9045559,113.267624,251.07867,0.6348839,156.03421,255.38576,0.7225623,122.009,259.14786,0.9918819,142.7257,259.56342,0.99350727,121.3449,293.40018,0.986478,139.07333,293.76492,0.9876276,118.9958,327.4708,0.97418076,134.01154,327.94562,0.97548693
0.0,0.0,0.15303385,0.0,0.0,0.052416373,0.0,0.0,0.14952558,0.0,0.0,0.3808962,202.3376,194.71786,0.818499,177.40965,211.69847,0.9773291,206.49934,212.98628,0.99352276,166.09319,235.22948,0.8395341,214.71901,237.91298,0.9718096,169.34845,255.13586,0.64737743,220.93434,259.1534,0.87579626,183.14534,259.3507,0.9943184,201.29507,260.1576,0.9970343,183.66222,294.34378,0.9835079,196.20589,294.8662,0.99029315,184.55275,328.22977,0.9611988,190.82074,329.5969,0.9732774
0.0,0.0,0.3359406,0.0,0.0,0.088190734,0.0,0.0,0.38167652,0.0,0.0,0.24466102,87.45126,195.21494,0.8973534,64.5565,212.8281,0.96015555,90.789246,214.33655,0.9902456,55.148663,237.48935,0.6274325,99.04051,238.88075,0.9521985,0.0,0.0,0.45134917,105.54241,256.78415,0.8346736,69.007324,259.6036,0.987059,86.404366,260.2529,0.99421436,68.79779,293.4459,0.9774125,86.68267,293.47516,0.9898929,66.22077,325.16013,0.96445084,83.1457,326.72513,0.9803494
300.9662,186.03262,0.94456273,303.89056,182.3437,0.88493055,297.0422,182.71797,0.91286176,307.7339,185.39389,0.6282259,290.22324,186.14706,0.75941586,314.97256,209.26498,0.99069464,281.60175,211.2323,0.9945709,322.46582,236.18959,0.92645675,277.08926,240.57245,0.9558893,324.86853,259.17813,0.88155985,277.93817,260.98944,0.91202897,309.42227,264.75418,0.9935967,289.04022,265.81378,0.9951266,306.58688,302.48654,0.9822251,291.5442,303.48514,0.9848549,300.7239,337.7246,0.9561295,292.98605,339.12683,0.9613191
360.68192,195.73041,0.9243363,364.26105,193.04283,0.84786254,358.01288,192.53065,0.8875208,368.816,197.10378,0.5888809,352.61133,195.84769,0.71657205,371.9313,216.34044,0.9831155,343.9146,217.42274,0.990829,377.0954,230.07901,0.88730013,330.34076,239.82652,0.9425042,367.58188,218.61398,0.84388053,330.90884,249.53381,0.89574605,364.8909,266.3644,0.9892976,346.85867,266.67834,0.9919739,364.07166,303.20023,0.97902966,347.5231,303.17883,0.9821139,362.5591,338.16235,0.9512824,348.10776,337.82135,0.95616066
0.0,0.0,0.2256005,0.0,0.0,0.2978788,0.0,0.0,0.051469654,658.3129,187.03871,0.93470204,0.0,0.0,0.31992757,654.55756,210.11723,0.98795766,688.62384,208.91373,0.95914614,643.30096,240.3615,0.9405645,693.14905,238.95502,0.57906884,637.42816,263.85873,0.770676,0.0,0.0,0.341458,659.01575,265.58844,0.98953515,682.03107,264.63828,0.9788344,652.2586,304.9946,0.9809368,679.58417,304.80954,0.9527667,652.4271,345.94806,0.95949143,681.0201,344.00488,0.9218444
0.0,0.0,0.054346167,0.0,0.0,0.02926465,0.0,0.0,0.034688443,444.4427,174.47469,0.53258324,463.3961,174.58667,0.61511135,433.27786,196.55756,0.9702313,472.23245,196.7201,0.97865915,421.20596,227.40536,0.82545996,483.49597,226.6812,0.87458014,421.35205,248.16183,0.5455716,485.57437,245.58533,0.6018239,440.68658,258.63202,0.99353117,465.11884,259.06085,0.9943758,441.18457,308.82492,0.9840565,462.08188,309.5654,0.9842354,442.94022,357.6406,0.96044606,456.42203,358.56488,0.9604795
267.0157,204.15079,0.8957959,268.3719,202.1128,0.74225014,264.67053,201.84232,0.89447325,0.0,0.0,0.38586366,258.53946,202.47629,0.830557,269.89902,216.3397,0.96057796,251.34964,215.00305,0.98670703,273.8186,229.80524,0.6845755,247.7316,228.11784,0.9238238,272.17303,230.9656,0.62953913,254.93924,227.77715,0.85859746,264.77332,250.33548,0.96155643,253.0858,250.07396,0.9793658,262.5065,282.43893,0.90305936,253.6898,282.46722,0.94435316,257.06226,312.40317,0.84851956,251.10283,313.1565,0.89771885
0.0,0.0,0.046654176,0.0,0.0,0.018493295,0.0,0.0,0.046624385,0.0,0.0,0.19043104,513.29816,206.13916,0.57194227,489.3429,217.75887,0.8183251,517.40173,218.73961,0.90109783,0.0,0.0,0.41485313,523.7241,232.55986,0.73130053,0.0,0.0,0.23988767,0.0,0.0,0.46396485,488.027,253.17879,0.9595071,507.3639,253.82845,0.97206885,487.67798,283.9251,0.9558236,510.18088,284.72565,0.9690067,484.09158,314.84518,0.9493507,508.68414,316.40417,0.96044576
404.32416,226.4247,0.67301977,405.73743,224.3711,0.605692,403.36505,224.39325,0.50934124,408.8035,224.96838,0.50489235,0.0,0.0,0.30103537,412.36047,235.83105,0.95105225,400.78705,236.15665,0.93829745,416.08035,247.42578,0.80115783,399.78683,247.54916,0.72910064,412.02676,248.93307,0.74802524,402.86777,248.57751,0.68274546,408.90823,264.04056,0.9736587,401.8745,264.01785,0.97054315,407.58636,286.90546,0.9606862,402.00812,286.55878,0.9557247,406.51398,308.3071,0.92516124,401.8733,308.0636,0.9185602
