390.2916,144.78224,0.986547,394.95184,138.52748,0.9178122,380.82858,138.72081,0.97929573,400.67297,144.57402,0.52051055,362.67383,145.29448,0.9299053,416.2708,190.58862,0.99060035,339.4898,188.19711,0.99780947,427.39734,243.55779,0.9289295,315.76672,237.39403,0.9899484,428.80508,295.0813,0.8778893,321.96863,277.31808,0.9740251,401.24896,299.24088,0.99476105,351.93127,297.50824,0.99749255,402.31842,381.9756,0.97323054,347.6947,371.92422,0.98727745,390.31708,450.52985,0.8694748,342.01016,432.4131,0.9167511
591.67993,145.40813,0.97331345,596.1285,139.67178,0.80462915,584.7773,139.18576,0.9730427,0.0,0.0,0.27239206,564.37445,138.89449,0.9376405,605.58026,177.70886,0.972475,538.7754,176.9697,0.997678,628.17004,225.89288,0.80366904,507.14395,222.75917,0.990763,636.3807,277.06342,0.7505464,479.61636,270.23007,0.97447306,590.67316,279.65723,0.9932702,551.83655,280.0466,0.9979646,581.297,357.9985,0.98540723,557.7866,359.39526,0.99565744,570.1898,423.52896,0.95389694,568.2415,428.8237,0.9787604
0.0,0.0,0.16236483,0.0,0.0,0.124865465,0.0,0.0,0.059911508,733.6602,208.6977,0.809306,752.75995,207.66995,0.59505177,725.4178,234.81049,0.9861524,764.65485,233.15324,0.9793839,715.5189,271.0591,0.8991604,773.0955,268.25696,0.79335535,710.55414,297.62216,0.65818864,766.067,291.46747,0.50417614,729.1808,295.97064,0.9916483,755.9059,295.01907,0.99000335,724.6038,345.29037,0.9813601,757.3644,345.14667,0.97488743,722.0956,389.59384,0.95236135,757.8261,389.18008,0.9414324
0.0,0.0,0.06996176,0.0,0.0,0.032153342,0.0,0.0,0.050184783,0.0,0.0,0.49635053,695.02185,186.65277,0.70653474,662.986,208.78601,0.96489847,702.6165,210.07747,0.97741574,653.14825,241.94858,0.68245864,709.4423,244.13605,0.8126165,0.0,0.0,0.33481786,0.0,0.0,0.45182332,668.0041,271.49628,0.9895399,694.127,272.5679,0.9915165,669.17773,319.90027,0.9759497,694.2174,321.21478,0.9785543,670.2344,367.325,0.95494276,691.2726,368.98196,0.9579864
0.0,0.0,0.10957983,0.0,0.0,0.06758554,0.0,0.0,0.07051218,0.0,0.0,0.1490761,0.0,0.0,0.19292192,836.66095,226.76247,0.56486297,845.4759,226.50906,0.6532402,0.0,0.0,0.37248185,0.0,0.0,0.4782987,0.0,0.0,0.28614596,0.0,0.0,0.35176733,841.88654,293.095,0.7117447,848.3185,293.72165,0.7542894,845.337,336.83722,0.57013655,847.3103,337.2282,0.6065276,0.0,0.0,0.426778,0.0,0.0,0.45985305
799.3347,212.21724,0.9048928,802.2092,209.21222,0.8604222,796.6599,209.35568,0.81405216,807.53864,209.78561,0.6941802,792.8687,210.1864,0.5518854,814.00446,224.85826,0.97795665,789.5581,225.81747,0.9791078,816.05896,245.09045,0.8713877,788.1064,245.98506,0.84588945,799.23883,248.40604,0.8138367,797.0507,248.68123,0.7801331,813.22284,270.72903,0.9681009,797.0608,271.27548,0.9691639,813.1268,308.36783,0.9144738,799.63043,308.64978,0.90910655,812.3785,341.6927,0.82118595,803.4005,341.34485,0.8143929
0.0,0.0,0.13473466,0.0,0.0,0.049426343,0.0,0.0,0.13005069,0.0,0.0,0.16601053,454.05292,230.72559,0.58753836,441.294,241.66994,0.86629504,456.87735,241.6031,0.9401613,438.94467,255.06024,0.5272283,460.06158,256.96426,0.8518442,0.0,0.0,0.37642422,463.01132,270.81604,0.6815287,443.8505,269.04138,0.94909626,453.93567,268.75238,0.96972173,446.44452,290.17105,0.9031225,452.76202,289.60144,0.9429764,445.43472,309.08932,0.8527902,448.59634,308.94342,0.89893305
0.0,0.0,0.08439598,0.0,0.0,0.05247126,0.0,0.0,0.061338507,0.0,0.0,0.44978002,0.0,0.0,0.48783195,272.1345,240.62079,0.962571,292.67627,241.17589,0.9663476,265.41013,256.71457,0.74413824,297.53662,257.8799,0.7861671,0.0,0.0,0.46445385,297.05804,272.06174,0.5031346,273.9598,271.2175,0.9805253,287.48996,271.4187,0.9817853,274.63214,294.81473,0.94129264,284.9519,295.02228,0.9450511,275.26855,315.2383,0.8982474,282.18604,315.4146,0.90361357
0.0,0.0,0.20222662,0.0,0.0,0.22574785,0.0,0.0,0.06372168,615.234,166.78485,0.57056725,0.0,0.0,0.098406196,622.3081,191.44997,0.84625834,623.216,191.22928,0.5823626,637.7744,230.53868,0.65296096,0.0,0.0,0.17232747,0.0,0.0,0.43175414,0.0,0.0,0.12430001,620.70984,265.3263,0.88868284,621.8314,265.00916,0.7975715,622.2458,320.78482,0.8564616,619.93616,320.76642,0.7409376,630.017,373.45602,0.7733029,623.006,372.22067,0.66495204
0.0,0.0,0.15803434,0.0,0.0,0.11072573,0.0,0.0,0.11816279,0.0,0.0,0.45340425,0.0,0.0,0.44680583,219.75577,257.56403,0.9550909,236.98677,257.53165,0.9548696,214.32346,268.8404,0.76497215,242.34854,268.28107,0.77604866,214.05809,275.13315,0.58152497,242.56749,274.55948,0.591259,221.88177,281.15378,0.98177093,232.31354,281.1221,0.9818777,222.24348,300.13434,0.96723527,230.65166,299.82855,0.967661,221.99673,318.2259,0.9472958,228.56413,318.2222,0.94816905
