0.0,0.0,0.116099365,0.0,0.0,0.07379914,0.0,0.0,0.062380284,249.81485,185.14996,0.75143,266.50122,184.78793,0.70548266,240.3039,206.49574,0.9906916,276.41382,206.24292,0.9935202,228.71411,235.00137,0.939603,288.716,234.85669,0.9498167,223.33592,260.44092,0.77961606,289.13205,260.21332,0.79129696,247.32387,260.7484,0.9966788,270.34973,260.81094,0.9971987,244.03372,301.26947,0.9881732,267.42538,301.70486,0.9878726,246.49333,340.23068,0.96646744,266.91522,340.68213,0.9655001
0.0,0.0,0.011123759,0.0,0.0,0.008182754,0.0,0.0,0.0011812143,630.012,0.0,0.6701639,0.0,0.0,0.07259063,635.26215,48.23244,0.9099197,740.8071,39.061504,0.8287216,606.9853,169.43268,0.8083974,763.09875,169.73602,0.6356805,0.0,0.0,0.49655667,0.0,0.0,0.36387068,684.6795,279.84464,0.92323375,760.16705,273.63507,0.9102425,0.0,0.0,0.40498185,0.0,0.0,0.3895525,0.0,0.0,0.025958925,0.0,0.0,0.02694608
450.151,152.94557,0.95500356,454.048,148.37091,0.8414744,444.51767,148.77951,0.94262475,0.0,0.0,0.49452794,436.94254,152.10928,0.8451125,470.50842,181.679,0.95783174,427.3792,181.03543,0.9919268,474.3658,215.20285,0.7844881,422.27667,215.87517,0.9728352,467.0149,213.02818,0.7400691,454.9995,219.2264,0.94225967,466.14178,258.02054,0.98131794,437.77808,257.7366,0.9918371,459.56546,322.41895,0.96826285,437.9347,321.75244,0.9868396,444.91464,373.63788,0.9253272,429.84036,374.19922,0.9578151
505.01538,197.61488,0.9165053,508.24475,194.18614,0.846162,501.40417,194.02042,0.8584922,512.7236,196.42041,0.5598412,494.1571,195.58046,0.58335495,517.35754,216.09193,0.9767347,485.96597,214.17052,0.9793714,525.08026,242.0959,0.8951881,475.06137,234.1382,0.9003552,524.8184,258.23535,0.84951824,485.17355,238.55144,0.8545652,511.97134,268.10205,0.98577,490.86148,268.02682,0.9867525,519.15594,310.93182,0.97727543,494.19214,311.14282,0.97672117,521.3611,351.4433,0.95321417,491.6891,351.41602,0.9512328
0.0,0.0,0.22382043,0.0,0.0,0.10684008,0.0,0.0,0.19810031,0.0,0.0,0.4410905,88.34711,216.36353,0.7376775,72.36088,227.71101,0.96862084,91.65456,228.2934,0.98450917,65.39959,241.5705,0.7866311,96.70879,242.26556,0.91697586,65.52724,254.16763,0.5885754,97.29591,254.5203,0.76012665,72.95349,255.47687,0.9867858,85.40615,255.83603,0.9907692,72.93518,276.9226,0.97341067,82.332794,277.3078,0.9798362,73.909645,297.19888,0.9551857,81.002884,298.12964,0.96265626
0.0,0.0,0.22573021,0.0,0.0,0.14451195,0.0,0.0,0.1624189,388.81537,202.88367,0.6200823,398.96204,203.2263,0.63025415,382.7614,216.60529,0.9861687,403.56473,217.29054,0.98635846,375.94107,235.20735,0.8410754,409.97968,236.09059,0.8584985,377.24203,250.37352,0.61795545,410.63428,251.07848,0.6373842,385.3061,251.42857,0.99079716,397.98752,251.80957,0.9909524,387.27127,279.5548,0.9681377,396.3081,279.5673,0.96925,388.3103,305.9151,0.9286665,393.97614,306.41196,0.931017
0.0,0.0,0.15976441,0.0,0.0,0.097161904,0.0,0.0,0.14214987,0.0,0.0,0.43099806,121.153336,217.65579,0.6060563,108.26487,228.06395,0.9690335,124.87864,228.21555,0.97542065,102.62853,242.72462,0.77506274,129.29477,242.62221,0.8594181,102.23052,255.24896,0.56336117,129.19777,255.65346,0.66475034,110.37578,254.78311,0.9843494,121.51841,254.71774,0.98647773,111.34759,276.22888,0.96213657,120.73935,276.04816,0.96791893,111.12103,295.91165,0.93791556,119.42937,295.84714,0.9454908
0.0,0.0,0.088638805,0.0,0.0,0.014638157,0.0,0.0,0.11849697,0.0,0.0,0.02959603,0.0,0.0,0.38298172,0.0,0.0,0.14766294,832.52576,123.74413,0.7704436,0.0,0.0,0.061759178,814.19116,225.52817,0.76027346,0.0,0.0,0.05857744,831.32996,312.29492,0.5127383,0.0,0.0,0.24683668,841.2514,288.90527,0.58122474,0.0,0.0,0.046802524,0.0,0.0,0.15919603,0.0,0.0,0.016797801,0.0,0.0,0.037100535
0.0,0.0,0.21326591,0.0,0.0,0.12817258,0.0,0.0,0.16983545,156.07254,214.17699,0.5085793,164.79353,214.86293,0.60596144,150.22522,225.63098,0.9788537,168.13351,226.62442,0.98110205,143.44098,239.96306,0.8113534,172.00703,241.45703,0.8560539,143.5944,250.80156,0.6040546,170.74817,252.21492,0.6582696,150.6728,254.2921,0.98744875,161.6948,254.67923,0.9881441,150.29749,276.83423,0.9655501,160.42253,277.09814,0.96841025,149.06747,297.40872,0.93405026,157.66057,298.0769,0.93860924
0.0,0.0,0.06487351,0.0,0.0,0.042716388,0.0,0.0,0.040117737,0.0,0.0,0.3790439,0.0,0.0,0.37598714,297.99152,231.1855,0.90646064,319.6892,229.96336,0.91245943,295.04306,246.69444,0.72204083,326.64383,244.63484,0.7529985,295.44824,258.75406,0.5038767,326.14868,256.94333,0.54079634,302.72708,260.54007,0.9712205,317.16357,260.1043,0.9725051,305.063,283.76703,0.9513709,318.4139,283.46375,0.9512893,306.63907,305.01373,0.93202096,318.87402,304.0719,0.93137604
0.0,0.0,0.16504735,0.0,0.0,0.16766876,0.0,0.0,0.055985514,349.7123,207.56741,0.59708124,0.0,0.0,0.10946665,350.74353,218.55579,0.9336148,359.95184,217.49026,0.8788605,345.56403,236.13495,0.7957507,0.0,0.0,0.47519365,336.8112,244.84059,0.63329005,0.0,0.0,0.3581424,352.6219,250.26393,0.9765157,358.21494,249.37662,0.96752965,348.07617,277.83582,0.9645646,352.344,277.15768,0.945674,350.7966,305.5183,0.93486863,352.10266,304.02597,0.910513
560.6391,215.23878,0.90076625,562.9617,212.89777,0.8810693,558.95953,212.9703,0.8113655,567.79346,213.99219,0.75346315,0.0,0.0,0.47634897,572.23083,226.30005,0.9841105,553.8444,226.79935,0.9768966,572.8568,241.15375,0.8905365,551.4818,241.39835,0.8021728,559.7384,240.5468,0.83745587,558.04004,240.71706,0.74990517,566.5683,259.38623,0.97077155,554.0353,259.34164,0.96477926,564.53595,286.94803,0.8763405,554.1941,286.80472,0.85066324,561.90497,309.89767,0.69082385,555.76117,309.73575,0.6530102
0.0,0.0,0.0033121754,0.0,0.0,0.0011729118,0.0,0.0,0.001669886,0.0,0.0,0.10247644,0.0,0.0,0.31031975,0.0,0.0,0.4779155,774.32904,45.006046,0.8404715,0.0,0.0,0.10560025,787.9917,127.22552,0.73858774,0.0,0.0,0.024585309,0.0,0.0,0.23828045,0.0,0.0,0.463355,760.9474,178.1157,0.7207197,0.0,0.0,0.04543614,0.0,0.0,0.13635501,0.0,0.0,0.014133692,0.0,0.0,0.035465445
