0.0,0.0,0.119469754,0.0,0.0,0.051858265,0.0,0.0,0.08847222,377.1922,185.97418,0.53981245,394.8311,186.32387,0.7684466,365.23914,208.26013,0.98348826,401.3532,208.43901,0.9907154,356.96274,239.97815,0.87001944,410.5416,236.97278,0.9314592,355.8589,266.58408,0.6404409,407.3198,257.79904,0.7354539,370.21698,264.57098,0.99530435,393.99075,265.10306,0.99643075,371.87604,309.15567,0.9864932,394.74414,309.92645,0.9882252,374.1115,352.56992,0.9673615,394.41586,354.35208,0.97004795
0.0,0.0,0.11648492,0.0,0.0,0.06469798,0.0,0.0,0.05908705,0.0,0.0,0.43532845,0.0,0.0,0.44720086,746.54926,226.67776,0.968031,773.06506,224.712,0.970378,739.5442,250.1831,0.889274,780.49713,246.7939,0.8845925,738.33795,269.16736,0.74196297,778.97815,263.5886,0.7324905,753.4391,268.68073,0.99051625,770.84344,267.80704,0.9913697,756.41693,300.3043,0.9755981,770.9306,299.52188,0.976142,758.9539,328.4333,0.9431594,771.2155,327.75198,0.944582
0.0,0.0,0.19557282,0.0,0.0,0.08600656,0.0,0.0,0.13595259,0.0,0.0,0.4404455,490.10004,215.75237,0.6974866,468.32346,231.22244,0.9760207,497.36322,230.56624,0.9865876,461.6918,251.97456,0.8606114,507.20242,251.89018,0.93528795,461.9855,269.92258,0.6983173,507.59274,270.06262,0.8109377,474.89658,271.52396,0.99232364,493.8968,271.12506,0.9946759,475.1795,303.05215,0.9825318,491.39175,302.3984,0.98704743,478.24597,331.94138,0.9619628,491.89807,331.83026,0.96949255
233.56729,173.7387,0.96452975,238.4341,169.75839,0.938084,229.29976,169.7861,0.8935795,246.93275,172.42717,0.8332803,224.82455,172.78754,0.62845063,258.3364,198.65793,0.99391127,220.7241,199.5135,0.98442036,274.58234,228.05287,0.9731972,214.20946,233.91852,0.91276747,265.6006,223.01578,0.94234765,217.79793,249.70541,0.8673294,255.77786,262.4194,0.99541384,230.25189,262.44922,0.99249333,260.21234,314.96085,0.9903998,229.61047,315.01923,0.98546326,269.2875,360.18698,0.9689078,233.46713,361.32248,0.9606191
694.2995,182.4719,0.95262176,696.51935,178.82321,0.827855,690.0518,178.18144,0.94979495,0.0,0.0,0.37023026,679.2858,179.04593,0.8851894,700.94415,205.42075,0.9838297,667.77026,203.8468,0.99557835,709.7998,234.12044,0.8513803,656.95557,235.72734,0.97592634,711.62885,258.5597,0.8071519,649.8025,270.03632,0.94525695,693.7064,267.65775,0.9904738,673.9833,267.46213,0.9951881,688.38666,312.71918,0.9723343,680.5448,312.82602,0.9847928,682.898,353.99326,0.9243191,682.6255,354.85507,0.9500743
0.0,0.0,0.10550279,0.0,0.0,0.06471158,0.0,0.0,0.06625365,0.0,0.0,0.46560138,0.0,0.0,0.4928102,518.4754,221.61342,0.94381297,543.3647,220.05016,0.95826536,511.83975,244.05606,0.7746429,552.7563,237.66696,0.83311623,510.12955,257.87012,0.5715996,549.6995,246.99057,0.6319025,524.0309,262.12234,0.9872652,540.31836,261.63333,0.98906624,523.9913,295.6953,0.98388934,538.2904,295.34232,0.9846198,524.8132,329.44678,0.97437143,536.23676,328.71057,0.9748975
0.0,0.0,0.10860346,0.0,0.0,0.06190978,0.0,0.0,0.06365022,154.10051,205.8844,0.5090716,167.42186,206.14801,0.5219514,145.94739,220.98848,0.95136136,172.79721,221.69476,0.95655656,138.98448,241.79546,0.7290492,176.21278,242.92146,0.74478763,0.0,0.0,0.4696847,0.0,0.0,0.47130665,150.72475,264.10468,0.97952074,169.1863,264.7427,0.97987753,143.71867,299.22968,0.9604742,167.19691,299.96555,0.95643586,141.69156,332.21277,0.9283026,166.53989,332.69952,0.922572
0.0,0.0,0.09596027,0.0,0.0,0.12244012,0.0,0.0,0.033551637,0.0,0.0,0.2414547,0.0,0.0,0.03672943,12.486108,203.69322,0.6256888,0.0,0.0,0.11990852,20.57707,237.53592,0.6486193,0.0,0.0,0.058022063,10.072354,234.93616,0.5128665,0.0,0.0,0.08597229,17.52558,277.6255,0.6836492,0.0,0.0,0.37526488,18.370941,334.66098,0.71767014,0.0,0.0,0.42039865,34.62435,377.92786,0.63896596,0.0,0.0,0.4332394
273.11472,196.76616,0.8708908,276.63797,193.62857,0.8901139,271.18542,193.74957,0.6200354,284.55765,195.59016,0.8481517,0.0,0.0,0.21381877,292.73486,213.86053,0.9772792,269.92023,214.96036,0.9122544,297.09628,238.13687,0.91739696,0.0,0.0,0.46255577,280.81174,237.20605,0.85032123,0.0,0.0,0.4415082,286.23785,264.2866,0.95131314,271.63135,264.1546,0.9001196,281.304,308.80374,0.8866296,272.88412,308.78522,0.7604083,282.97995,347.84677,0.74655855,278.76495,346.7884,0.5994689
0.0,0.0,0.2374532,0.0,0.0,0.15752049,0.0,0.0,0.14957866,0.0,0.0,0.38588554,0.0,0.0,0.41163245,631.83484,223.9771,0.878631,654.0077,223.58704,0.87036145,627.9037,247.71306,0.59332633,654.7149,247.22838,0.53139836,0.0,0.0,0.4194433,0.0,0.0,0.36942697,642.0631,265.50253,0.91774845,656.77954,265.85776,0.9160326,650.5041,301.09586,0.8938542,660.79694,301.09195,0.888448,655.28375,336.0154,0.855941,661.6071,336.19366,0.8531271
