0.0,0.0,0.22825973,0.0,0.0,0.19202799,0.0,0.0,0.06429466,280.92096,160.02155,0.7573709,0.0,0.0,0.23571591,270.30188,188.40479,0.98096484,317.5351,183.81914,0.9045074,257.4877,232.57127,0.9477145,318.79492,215.88078,0.68224025,260.96094,263.27573,0.8500961,307.7083,231.25711,0.54911673,278.4375,257.69498,0.9958235,309.7721,256.0151,0.9909773,280.8199,322.74786,0.9960383,311.11887,324.59128,0.99237,284.2104,383.1022,0.98983127,314.97876,388.40652,0.9850751
611.32623,194.56068,0.93170524,614.1725,192.11018,0.8705483,609.01965,191.77025,0.881286,617.7557,194.63162,0.67201674,604.7282,193.68805,0.70536,621.6712,212.086,0.989431,598.3272,211.41428,0.99296147,625.71985,232.51418,0.92964596,593.997,232.53008,0.9500071,619.4178,244.46828,0.89093536,595.4674,247.70363,0.9090803,614.2689,254.58606,0.99024093,599.179,254.11092,0.99209774,611.77496,286.51877,0.9744493,597.16766,285.92322,0.9768025,611.34985,316.31665,0.93744725,597.6266,315.57968,0.9413843
0.0,0.0,0.13799332,0.0,0.0,0.08172172,0.0,0.0,0.100638196,183.49268,211.61693,0.5669174,195.10507,211.6722,0.6646088,175.46535,224.99559,0.97180486,201.95926,224.81383,0.9794201,167.97,242.33691,0.8343854,211.17711,240.96277,0.88479614,167.74762,256.68094,0.61545295,211.61665,253.4897,0.68081623,178.74112,257.57776,0.98796463,195.60396,257.70605,0.9895544,180.32936,281.52936,0.97482175,193.20592,281.88843,0.97582495,180.91808,304.0579,0.9558281,189.91455,304.50546,0.9562806
466.0516,212.94063,0.85189074,468.03445,210.83446,0.7585454,464.34393,210.80101,0.75736994,471.37766,212.1586,0.5542831,461.28317,212.1062,0.54667974,477.1263,223.71976,0.9771557,456.45056,224.32703,0.9814193,483.14835,235.75124,0.9070312,452.3281,237.9771,0.91647035,475.8133,229.45311,0.8712228,458.73868,233.28204,0.8761058,472.66318,257.32858,0.98802686,459.68835,257.43427,0.98904896,471.32065,284.71298,0.97976184,460.60745,284.59488,0.97967243,468.35434,310.1197,0.96192294,461.07755,309.736,0.96193004
663.1468,206.14557,0.9121456,665.5404,204.19487,0.8612074,661.43854,203.91737,0.8295373,669.16766,206.77747,0.7082445,658.0972,206.02602,0.6045179,672.6592,220.79417,0.9880287,653.1748,219.52754,0.9886672,676.07367,235.0325,0.93329304,647.9052,231.45091,0.9159068,667.8784,232.8139,0.89542496,652.3149,225.75377,0.8691981,666.94305,253.58052,0.98809016,653.98846,252.92787,0.9881343,667.68475,280.53534,0.97301406,652.8209,279.84113,0.9698305,668.8786,305.0126,0.94113,652.3908,303.94263,0.93627197
0.0,0.0,0.17826612,0.0,0.0,0.08813835,0.0,0.0,0.23472811,0.0,0.0,0.04524332,0.0,0.0,0.28232083,0.0,0.0,0.14080413,0.0,0.0,0.46674493,0.0,0.0,0.0669143,838.26184,242.14178,0.51852185,0.0,0.0,0.10304611,0.0,0.0,0.46167317,0.0,0.0,0.23326029,0.0,0.0,0.44699496,0.0,0.0,0.2894316,845.55774,297.05035,0.5217672,0.0,0.0,0.38117048,843.8959,330.25797,0.56736034
0.0,0.0,0.12530784,0.0,0.0,0.09704101,0.0,0.0,0.08614187,0.0,0.0,0.43873253,0.0,0.0,0.3659102,236.86377,227.61285,0.91171324,250.61343,227.39726,0.9140115,232.65646,241.4862,0.64718914,253.99438,241.35359,0.6420251,0.0,0.0,0.4493475,0.0,0.0,0.43514967,239.1925,252.2877,0.9525117,248.69904,252.1555,0.9539616,238.92427,272.1585,0.92107344,247.28062,271.99326,0.9212224,239.74612,290.43436,0.890975,246.87843,289.97772,0.89158976
0.0,0.0,0.28522727,0.0,0.0,0.14693044,0.0,0.0,0.342079,0.0,0.0,0.084709056,0.0,0.0,0.42342624,0.0,0.0,0.38163647,842.6389,227.7693,0.7388149,0.0,0.0,0.11798775,839.7684,243.15814,0.59492743,0.0,0.0,0.14164649,0.0,0.0,0.49184263,850.64166,260.43576,0.5611193,846.2265,261.2642,0.7558477,848.52057,293.89725,0.57351047,845.4957,294.31467,0.76100343,848.69324,327.0291,0.6445097,845.93536,327.9667,0.7770967
0.0,0.0,0.18868595,0.0,0.0,0.09090816,0.0,0.0,0.21239066,0.0,0.0,0.27411857,136.10074,220.24254,0.6943408,124.73503,229.50189,0.9449821,137.08958,229.79279,0.9666714,121.3854,240.95856,0.6521448,141.28548,241.22058,0.86251235,0.0,0.0,0.46072215,144.93344,250.63828,0.68343234,127.531044,251.50461,0.9665553,135.63847,251.8743,0.9746027,129.01262,268.30472,0.92811525,136.98975,268.26776,0.94826454,126.89516,282.7735,0.8963952,134.93434,283.426,0.9195052
0.0,0.0,0.19671634,0.0,0.0,0.13400826,0.0,0.0,0.14980607,0.0,0.0,0.40927976,0.0,0.0,0.44903827,102.909996,234.39919,0.93554527,114.404655,234.64688,0.94141424,101.2996,245.0104,0.6915493,118.98733,245.04137,0.73453265,102.15132,254.10258,0.5264961,120.18096,253.56654,0.55992836,105.23545,254.19557,0.9657637,112.95421,254.29929,0.9678868,104.675575,268.98077,0.94291127,112.979126,268.752,0.9466435,104.00101,282.88736,0.9291309,112.72367,282.80865,0.933161
