822.88824,166.28287,0.9714147,827.9563,161.9606,0.87527055,817.58624,161.29504,0.96406335,0.0,0.0,0.46517774,804.98956,162.6739,0.88546747,836.3242,193.42741,0.9703363,790.45306,190.364,0.994672,851.64594,215.7276,0.83453274,773.79065,226.38033,0.97800237,845.3505,204.45679,0.7932043,763.1909,260.49997,0.9534214,824.5245,269.323,0.98781675,794.1158,266.9812,0.99450004,824.83167,324.65552,0.9827299,795.5258,319.37885,0.9925067,830.7316,377.5903,0.9621145,805.902,376.51785,0.9782633
113.433235,156.1503,0.96199864,118.28157,152.37662,0.9371786,109.28698,151.37463,0.83172923,127.59978,154.18753,0.871724,105.89226,152.18845,0.52039224,139.1444,183.75293,0.9974547,103.16754,181.6331,0.98553354,147.90132,217.55112,0.9904633,97.056725,226.35503,0.9156402,120.7373,199.88246,0.97374266,93.718506,244.02902,0.8827929,136.31505,263.12503,0.997537,115.03359,260.27808,0.99441636,122.425285,332.37335,0.9943157,125.859085,324.02698,0.9879736,123.32793,391.02646,0.97349554,142.25687,379.1495,0.9595397
241.8727,188.71933,0.8888876,246.52806,184.67819,0.81208324,238.68167,183.88545,0.8031767,252.87875,185.60468,0.5793321,232.48119,183.31883,0.55537677,261.88522,206.31636,0.98875475,218.76038,204.48465,0.9926744,270.1277,236.13188,0.9600652,210.97296,233.39223,0.96918017,257.1858,234.9294,0.9409857,228.34456,233.08493,0.9470354,256.36484,269.9603,0.99688953,228.46075,269.75177,0.99750996,255.50586,318.09595,0.9928069,231.55455,317.55313,0.9932614,252.4565,363.9104,0.9763366,238.82187,362.53378,0.97732234
0.0,0.0,0.08858669,0.0,0.0,0.0459439,0.0,0.0,0.062996484,0.0,0.0,0.41544524,436.16833,197.11308,0.5734404,412.4101,214.1739,0.95651346,440.9306,214.51988,0.97151977,404.0107,240.3309,0.8141833,447.86935,237.10649,0.88724965,402.92624,263.88242,0.5989512,446.7779,253.97739,0.6889952,415.77493,263.5261,0.9888333,433.57916,264.15088,0.99085826,420.36618,298.99792,0.9773661,429.81113,299.89005,0.9795808,424.13376,331.77982,0.94982225,426.06116,333.21518,0.9527951
0.0,0.0,0.32101592,0.0,0.0,0.1406737,0.0,0.0,0.3098156,0.0,0.0,0.15780327,13.894055,149.63596,0.5369429,0.0,0.0,0.49802348,19.270325,188.63173,0.74740165,0.0,0.0,0.21513739,41.28913,235.95645,0.54650515,0.0,0.0,0.19617881,0.0,0.0,0.4365407,5.218004,289.5726,0.54474145,13.157649,288.5281,0.67351526,0.0,0.0,0.3773942,3.9823163,375.83456,0.51434934,0.0,0.0,0.18749121,0.0,0.0,0.24602863
0.0,0.0,0.063800044,0.0,0.0,0.027664939,0.0,0.0,0.055260126,0.0,0.0,0.36889437,511.9389,217.78288,0.66998774,488.8377,231.55518,0.9568537,518.89417,231.9256,0.97571874,481.47375,250.78926,0.7916416,528.7648,252.3811,0.9077128,483.0846,264.82654,0.5574758,531.8199,268.1466,0.7143201,494.35635,270.958,0.9908963,514.0714,271.16034,0.99324894,494.90454,299.91278,0.982541,512.652,299.88458,0.9859292,496.731,326.47327,0.9685434,512.2066,326.76764,0.9726449
0.0,0.0,0.28605276,0.0,0.0,0.34575996,0.0,0.0,0.08231451,662.5286,203.61389,0.8978294,0.0,0.0,0.34951434,658.20514,222.74245,0.98862326,684.73834,220.38202,0.96317977,652.94366,247.27438,0.93956226,688.7634,243.32999,0.6175587,654.7205,260.82907,0.78181535,0.0,0.0,0.39591286,663.39166,265.73392,0.99145985,681.28394,264.89377,0.9837911,665.86334,302.15115,0.98653746,681.3709,302.12436,0.97020435,668.36725,338.918,0.9732539,683.49695,337.3757,0.9517862
56.272293,180.4463,0.92463595,60.404125,176.2622,0.91006106,52.99538,176.51823,0.82270694,68.085014,179.23393,0.7655023,0.0,0.0,0.40564048,79.17385,205.20432,0.98403686,44.20103,206.89302,0.97106546,90.109886,238.05925,0.9365897,44.122887,239.56006,0.815623,85.79802,270.7105,0.8917243,47.30928,267.27692,0.7614471,73.40017,267.6377,0.98887724,48.890575,268.42438,0.98455286,83.92679,314.5292,0.98269826,46.383713,315.04666,0.9733829,90.89778,356.94568,0.9642759,44.631588,356.79147,0.9503978
0.0,0.0,0.13544601,0.0,0.0,0.12336046,0.0,0.0,0.05320322,539.3754,218.86931,0.61399364,0.0,0.0,0.2579388,540.1696,234.6738,0.94187784,560.9479,231.72092,0.90475816,537.43207,256.46768,0.8352808,571.5016,251.02734,0.6557607,536.74713,271.77057,0.6552728,0.0,0.0,0.47867057,550.71155,271.3738,0.9752401,563.791,270.10422,0.9667054,551.04913,298.81308,0.9635341,560.3264,297.59418,0.9465089,555.2169,327.75833,0.94262624,559.4334,324.72232,0.9238732
0.0,0.0,0.17708276,0.0,0.0,0.07563798,0.0,0.0,0.14765246,0.0,0.0,0.38824973,746.005,213.64842,0.7207986,726.18677,229.20004,0.9655545,751.3743,227.84619,0.98007846,718.83014,250.21358,0.8020885,757.411,248.41208,0.90283,719.6106,265.94666,0.58366406,755.2654,265.30487,0.7174731,731.19824,270.35504,0.9810357,747.5501,269.77835,0.9856575,736.4381,303.11462,0.93541354,747.8671,302.48367,0.9481639,736.4383,331.4612,0.8533899,743.63446,331.35416,0.87345374
0.0,0.0,0.16667391,0.0,0.0,0.12243867,0.0,0.0,0.13097076,0.0,0.0,0.42852736,0.0,0.0,0.4234769,693.0044,227.27998,0.9148849,709.2621,227.49557,0.91890043,688.98145,240.66458,0.60216355,712.95154,240.2994,0.6370088,0.0,0.0,0.39346254,0.0,0.0,0.41631934,696.42773,252.05339,0.93486196,707.0458,252.0529,0.93825734,698.4514,272.39542,0.87704635,706.72186,272.2518,0.88298386,700.74976,291.00717,0.8403759,706.88007,290.82352,0.8461692
