0.0,0.0,0.18067616,0.0,0.0,0.096649416,0.0,0.0,0.047605168,282.1501,148.43942,0.7060968,0.0,0.0,0.41210255,266.4708,180.15399,0.98866194,326.09152,183.36053,0.9733487,244.86407,223.5774,0.9742819,336.63736,230.55037,0.9086186,240.2255,261.81543,0.928492,330.46396,269.3833,0.82902735,275.4253,268.26624,0.99825174,313.88736,269.6608,0.99718034,272.6534,329.26968,0.9970169,301.5328,333.88165,0.995372,275.20212,385.95984,0.98778707,295.46875,391.7973,0.98408484
472.85083,145.93488,0.9176813,474.5887,141.37175,0.5498429,468.2134,140.88068,0.90601003,0.0,0.0,0.23081614,451.3798,145.25102,0.8867757,471.57968,181.93079,0.9707419,431.83313,182.18382,0.99634105,478.5397,235.19328,0.8655286,422.78485,232.99928,0.9914792,485.33746,266.1068,0.80421746,424.73938,272.6601,0.9737562,471.10666,265.5987,0.99486816,442.87976,267.5877,0.9981964,479.3997,330.72348,0.98788226,440.07202,333.08682,0.99576133,483.1315,390.77707,0.95974755,436.44754,396.3659,0.9793941
562.3196,166.3484,0.9441265,567.2211,163.11552,0.8061523,557.47076,162.67516,0.91484857,570.4248,168.23576,0.51375234,546.7134,166.51324,0.8308866,571.70447,195.65134,0.9800034,534.1611,193.77817,0.99386543,581.3776,223.92072,0.89580154,527.6423,220.9128,0.97512245,572.77313,209.85258,0.8427113,540.7668,204.80406,0.94442046,559.2281,264.23047,0.99348915,536.85406,264.1873,0.9961033,548.1998,323.23148,0.9905331,552.5188,325.17923,0.99478155,535.8039,375.28336,0.97464436,569.4892,380.0899,0.98310846
0.0,0.0,0.3219749,0.0,0.0,0.3054252,0.0,0.0,0.13699207,654.1021,182.69057,0.85493994,664.82806,182.3697,0.5486204,648.27545,203.25285,0.9854499,676.2332,202.20166,0.97740287,641.03156,231.38846,0.8934926,683.758,229.0841,0.745604,640.73846,253.52887,0.6866234,0.0,0.0,0.49065965,654.58765,254.92757,0.9892107,672.83356,254.60551,0.9859402,652.3659,297.45184,0.98138636,668.329,297.5984,0.9712804,655.1161,340.3564,0.960673,667.7272,339.47296,0.9454972
0.0,0.0,0.27603474,0.0,0.0,0.11575925,0.0,0.0,0.2544307,0.0,0.0,0.41071004,85.296844,210.05345,0.7904091,67.7084,224.79411,0.969556,88.777,224.57173,0.9842762,61.669388,243.73534,0.77445954,94.35427,242.4824,0.9106738,60.98146,258.15997,0.5751075,94.39237,256.22488,0.7475806,69.04143,259.1268,0.9853581,82.89847,258.97443,0.98952895,68.704445,284.6154,0.96881795,79.7332,284.45096,0.9761233,70.320465,307.72662,0.94577384,79.43847,308.42877,0.95450914
0.0,0.0,0.14057939,0.0,0.0,0.06454927,0.0,0.0,0.12091665,0.0,0.0,0.38380635,130.94402,211.79002,0.68498623,113.6633,225.50117,0.95677817,135.75362,225.45296,0.9768187,108.12802,242.04494,0.7548728,140.3914,242.46811,0.8956779,107.56306,253.63036,0.5388856,140.3809,255.33876,0.7147711,117.153694,258.02646,0.9872507,131.84366,258.1046,0.99076533,117.60638,283.4508,0.9773647,130.48657,283.49753,0.9823315,117.386986,307.2112,0.9630796,128.5713,307.53363,0.9687108
0.0,0.0,0.13739146,0.0,0.0,0.07049734,0.0,0.0,0.09619738,0.0,0.0,0.39562556,177.5964,208.5017,0.5366293,162.08699,222.6081,0.95604265,181.65306,222.95064,0.9723672,155.81305,240.81114,0.79730463,187.5346,241.37785,0.8813922,153.4486,253.63191,0.6091607,187.82738,255.19872,0.707077,164.73978,256.3097,0.9872974,177.59396,256.52563,0.9899222,162.9977,282.22327,0.97450227,176.20749,282.43738,0.9777804,161.43651,306.28394,0.95524347,172.76932,306.6594,0.9592563
0.0,0.0,0.09425023,0.0,0.0,0.07434053,0.0,0.0,0.035274155,801.8762,201.3221,0.62789,0.0,0.0,0.3551729,794.50055,221.2357,0.94856274,822.66003,219.51207,0.8909751,781.0975,246.17351,0.7831999,0.0,0.0,0.48257327,776.5442,259.81778,0.503227,0.0,0.0,0.26819065,800.851,273.23627,0.9691647,820.6192,272.7212,0.95444006,795.4749,312.51794,0.9413257,825.85223,312.6774,0.90892017,795.99713,347.95267,0.8797649,832.30414,347.72797,0.8389014
374.7517,205.43027,0.78979313,376.3912,203.03665,0.6346351,372.0152,202.79808,0.74059236,0.0,0.0,0.40279636,365.44476,205.20221,0.62284166,379.94052,222.95178,0.9422928,359.55988,222.46266,0.95688295,384.7561,240.7944,0.6459002,360.1113,242.64359,0.7364554,383.5765,247.20912,0.55559146,366.80634,250.5687,0.6237357,376.55295,261.2251,0.9553267,363.5742,261.26547,0.96208745,373.44705,294.81403,0.9348033,363.60947,294.95963,0.9417754,372.36392,328.86218,0.9165591,364.3334,329.20148,0.9226893
0.0,0.0,0.08663637,0.0,0.0,0.04427175,0.0,0.0,0.05991837,0.0,0.0,0.26810995,0.0,0.0,0.39367113,497.2836,206.17027,0.8381921,521.73737,205.91437,0.8171641,0.0,0.0,0.48216632,0.0,0.0,0.43345228,0.0,0.0,0.27037042,0.0,0.0,0.23428008,502.86038,254.98048,0.8962644,519.0664,255.53078,0.8842908,506.57666,294.17322,0.7906111,521.2752,294.81204,0.76593995,508.99213,328.47113,0.67785233,519.16626,329.53735,0.65565515
342.75153,184.68214,0.6722378,343.67352,181.98535,0.5221132,340.0761,181.83215,0.5489538,0.0,0.0,0.40705425,0.0,0.0,0.44042298,349.71646,207.19498,0.92722505,331.30685,206.77637,0.90478915,357.79416,232.46075,0.6316245,335.96017,235.09584,0.5269698,0.0,0.0,0.48030812,0.0,0.0,0.39662737,347.72177,258.2564,0.93465924,336.06702,258.16147,0.92487246,344.94748,300.39835,0.8689703,335.13647,300.45914,0.8474162,345.32065,339.79037,0.81082046,336.91397,339.8606,0.7888152
