205.88686,179.4079,0.591661,0.0,0.0,0.27399182,0.0,0.0,0.37573093,0.0,0.0,0.48139265,200.24155,174.87354,0.7300182,163.03351,202.18626,0.9820317,205.02704,205.48947,0.98247945,144.43144,247.09427,0.9531752,218.80537,248.7549,0.9450945,135.96738,284.18948,0.91235846,216.07396,284.69327,0.9046776,173.95699,281.8712,0.9947884,195.708,284.11475,0.99426794,189.35574,339.412,0.9907584,181.6125,343.1153,0.98960054,199.00452,393.83994,0.9691945,155.75275,395.27042,0.9666655
0.0,0.0,0.07923759,0.0,0.0,0.03957115,0.0,0.0,0.058491066,285.0453,204.25644,0.564432,303.91843,205.53055,0.71396023,272.72626,224.5059,0.9820216,312.05273,227.33562,0.98693115,259.97876,251.09216,0.88902116,325.736,257.83896,0.91827285,259.75208,269.67178,0.6637553,325.60217,278.18405,0.7034535,277.24277,281.4849,0.9945152,301.16824,282.73996,0.9952057,283.31882,322.665,0.9850162,296.25385,323.9117,0.98516107,289.57626,363.1488,0.9621297,291.1388,365.35544,0.96165305
0.0,0.0,0.0814075,0.0,0.0,0.13449277,0.0,0.0,0.021625217,0.0,0.0,0.3874003,0.0,0.0,0.027195837,10.145566,195.88156,0.7052174,0.0,0.0,0.10826346,11.364689,236.3921,0.7156478,0.0,0.0,0.042398136,0.7592699,243.95132,0.54787934,0.0,0.0,0.059951764,8.572618,271.58066,0.7344075,0.0,0.0,0.37863293,17.49051,334.78983,0.73663837,0.0,0.0,0.39182955,41.18501,387.25714,0.6041007,0.0,0.0,0.36910337
0.0,0.0,0.17553325,0.0,0.0,0.060688443,0.0,0.0,0.1712598,0.0,0.0,0.38468283,562.8317,195.77538,0.8366624,534.565,215.08394,0.97185814,569.8652,215.67067,0.9923666,526.18915,242.77284,0.7385501,579.00336,242.18428,0.9563123,0.0,0.0,0.49068525,578.5678,258.21536,0.8103687,543.226,268.77255,0.9914097,565.57465,269.3505,0.9957207,543.6955,310.64728,0.97622025,559.0545,310.96954,0.9869631,545.671,351.63034,0.94874716,552.3696,352.632,0.96654105
0.0,0.0,0.15150362,0.0,0.0,0.07541795,0.0,0.0,0.11529708,0.0,0.0,0.43980607,690.3895,201.79723,0.685134,672.7803,219.43166,0.96443075,697.70807,217.93857,0.98156047,668.9948,240.80347,0.79636705,706.0494,238.69432,0.9185606,668.6817,259.99478,0.57372075,708.0566,257.77112,0.75034606,679.2969,258.48215,0.9837826,694.96295,257.90533,0.9890781,682.2517,288.1846,0.95426786,691.0064,287.6267,0.96749353,686.27185,314.71637,0.9023285,689.6573,314.18024,0.9228009
0.0,0.0,0.080158085,0.0,0.0,0.045303755,0.0,0.0,0.034286227,0.0,0.0,0.43891957,0.0,0.0,0.37746727,338.93326,213.09932,0.94291645,371.01233,210.27556,0.9307083,335.3942,239.8838,0.78693074,385.87085,233.47289,0.7139184,340.26764,247.76424,0.5652134,0.0,0.0,0.4887942,345.22736,271.39233,0.9896624,368.36508,270.01865,0.9889193,341.4357,317.13333,0.99005413,372.21146,315.92572,0.9884956,338.4926,365.03897,0.9819589,374.81274,363.35388,0.979981
483.85437,212.43393,0.8797427,486.17355,210.18721,0.7660284,481.81216,209.79396,0.8346242,0.0,0.0,0.4655959,477.13248,211.39316,0.6610375,493.20273,226.71074,0.96972847,470.60602,225.77402,0.98264045,499.85306,242.18694,0.8595958,466.57388,240.65308,0.93067807,495.00552,241.01715,0.81838316,475.6474,237.93227,0.88871205,491.08685,262.83786,0.982359,475.84116,262.86584,0.98682564,494.46136,290.84473,0.96867186,475.8212,290.69705,0.9750269,496.39868,316.67416,0.9487758,475.60785,316.26938,0.95656943
0.0,0.0,0.17588775,0.0,0.0,0.15645579,0.0,0.0,0.07432295,646.05023,213.6167,0.5758543,0.0,0.0,0.2679232,643.21356,227.89583,0.9473291,663.22144,227.40181,0.9267329,637.5455,246.41016,0.818294,666.6457,246.91714,0.6675399,632.57214,257.5054,0.6411953,0.0,0.0,0.49097142,646.1153,265.28168,0.9784338,659.07446,264.82794,0.9747561,646.32385,294.9756,0.96603304,656.9032,294.87622,0.95576143,650.0346,324.6207,0.9488728,656.21906,323.93073,0.9382496
523.9105,200.14589,0.7927541,526.44293,197.11008,0.74575,521.3789,197.1616,0.7075282,530.721,198.51244,0.50784796,0.0,0.0,0.4094395,533.7453,213.81354,0.9403682,513.29694,213.80658,0.93483466,532.938,233.49042,0.7280468,506.65125,233.01044,0.68412924,524.9705,242.81725,0.66483915,510.05185,242.8922,0.6265949,530.72845,254.66057,0.95081866,517.7822,254.71086,0.9485453,530.9409,288.96817,0.8829576,520.19574,288.88962,0.87456936,530.37976,320.17926,0.76702785,522.5531,320.0837,0.75543344
405.23453,211.58426,0.60996157,407.2425,209.02208,0.5789452,0.0,0.0,0.38356107,411.4664,211.1871,0.63054925,0.0,0.0,0.29047948,412.74377,226.32817,0.93751276,409.3744,225.47534,0.8899645,415.56036,243.50339,0.72411,0.0,0.0,0.45050594,414.65875,250.0455,0.6002687,0.0,0.0,0.37755716,412.34738,260.7509,0.9504357,410.6088,260.36053,0.9335585,411.07544,292.32925,0.951072,411.45523,292.08914,0.9279159,416.399,325.928,0.9457774,416.59924,324.8471,0.9266476
