0.0,0.0,0.4793035,0.0,0.0,0.13869198,0.0,0.0,0.37037694,0.0,0.0,0.38155648,206.36455,153.02927,0.8210426,163.96706,180.89682,0.9695322,210.95634,183.64444,0.9892889,148.41887,227.91374,0.8926731,222.14589,225.16783,0.9698538,145.52931,269.69327,0.8312376,216.00899,257.85178,0.93076926,167.3967,264.8427,0.9929991,196.87216,266.27844,0.9957769,171.22404,328.41635,0.9887156,193.10313,333.29907,0.99320364,174.2869,389.78204,0.9649687,185.48517,397.37088,0.9742783
0.0,0.0,0.14716135,0.0,0.0,0.080351874,0.0,0.0,0.07843369,368.3686,211.96411,0.5343039,386.11475,211.7917,0.55742383,359.14328,231.57008,0.97893655,394.15787,230.18611,0.97399807,349.94995,256.90356,0.9062552,405.97736,254.87689,0.85183495,351.358,276.31702,0.7490528,403.9444,273.06494,0.65882623,366.63803,279.9949,0.9910228,388.2634,279.31085,0.99005216,372.34348,315.4312,0.977696,383.61816,314.77512,0.97333276,376.98383,350.1155,0.9450494,379.98694,350.11023,0.93765265
0.0,0.0,0.16114323,0.0,0.0,0.060888276,0.0,0.0,0.1478148,0.0,0.0,0.46540722,641.19366,199.47682,0.8393186,617.9156,219.43748,0.9794296,647.84314,218.88028,0.99116135,610.493,244.85472,0.82723826,657.1075,243.30331,0.94645804,613.03314,259.01086,0.5960167,659.0395,256.2226,0.789796,624.2791,268.19577,0.99485224,644.4101,268.25577,0.99667764,625.16815,306.67935,0.9898577,645.237,306.6661,0.9927539,622.78534,344.14218,0.97826105,642.10944,344.68344,0.9827155
0.0,0.0,0.07511209,0.0,0.0,0.0336918,0.0,0.0,0.054532144,0.0,0.0,0.44827837,534.09235,187.19902,0.667516,504.1488,210.12509,0.9498587,539.82263,210.4886,0.9680663,494.9455,241.80803,0.66848415,545.99567,236.69397,0.8060961,0.0,0.0,0.38264832,542.2672,245.34888,0.50001514,509.90216,268.92456,0.98950714,534.09503,269.85013,0.9914868,508.77548,314.8442,0.9855434,535.73016,316.0322,0.9868841,501.25043,359.40775,0.9738651,528.9063,360.97708,0.97537804
0.0,0.0,0.13838276,0.0,0.0,0.1155406,0.0,0.0,0.052982718,443.37787,201.09126,0.7708526,0.0,0.0,0.47354257,437.86853,221.0421,0.9787633,468.28354,221.43604,0.9723007,426.4295,242.57945,0.8824738,474.37766,246.49225,0.78486925,431.48828,241.14825,0.6691326,470.64853,251.0518,0.53441757,447.83047,271.72757,0.9918807,468.8312,272.0778,0.9904604,443.46317,311.45758,0.9865849,470.96985,311.9282,0.9812681,439.4458,351.18622,0.97168463,469.8329,350.11545,0.96376795
250.78998,210.99245,0.8881131,253.81439,207.81224,0.79442036,247.54318,207.9746,0.8312555,258.43405,209.5362,0.55397195,242.37177,209.8803,0.64885074,265.6791,225.83298,0.977976,236.6764,227.21057,0.9855832,275.207,243.76628,0.8321355,230.58748,246.22223,0.8972788,266.2106,242.72975,0.76307756,235.0223,246.9113,0.82863367,263.37756,269.3368,0.98757786,244.34018,270.22034,0.99034154,266.73276,306.486,0.9795065,246.92537,307.1778,0.9827209,267.85184,344.65985,0.96483386,250.47183,345.077,0.9683612
551.7588,199.91847,0.68360645,553.9064,197.2214,0.69381756,0.0,0.0,0.37910974,559.2557,198.84174,0.7067546,0.0,0.0,0.1697759,568.3027,214.86153,0.9710026,546.9083,215.92964,0.8905121,577.4628,236.55013,0.9273095,548.4587,237.17506,0.52401614,577.8186,255.52068,0.86314183,0.0,0.0,0.48987204,562.2484,256.92337,0.9751066,548.6643,257.2589,0.94794434,564.2685,289.28934,0.95701677,551.40216,289.8823,0.90533525,565.28577,321.05746,0.9109858,553.3665,321.0689,0.84447867
0.0,0.0,0.07449115,0.0,0.0,0.042656217,0.0,0.0,0.04986491,0.0,0.0,0.4367711,703.0317,205.3724,0.5335736,684.16364,219.05833,0.9611837,708.9106,219.03723,0.97289646,675.6387,235.24762,0.8364053,714.21014,238.34315,0.88757247,674.6563,248.6917,0.62472045,715.8608,255.78258,0.6951549,690.1192,252.67807,0.99004596,706.3592,252.81741,0.9918601,692.12775,278.24927,0.9787981,707.4319,278.3937,0.98079956,693.5673,303.62503,0.9613161,707.67804,303.66028,0.9637299
418.04156,193.71016,0.78825486,420.50748,190.832,0.7524221,416.59888,190.60626,0.6560447,425.3159,191.60004,0.56156945,0.0,0.0,0.32236686,429.4035,206.33524,0.94156605,410.566,205.33298,0.9255051,429.98883,225.84499,0.75191975,405.07224,224.02553,0.6304954,419.40048,227.23553,0.6927949,411.4852,225.85918,0.5887002,425.24283,249.2861,0.9540902,412.66602,248.77924,0.9477291,425.1118,287.57364,0.9063653,413.45807,287.13458,0.88896227,424.73978,323.86832,0.77998567,416.24753,323.40668,0.75320864
418.72107,188.8911,0.6938053,421.2976,185.9177,0.65922666,417.5728,186.19133,0.503884,426.15262,187.56183,0.6807414,0.0,0.0,0.4197174,427.20648,204.84964,0.91937566,422.97156,204.90227,0.9055324,422.04477,221.2335,0.6069524,0.0,0.0,0.48635256,0.0,0.0,0.46897188,0.0,0.0,0.3709774,430.0021,249.64651,0.8424328,426.95496,249.57997,0.8299646,426.75446,281.70294,0.7363499,424.07843,281.5366,0.69706917,430.8753,317.44266,0.6610643,426.28583,316.14056,0.6290841
