0.0,0.0,0.20480552,0.0,0.0,0.05024696,0.0,0.0,0.30779433,0.0,0.0,0.041694425,846.87213,137.16187,0.56909406,0.0,0.0,0.15453318,835.3535,181.99986,0.84677607,0.0,0.0,0.054226216,836.0823,242.10057,0.82459503,0.0,0.0,0.07183725,848.6765,247.96126,0.6752448,846.7359,291.8917,0.52678293,836.3372,291.06152,0.8498838,823.30255,383.23593,0.6047942,818.1325,384.56738,0.8865738,775.2498,437.8446,0.54263145,778.3741,446.7327,0.7715825
0.0,0.0,0.22926371,0.0,0.0,0.21947163,0.0,0.0,0.06246609,306.42477,147.25558,0.8045516,0.0,0.0,0.25478604,291.99097,178.06934,0.9811885,346.13834,178.52342,0.8822636,276.19797,215.31,0.94701964,341.3431,215.97446,0.56148523,279.5046,226.60394,0.8403832,0.0,0.0,0.4324635,296.88513,257.0293,0.99439347,332.72372,256.82513,0.9854334,296.12213,327.87646,0.99476296,325.12695,330.03726,0.98725754,304.14374,392.2104,0.9856638,325.84048,394.7898,0.9752245
612.0881,199.5555,0.96048784,614.734,197.04156,0.92303747,609.49994,196.9288,0.9232143,618.6743,198.85985,0.7443499,605.71674,198.43504,0.7381422,624.9882,215.90352,0.9939659,599.9184,214.79004,0.99655825,634.118,234.5831,0.95968497,590.3584,231.04521,0.97664446,636.3379,250.95505,0.9352255,583.4481,247.57736,0.9547009,619.1254,255.17691,0.9940211,604.2577,254.56105,0.99569327,615.6779,284.5267,0.9801558,604.6687,283.68967,0.98338586,615.48584,311.1205,0.94505346,608.9669,310.0533,0.9508076
0.0,0.0,0.22736987,0.0,0.0,0.12122403,0.0,0.0,0.17615281,179.0689,209.53052,0.606333,190.44965,209.09526,0.7828143,170.64166,224.90248,0.985282,196.99818,223.7675,0.99170154,162.4711,244.0835,0.89513147,206.46118,241.71016,0.9459552,160.9018,261.3028,0.7219357,206.43103,257.70963,0.8092491,176.02452,259.20868,0.99135756,192.76814,258.92416,0.9935674,178.21696,284.59125,0.9724453,190.45123,284.42004,0.9769927,180.5283,307.79108,0.9376756,189.04889,307.9953,0.94446415
460.5759,212.78929,0.9040522,463.29623,210.50757,0.8699273,459.01013,210.28642,0.8061551,467.67657,211.82216,0.73281205,456.6023,211.42854,0.5152266,473.46274,224.97319,0.98796767,451.64493,225.06793,0.98625886,479.51093,239.3462,0.9499036,443.80182,240.21112,0.9159263,475.0401,245.53664,0.9203709,443.4346,249.70126,0.87746066,467.80783,259.1042,0.9924964,453.9464,258.79776,0.9916614,467.08484,285.51282,0.98692316,451.02637,284.91946,0.98320264,466.49484,311.08264,0.9758661,451.09702,310.0146,0.9707691
665.7631,207.19814,0.90272576,668.32684,204.73741,0.8576408,663.3212,204.8289,0.81797504,672.18054,207.05283,0.7070967,659.30896,207.20412,0.5735077,676.7066,221.93282,0.9811623,655.5966,222.2168,0.9780473,682.26294,236.3218,0.8944431,650.509,235.62851,0.8449337,676.1253,233.25333,0.8353865,656.30786,229.45122,0.7777564,673.0987,257.02972,0.9674576,659.2507,257.20544,0.9648919,672.26294,281.4056,0.91962945,658.0056,281.53528,0.90620714,672.3574,302.89453,0.8353812,658.40265,302.6995,0.81612694
0.0,0.0,0.10324595,0.0,0.0,0.08225971,0.0,0.0,0.050319545,0.0,0.0,0.40805885,0.0,0.0,0.23915152,256.9623,227.64862,0.87325937,274.6782,228.18242,0.80843544,251.15437,244.2277,0.648151,0.0,0.0,0.46466807,0.0,0.0,0.44414532,0.0,0.0,0.31723312,259.7406,260.25333,0.94036347,271.1708,260.48364,0.9250083,260.67603,285.6626,0.9265366,269.75504,286.17783,0.90479356,261.72845,310.41394,0.90001166,267.51227,310.4837,0.87973404
0.0,0.0,0.35975713,0.0,0.0,0.31674805,0.0,0.0,0.19087566,774.1723,208.43051,0.63300055,0.0,0.0,0.3603889,771.9227,224.1466,0.9349796,787.72943,223.6789,0.9102359,767.2412,244.73457,0.7211111,794.1407,244.1547,0.56749374,763.7426,259.09637,0.5108361,0.0,0.0,0.38357282,776.1797,263.78278,0.9111362,785.9686,263.33463,0.89720803,776.0009,288.42828,0.7787335,784.2006,288.07315,0.73437285,780.08386,312.55118,0.67431194,783.49207,311.44183,0.63508946
414.6561,226.78944,0.842323,416.59247,224.9285,0.8325173,413.63333,224.81406,0.7049119,420.7081,225.81433,0.72861886,0.0,0.0,0.3652053,424.72025,235.63393,0.9803726,411.28763,235.13986,0.96887946,426.7598,247.04866,0.90101045,406.7352,245.51016,0.7894924,421.60297,253.408,0.85815805,405.98853,251.83284,0.7535361,421.5594,259.05054,0.9798054,413.18503,258.6034,0.9748541,418.69836,276.89078,0.9543321,411.89413,276.426,0.94058573,419.1669,294.1403,0.91277313,413.5749,293.4791,0.89386886
492.18643,224.02489,0.6200192,493.72693,222.14235,0.65247667,0.0,0.0,0.31431136,498.06088,223.38545,0.71074194,0.0,0.0,0.11143273,502.20297,234.26683,0.94610643,494.8428,234.31752,0.87703574,501.95386,245.96706,0.8318548,0.0,0.0,0.4372603,493.52286,246.60869,0.7511919,0.0,0.0,0.4204822,502.6743,261.5781,0.95159537,498.00934,261.40482,0.92536503,503.16537,282.59354,0.91571033,499.94598,282.4365,0.8634899,507.95044,303.15356,0.86495036,504.52524,302.18903,0.80672926
