0.0,0.0,0.06386675,0.0,0.0,0.02694549,0.0,0.0,0.040527135,0.0,0.0,0.4794618,317.57263,174.01889,0.7003186,282.84088,198.91277,0.9756085,324.0808,200.15448,0.98150635,270.03342,236.50606,0.871256,330.2726,236.40344,0.89971346,271.42075,269.22787,0.62861687,326.5987,262.41205,0.66070294,288.49557,270.15396,0.99444443,316.332,271.20453,0.99519724,291.76642,323.2556,0.98537767,321.47745,324.42413,0.9859666,295.14832,374.12134,0.9559972,325.6755,376.45554,0.95729506
0.0,0.0,0.10320473,0.0,0.0,0.0337141,0.0,0.0,0.08449397,0.0,0.0,0.34845343,688.6965,202.89986,0.7657369,661.4022,221.69449,0.96959585,693.8835,222.80759,0.98596185,650.9453,249.57236,0.827346,701.2366,251.25467,0.943822,656.26245,271.3913,0.62234306,706.6112,271.06393,0.80072254,667.01715,274.11737,0.99344206,689.96246,274.91312,0.9958248,666.8807,311.09332,0.98504734,697.8992,311.49942,0.9898992,667.59094,344.87457,0.9686132,705.1008,346.14352,0.9764614
0.0,0.0,0.06897014,0.0,0.0,0.07614631,0.0,0.0,0.024157008,499.64462,206.70175,0.71156317,0.0,0.0,0.2766301,493.23926,225.94885,0.96104705,522.85645,224.41936,0.922513,481.64066,249.32492,0.8632717,526.6314,245.76659,0.6011904,482.04364,265.2395,0.6249843,0.0,0.0,0.36166856,500.77,271.2586,0.9838203,519.418,270.99783,0.9759595,504.74567,305.6894,0.9737017,516.8034,306.1965,0.95546967,507.2366,340.82077,0.9506406,513.7702,340.2637,0.92730206
0.0,0.0,0.10903226,0.0,0.0,0.06993531,0.0,0.0,0.049860112,432.83835,215.04695,0.56823146,0.0,0.0,0.4661329,425.7673,231.91505,0.96594787,457.0966,232.27493,0.95751303,415.8889,253.93312,0.8481201,465.36618,257.80313,0.7819715,416.07416,266.37436,0.634899,462.44275,273.0152,0.5579078,431.22006,278.0303,0.9890238,452.5516,277.99097,0.98806787,428.37567,311.0808,0.9820717,453.85495,311.1061,0.9789123,429.9653,342.4949,0.96757567,457.73715,342.27213,0.9637129
164.07607,198.50174,0.9333231,168.28342,195.08725,0.8870446,160.63918,195.25877,0.844246,176.9759,196.91815,0.74486446,157.32881,197.29659,0.5743694,190.06015,216.52454,0.9845526,150.53242,217.78671,0.9743284,203.35997,237.05627,0.9394047,139.24721,237.07497,0.8946164,197.19691,246.74539,0.88591313,148.66719,240.63013,0.8372521,188.77603,269.9972,0.9901931,162.73502,270.64163,0.98762405,187.68715,314.69772,0.981526,159.55286,316.43903,0.9780899,188.3608,359.2595,0.95191544,162.10938,361.82413,0.94747734
392.8196,206.01665,0.8925805,396.2033,202.96703,0.85428023,391.54163,202.7172,0.76597047,403.96567,204.53072,0.7182424,0.0,0.0,0.46750018,409.58966,222.76501,0.9759006,389.54675,221.17679,0.97644025,409.0598,244.38412,0.87104106,381.63043,239.55608,0.8340269,394.67514,242.5234,0.8175785,382.78625,237.60649,0.77566177,404.3404,268.2254,0.9791058,391.5113,267.17606,0.97936046,403.33066,303.32397,0.9705519,392.25958,302.20346,0.96659374,403.72308,336.49152,0.94710386,393.122,334.12827,0.9413989
573.0685,190.36356,0.8798376,575.70996,187.2226,0.754329,569.7283,187.32141,0.84143764,0.0,0.0,0.4419916,563.549,190.35338,0.68297076,582.0781,210.66672,0.9652063,558.89136,210.86316,0.982659,589.5265,230.98509,0.80729127,554.15515,231.58183,0.91768146,592.9638,241.7396,0.76891965,564.64996,239.87494,0.8683824,580.39886,260.45224,0.98684376,566.30707,260.92014,0.99099886,575.67706,298.3136,0.9845695,569.2747,298.51266,0.98842365,574.0194,336.8579,0.97494453,571.3937,337.0179,0.9797252
0.0,0.0,0.13737293,0.0,0.0,0.075619645,0.0,0.0,0.08691449,0.0,0.0,0.39318123,0.0,0.0,0.45437995,645.3455,216.76505,0.9331036,668.19037,218.01176,0.9356409,639.68616,242.96347,0.70347893,669.86194,243.98529,0.69930756,0.0,0.0,0.46165004,0.0,0.0,0.44525757,648.92303,263.88647,0.96661514,663.9838,264.71375,0.9665991,652.4994,300.1867,0.92093843,666.7687,300.9532,0.9170564,654.8898,332.3224,0.86203676,665.62964,333.54437,0.8581472
0.0,0.0,0.15306862,0.0,0.0,0.14648707,0.0,0.0,0.06369123,217.24968,212.83583,0.60447025,0.0,0.0,0.2656668,214.72562,227.79346,0.9109077,234.56587,226.84427,0.84477186,210.09673,246.93335,0.66815984,0.0,0.0,0.40816584,0.0,0.0,0.42438757,0.0,0.0,0.25179157,220.363,262.79013,0.91454726,233.34012,262.5061,0.88624746,222.16005,289.46338,0.8620632,233.62595,289.58392,0.8105704,226.43172,316.33542,0.8053754,234.98874,315.30328,0.7571499
609.98956,212.60858,0.7022955,612.04706,210.5943,0.67849505,609.11523,210.48834,0.5318865,616.3964,212.18895,0.60933954,0.0,0.0,0.29396683,620.1852,224.76363,0.95308757,606.7261,224.21129,0.93170255,622.0278,240.14171,0.7847459,602.58685,238.80994,0.6233251,616.8037,250.23676,0.6773448,602.3558,249.1483,0.53095657,617.29346,254.68533,0.9472953,609.23254,254.31984,0.93691283,617.9624,278.3,0.8786681,610.68744,278.02728,0.8511865,619.321,299.2976,0.8060891,613.60724,298.67633,0.7751547
