0.0,0.0,0.08970995,0.0,0.0,0.06537727,0.0,0.0,0.04703605,226.05255,192.27052,0.69655293,242.684,191.95505,0.5871931,216.95172,211.77211,0.98232216,252.21852,212.78708,0.9850172,201.40479,233.77892,0.9002755,261.5368,241.34065,0.9007885,203.94644,247.63792,0.6818144,264.82315,263.75726,0.67895985,225.13797,263.70026,0.9930494,246.35878,264.2687,0.9935143,229.30278,299.64148,0.9801354,241.0825,300.42947,0.9785517,235.35591,334.08646,0.9520354,236.77582,334.16537,0.94878364
0.0,0.0,0.2739777,0.0,0.0,0.25374076,0.0,0.0,0.043964684,489.98395,32.956192,0.93766624,0.0,0.0,0.2748344,479.1579,103.60816,0.98506886,563.7373,94.126274,0.9269806,442.8972,196.97205,0.9333421,576.92096,187.9409,0.6518482,471.23917,224.341,0.80971986,0.0,0.0,0.4812156,498.7032,275.13953,0.9718773,550.8706,269.17303,0.9470966,501.4839,437.23398,0.8085471,532.15857,425.85632,0.7059399,0.0,0.0,0.20058888,0.0,0.0,0.15685181
0.0,0.0,0.35099748,0.0,0.0,0.30509698,0.0,0.0,0.0931629,791.5302,188.49606,0.74204504,0.0,0.0,0.22896193,787.9144,210.76909,0.98544335,818.0491,208.57825,0.9300896,784.46387,243.56781,0.96999377,828.22394,239.88936,0.7648911,780.34436,271.1673,0.91843605,832.2744,263.16733,0.6749663,791.02954,266.25128,0.99417156,813.9002,266.00787,0.98639166,779.52405,309.86096,0.98936146,818.553,312.8291,0.97687066,778.20386,349.67645,0.9674655,827.68945,352.54446,0.9480455
663.1235,206.09018,0.9107803,666.527,203.45851,0.88101035,660.80927,203.36401,0.8202887,672.0734,206.59367,0.7250356,0.0,0.0,0.490112,676.20605,223.3618,0.9796978,652.62427,223.44908,0.9756717,677.8899,239.19888,0.91556513,643.23083,237.74686,0.86343944,667.3796,234.86717,0.8722149,644.0329,233.3039,0.8163498,669.5547,262.34393,0.9821529,653.12085,262.07687,0.9801153,670.76587,291.52325,0.9710513,647.4347,291.09717,0.9631277,673.943,320.16418,0.9532506,644.5724,319.15228,0.9433352
0.0,0.0,0.20307308,0.0,0.0,0.13143474,0.0,0.0,0.18157469,0.0,0.0,0.45138854,85.32385,220.33182,0.5869256,72.13804,230.66055,0.96764576,88.48704,231.10689,0.9727768,66.13312,244.33824,0.7660169,92.22384,244.20074,0.83853036,66.32441,255.61754,0.5797365,92.06872,255.71916,0.65910995,73.75915,256.12796,0.98480487,84.6044,256.17654,0.9864325,74.22363,275.98468,0.96867126,84.24089,275.803,0.9726486,73.392624,294.42477,0.9553127,82.93172,294.43405,0.9599272
0.0,0.0,0.13825627,0.0,0.0,0.10155852,0.0,0.0,0.079242185,348.96228,205.89287,0.55436355,0.0,0.0,0.39817396,344.66376,218.49635,0.9545077,364.6778,218.46744,0.9484731,339.6809,235.69044,0.7159468,371.2041,235.69254,0.64716357,0.0,0.0,0.46894068,0.0,0.0,0.39878842,348.16666,251.43715,0.97180194,360.96375,251.44456,0.97030264,349.39246,279.44397,0.9300016,359.7061,279.21515,0.92448974,351.3734,305.36145,0.87052476,359.09726,305.2954,0.8642052
0.0,0.0,0.119849116,0.0,0.0,0.081460655,0.0,0.0,0.07120039,114.70087,221.73274,0.53043103,0.0,0.0,0.4273376,110.12804,232.06288,0.975295,128.04886,232.081,0.97286916,103.82163,245.85959,0.8263788,133.21425,246.06969,0.79365784,102.25306,258.62097,0.6011568,132.52768,258.95453,0.5531984,112.87211,257.28186,0.9885931,124.21157,257.35226,0.98800266,112.77361,276.89484,0.9720934,121.89375,276.83856,0.97031873,113.066154,294.66516,0.955596,120.66866,294.6081,0.95386964
0.0,0.0,0.13001053,0.0,0.0,0.09855552,0.0,0.0,0.07303443,272.5474,219.79237,0.6028568,0.0,0.0,0.44992968,270.6885,231.43521,0.9745963,288.5975,230.12961,0.97057927,268.78064,246.92195,0.8012107,296.7039,245.36739,0.7500123,269.35938,259.63147,0.53867203,0.0,0.0,0.47800264,277.05716,260.07007,0.982087,289.4319,259.52414,0.9814626,277.32236,283.1812,0.94728696,289.97678,282.6431,0.9438496,280.4998,304.35986,0.9106652,292.21124,303.4163,0.90686643
0.0,0.0,0.112606965,0.0,0.0,0.0785056,0.0,0.0,0.069903344,0.0,0.0,0.4724075,0.0,0.0,0.38875663,140.58214,228.86214,0.9591315,157.4399,228.72508,0.9567271,136.68317,242.20073,0.76543546,163.77591,242.09744,0.7441213,136.6868,253.75409,0.5437698,163.68747,253.51077,0.51405835,144.97926,254.40527,0.9827124,155.66614,254.33694,0.9824551,146.92517,274.87326,0.9649221,154.40787,274.67014,0.96413714,149.21205,293.96622,0.94639575,154.24702,293.6977,0.9458467
0.0,0.0,0.3742895,0.0,0.0,0.21438745,0.0,0.0,0.37138817,0.0,0.0,0.24212907,186.8466,226.01083,0.5747582,182.88805,235.38222,0.92989576,186.26234,235.61328,0.9518341,183.3298,246.10141,0.6529844,188.91028,246.48096,0.83150077,187.44756,251.48476,0.5473327,193.71175,251.78494,0.7156721,183.63823,259.15598,0.9678418,186.30458,259.517,0.9740054,186.71457,278.31238,0.94889474,189.35933,278.24127,0.96111304,185.83534,296.62128,0.9294912,187.4489,297.21426,0.9429969
0.0,0.0,0.11207527,0.0,0.0,0.07486729,0.0,0.0,0.07355674,0.0,0.0,0.45927987,0.0,0.0,0.40812564,371.5524,230.90253,0.95890915,387.2555,230.92438,0.9578219,367.3623,244.08789,0.7734427,392.7914,244.14412,0.7729561,366.9638,254.04683,0.5545974,394.0149,253.94234,0.5479225,373.2028,256.67386,0.9827214,383.18304,256.6691,0.98275375,373.3568,278.15472,0.9625933,380.8205,277.92096,0.96266437,372.84583,297.65225,0.9324674,378.26804,297.57065,0.9330591
0.0,0.0,0.26059383,0.0,0.0,0.2183097,0.0,0.0,0.13508451,743.4071,205.43423,0.60538024,0.0,0.0,0.39280844,740.1706,219.61594,0.93935317,761.6595,218.20204,0.9255074,735.9081,237.51028,0.71276915,769.06354,236.28574,0.6170216,0.0,0.0,0.48373157,0.0,0.0,0.40724197,747.2774,254.40092,0.9495651,761.02893,253.68675,0.94646764,746.9862,281.75635,0.8991484,757.6858,281.19012,0.8858572,749.8791,307.5396,0.856141,755.66943,306.17303,0.8436975
0.0,0.0,0.093538485,0.0,0.0,0.072165534,0.0,0.0,0.05714904,0.0,0.0,0.37885907,0.0,0.0,0.24725364,319.06805,224.64696,0.9100854,332.83194,224.54425,0.90012705,314.24258,237.54704,0.6809986,336.65604,237.27438,0.6202558,0.0,0.0,0.48875138,0.0,0.0,0.4304406,320.13663,251.50435,0.97414035,328.51138,251.37727,0.97281355,319.7997,276.5713,0.9652942,325.6486,276.33594,0.9625485,320.32883,300.51642,0.9476702,323.29355,300.23907,0.94498575
0.0,0.0,0.17239863,0.0,0.0,0.09874288,0.0,0.0,0.15649125,0.0,0.0,0.1421138,0.0,0.0,0.2910232,0.0,0.0,0.47477996,843.39777,227.94383,0.62656885,0.0,0.0,0.21925741,0.0,0.0,0.43178952,0.0,0.0,0.20542502,0.0,0.0,0.34115762,843.11847,267.57166,0.5747941,843.95386,268.53223,0.66269416,841.28094,299.83606,0.5340534,844.7926,300.40265,0.61775255,841.58325,334.09906,0.5255608,845.7665,334.93356,0.59009564
0.0,0.0,0.11067488,0.0,0.0,0.10780641,0.0,0.0,0.04679784,407.85788,216.44696,0.54025435,0.0,0.0,0.20489664,406.2279,226.82535,0.9220636,424.1061,225.98856,0.84021884,404.1688,240.95984,0.8005783,426.9225,240.57387,0.5089443,402.17502,249.6663,0.603186,0.0,0.0,0.35741836,408.11127,252.86003,0.9535777,419.66815,252.18436,0.93129355,407.7524,274.39682,0.91860753,415.23566,274.19492,0.87321,409.66998,293.55316,0.86513716,413.13654,292.82718,0.8156149
