0.0,0.0,0.20929122,0.0,0.0,0.08989096,0.0,0.0,0.0656702,323.54562,135.97792,0.5961687,354.27945,135.0809,0.5150963,312.58435,173.13184,0.98148704,370.8336,173.46523,0.98028874,307.28107,230.16,0.95075315,392.1847,229.5196,0.93458927,299.4658,277.43292,0.8803832,389.76828,277.00247,0.8567324,326.6767,280.0396,0.9962579,368.92746,281.34857,0.9959317,306.3265,353.84302,0.99283046,367.67285,361.22345,0.99244654,299.0354,424.17978,0.96511436,370.40036,433.952,0.96449775
0.0,0.0,0.09668081,0.0,0.0,0.038091328,0.0,0.0,0.0805558,0.0,0.0,0.4336222,759.0662,186.94037,0.744125,732.1996,202.51974,0.9696838,765.2215,203.40614,0.98221374,722.0941,225.0088,0.7538368,773.63477,226.34251,0.87255234,0.0,0.0,0.46609142,771.9297,242.15158,0.6004659,737.38776,251.06096,0.99113137,759.3623,251.70439,0.9930097,735.7776,289.90872,0.9797528,758.7972,290.47446,0.9822589,737.25574,327.5875,0.96138656,758.4848,328.80655,0.96430516
0.0,0.0,0.06388754,0.0,0.0,0.04862976,0.0,0.0,0.031977028,672.7575,177.75227,0.7973204,691.4483,177.16266,0.6795593,662.4351,198.77226,0.9851437,705.0193,198.41988,0.98582506,652.3581,227.53967,0.87581384,718.6869,227.59729,0.85678166,648.10065,245.03581,0.5666877,711.29974,245.47382,0.52611554,666.5058,253.55064,0.9935632,694.7107,253.26102,0.9936702,661.3461,302.55908,0.98099226,694.83167,302.98892,0.9779573,657.9578,350.89108,0.9522784,691.146,351.06183,0.9463678
0.0,0.0,0.12671986,0.0,0.0,0.08709447,0.0,0.0,0.0817839,74.36789,209.90808,0.6344105,86.42951,209.9328,0.55175775,68.44632,224.04395,0.9860714,92.09111,224.15173,0.9843364,61.196037,242.95169,0.8626832,98.715126,242.813,0.8421544,61.189766,258.80026,0.6335269,98.06691,258.69785,0.60103023,71.19172,259.13544,0.99407494,86.55199,259.21838,0.99378705,70.26532,286.8842,0.98300767,86.51844,286.80002,0.98217803,70.21607,312.53094,0.96376926,85.472244,312.53775,0.96274674
0.0,0.0,0.06267986,0.0,0.0,0.06455877,0.0,0.0,0.01999354,543.20154,177.58987,0.78468466,0.0,0.0,0.31960592,537.97485,200.4162,0.98078465,568.92236,200.05527,0.964626,528.4153,232.92094,0.9241122,576.4234,231.37166,0.75404286,523.8292,259.94608,0.734947,0.0,0.0,0.480612,541.29364,256.40762,0.99415565,562.64624,256.37415,0.9917162,537.54144,297.59604,0.9873691,566.3441,298.3396,0.97856325,534.237,337.40112,0.9713993,566.12085,337.41116,0.95776206
0.0,0.0,0.13987821,0.0,0.0,0.09754402,0.0,0.0,0.07170406,166.5521,202.34442,0.5587527,0.0,0.0,0.42569527,164.03014,218.61392,0.96400714,186.41791,217.62103,0.9668923,159.98642,239.21394,0.833217,193.50148,238.02727,0.8241949,157.8609,254.33162,0.629948,195.08406,254.90382,0.6129206,171.01338,254.85826,0.9869071,185.13885,254.66498,0.9871191,174.48901,283.68945,0.9735328,185.60722,283.56104,0.9713079,177.9086,310.97162,0.95236325,184.06215,309.86557,0.9492076
476.65527,175.98865,0.9176041,480.64493,171.76746,0.84998524,471.93454,171.79488,0.88901174,486.18524,175.43965,0.5296871,464.02786,175.21985,0.6746633,492.8346,202.72849,0.9632604,454.51416,202.64973,0.9786402,500.57794,232.253,0.746515,440.47073,233.9268,0.8555385,501.96786,252.48991,0.6759341,442.77496,257.98322,0.7680987,483.22125,266.4694,0.97946244,459.8071,266.32907,0.98427874,479.88715,315.99557,0.97124845,463.8532,315.70535,0.97550076,468.6863,364.97418,0.9489276,460.8849,364.42642,0.9546666
0.0,0.0,0.17335495,0.0,0.0,0.124046914,0.0,0.0,0.08858574,799.45197,198.8515,0.71645147,813.50934,199.445,0.5892271,789.8335,218.28236,0.97594315,822.23425,218.93275,0.971572,777.7166,244.14938,0.85487664,827.46857,244.036,0.78650224,775.5815,263.94757,0.6280765,823.5462,261.19733,0.53221166,792.33136,266.137,0.98957,814.31964,266.43396,0.98828375,787.707,301.21976,0.98365307,813.67755,301.7672,0.9789473,789.82947,335.9092,0.97277766,816.95026,336.38513,0.9669602
0.0,0.0,0.1810191,0.0,0.0,0.08419434,0.0,0.0,0.14836168,0.0,0.0,0.45116994,132.65147,206.98596,0.70955014,115.37378,221.43118,0.96974874,137.21599,222.14635,0.98281604,108.82137,239.65225,0.79228455,142.07521,241.75084,0.8987576,108.32231,252.6162,0.575615,143.40276,256.35013,0.7114201,118.47266,258.3411,0.98938656,133.09615,258.7109,0.9919463,116.803635,285.57797,0.97900534,130.88626,285.84323,0.98241305,117.03474,311.27014,0.9629954,129.59418,311.9329,0.96691406
0.0,0.0,0.24538991,0.0,0.0,0.15814959,0.0,0.0,0.1497184,0.0,0.0,0.4614874,0.0,0.0,0.46384022,512.8103,205.80597,0.92534715,531.73944,206.84366,0.94091296,505.33658,231.06906,0.6340062,533.6102,232.94675,0.69754094,0.0,0.0,0.43047926,0.0,0.0,0.47694126,513.57495,253.6581,0.95802176,526.1877,254.0186,0.9644346,511.34198,293.12466,0.9282109,524.1982,293.64136,0.9346048,510.93573,332.0811,0.89550984,520.94904,332.75665,0.9030489
399.95828,157.84215,0.8792467,402.99326,153.15207,0.7841205,394.58813,152.61336,0.8504977,0.0,0.0,0.39267436,381.52667,155.32436,0.6040486,406.34958,188.39905,0.86573595,372.51407,187.88742,0.841346,0.0,0.0,0.48401806,0.0,0.0,0.39348745,0.0,0.0,0.4131686,0.0,0.0,0.3299017,404.58887,264.70255,0.7749651,382.74106,265.6696,0.7538897,403.08124,325.93036,0.62980944,389.88733,327.2349,0.5963646,0.0,0.0,0.49378297,0.0,0.0,0.47082695
0.0,0.0,0.16498141,0.0,0.0,0.14125185,0.0,0.0,0.10961844,0.0,0.0,0.24475875,0.0,0.0,0.1618644,0.0,0.0,0.4608865,0.0,0.0,0.45242494,0.0,0.0,0.26695296,0.0,0.0,0.23527776,0.0,0.0,0.23493579,0.0,0.0,0.20478593,0.0,0.0,0.4330822,0.0,0.0,0.43521756,0.0,0.0,0.40210274,0.0,0.0,0.38947344,0.0,0.0,0.40865597,0.0,0.0,0.40145275
