0.0,0.0,0.12687325,0.0,0.0,0.1141532,0.0,0.0,0.024609586,412.72433,141.84544,0.81518966,0.0,0.0,0.2539604,399.37985,190.86862,0.9689341,471.84637,185.64462,0.9003787,375.28946,255.51337,0.9109485,480.77423,255.0483,0.6273187,388.4461,276.04593,0.75573015,0.0,0.0,0.4493765,410.465,317.68658,0.98288256,455.27676,315.78873,0.96879625,419.29898,429.5031,0.9148892,433.2957,428.48587,0.8596646,442.05713,480.0,0.5955627,428.0979,480.0,0.5139507
593.47284,157.52396,0.90572643,595.08295,153.204,0.62793005,587.3636,152.7906,0.8887704,0.0,0.0,0.23705266,573.71497,157.56306,0.81288797,594.14484,189.5392,0.9278548,565.2187,185.21509,0.9851376,608.2566,219.40254,0.7496698,569.1934,202.33054,0.9652255,615.5767,205.60187,0.7195035,589.0129,181.37541,0.9326577,590.5357,271.78223,0.97688746,572.027,271.61307,0.98935586,592.1997,337.4209,0.9733157,586.1095,340.01135,0.9884166,572.00616,394.36932,0.9448675,572.375,399.4081,0.96748996
647.71674,155.61372,0.9413314,650.27734,151.25687,0.8782799,642.5869,151.43518,0.89376456,653.3765,155.53658,0.5911326,631.7788,155.2037,0.6488806,662.30634,184.49419,0.9874872,622.04913,183.51097,0.986968,675.62506,219.22652,0.93601424,611.6154,213.97185,0.91922706,679.2821,247.63829,0.8969887,621.29156,230.10419,0.8755612,658.3108,254.00471,0.99083626,633.3096,254.29999,0.9907285,655.60614,306.02686,0.9758245,638.6495,306.93365,0.97254103,648.1821,352.6426,0.9263561,638.0275,354.03656,0.91805077
0.0,0.0,0.18496665,0.0,0.0,0.072824456,0.0,0.0,0.17479095,0.0,0.0,0.42048687,172.38576,191.08914,0.8143362,150.47693,209.18086,0.9718308,178.10728,210.3227,0.9880213,140.98073,229.9113,0.7833408,183.70909,234.51088,0.9314492,143.36081,240.37755,0.5558681,183.21664,249.42256,0.76627296,153.94843,256.31122,0.9923848,171.96365,256.63278,0.99513984,152.89966,293.26068,0.98730636,165.78192,293.3833,0.9909711,155.65198,330.86447,0.97586876,164.51134,331.8532,0.98081255
340.23007,201.92657,0.87457174,342.09018,199.53647,0.78068656,338.10068,199.65486,0.8071461,344.37326,200.78085,0.5667223,334.36978,200.9404,0.63754857,347.00192,215.3993,0.97400373,329.1477,215.35692,0.98546207,345.29968,232.3989,0.8407791,319.1514,230.78404,0.90974665,339.1425,242.02504,0.78329283,315.38766,239.62259,0.84948516,344.66092,252.48747,0.9811751,333.7413,252.6891,0.9860573,344.12543,282.5535,0.96773314,335.5096,282.6357,0.9728978,342.9189,311.74283,0.9442659,335.10995,311.59183,0.9506395
296.01944,213.27147,0.87004155,297.53946,211.27634,0.75943244,294.14694,211.26268,0.8140595,299.6695,212.5443,0.52803105,290.3218,212.1972,0.67804885,303.15054,224.16405,0.9812392,284.405,222.86534,0.9896011,311.36893,235.40013,0.89610505,272.45102,231.12575,0.94647104,310.36288,241.05363,0.8536965,271.96225,233.74911,0.90564173,297.3659,253.74327,0.98756367,286.32294,253.23013,0.99086666,294.13528,277.10922,0.9701554,287.76917,276.7303,0.9758034,289.1088,298.53125,0.93738,287.19604,298.43854,0.94611174
0.0,0.0,0.1148315,0.0,0.0,0.15759419,0.0,0.0,0.0482808,0.0,0.0,0.27191138,0.0,0.0,0.042218685,0.0,0.0,0.2247039,0.0,0.0,0.14648502,0.0,0.0,0.18491128,0.0,0.0,0.07326288,0.0,0.0,0.1961055,0.0,0.0,0.10059137,0.0,0.0,0.23788145,0.0,0.0,0.20313264,0.0,0.0,0.40101916,0.0,0.0,0.3300848,0.0,0.0,0.4881849,0.0,0.0,0.43515986
0.0,0.0,0.44304112,0.0,0.0,0.26685905,0.0,0.0,0.4309055,0.0,0.0,0.30723935,764.2121,212.41234,0.6076692,759.77466,224.0213,0.9327305,761.5952,224.83458,0.95239896,759.0813,237.61052,0.63495815,760.8843,238.68047,0.8060139,760.269,242.54002,0.5247452,765.20416,243.74722,0.68105334,756.1484,254.20923,0.9597506,757.7932,254.66309,0.96649796,754.4841,278.493,0.9284708,757.4315,278.50262,0.9428444,749.7407,300.7359,0.87118244,753.0469,301.584,0.89146686
0.0,0.0,0.11325591,0.0,0.0,0.07238065,0.0,0.0,0.07876941,0.0,0.0,0.46969652,0.0,0.0,0.47343653,194.83772,230.59567,0.9531859,212.5498,230.9057,0.9561745,189.56013,244.03409,0.7094424,217.69263,244.2033,0.7366598,0.0,0.0,0.47003457,0.0,0.0,0.48743033,197.59941,254.87047,0.97507215,209.07933,255.13686,0.97598654,199.00749,273.43073,0.94867593,208.4585,273.30283,0.9507486,199.3479,290.6386,0.92412794,207.5908,290.7549,0.92699116
733.2817,207.14961,0.80326384,735.8633,204.79697,0.74652255,732.01654,204.66537,0.657023,740.3767,206.87695,0.6203241,0.0,0.0,0.41257283,743.0296,222.53688,0.9497487,726.742,222.1796,0.9397237,741.3657,240.49565,0.780099,721.611,239.08328,0.6891618,731.02496,245.68677,0.699495,719.2743,244.46968,0.61458033,735.3482,258.29425,0.9418255,724.9996,257.8477,0.9360601,729.9336,286.7024,0.9165079,721.3758,286.3988,0.8995421,730.9166,311.6211,0.8764628,721.65173,310.86734,0.85771674
366.20386,201.23969,0.7870342,369.48502,198.57704,0.66071457,364.09335,198.23836,0.7212939,0.0,0.0,0.44744214,360.70883,200.1219,0.5675526,375.38,218.84343,0.9065617,355.41516,217.6178,0.93894005,372.53427,238.07848,0.516644,348.1597,236.83907,0.6880979,0.0,0.0,0.44076946,352.2919,251.57301,0.5739584,372.47992,257.59546,0.8992991,359.71582,257.26627,0.9216118,368.43732,288.81775,0.8709807,359.43985,288.2465,0.89393127,368.88583,318.64468,0.83981746,362.64203,317.31317,0.8592725
735.1494,206.74474,0.9188057,737.63434,204.5039,0.91178745,733.6261,204.54025,0.83060485,742.4139,205.88867,0.8145192,0.0,0.0,0.46638563,746.2993,219.98286,0.98215187,730.44196,220.02888,0.9707591,745.9676,237.74533,0.8690255,725.65405,236.87761,0.72274685,737.3606,247.02464,0.7972288,725.2321,246.4468,0.6572419,740.3406,253.31493,0.94423825,729.93945,252.93588,0.9300187,737.6535,278.8267,0.78550756,728.4792,278.41956,0.7329462,737.2368,300.66272,0.5533882,0.0,0.0,0.49673462
