0.0,0.0,0.15516715,0.0,0.0,0.15733121,0.0,0.0,0.02502595,413.7068,84.336494,0.8696459,0.0,0.0,0.21834876,399.45813,133.89072,0.97706586,476.10898,129.25832,0.8976026,374.40182,208.68575,0.92275196,481.46533,208.77629,0.5567885,391.31207,218.7666,0.76475817,0.0,0.0,0.3764973,408.848,272.03485,0.98428404,460.36523,269.8921,0.96595675,403.69153,401.28552,0.93682915,453.51355,400.14377,0.87664425,409.79926,480.0,0.6165201,452.64413,479.7205,0.5084166
0.0,0.0,0.14186622,0.0,0.0,0.09552341,0.0,0.0,0.068756506,205.46065,199.79214,0.64769584,219.98476,199.0997,0.545146,198.98416,217.72351,0.9781965,229.68718,216.34259,0.9769116,190.51709,243.0401,0.89647,239.41666,240.77437,0.8714026,188.98029,266.65826,0.7224391,238.79507,263.0003,0.68266195,204.67497,263.4017,0.9930224,225.22824,262.75708,0.99288756,202.32487,295.16837,0.98716354,225.76538,294.79086,0.9854708,201.2107,326.9301,0.97694755,226.00267,326.15652,0.974779
552.62823,179.71097,0.91425043,553.9248,175.89267,0.51996106,547.87524,175.74203,0.9577141,0.0,0.0,0.06904153,533.4608,180.19505,0.95601076,550.69916,206.66917,0.94268024,520.98804,205.01523,0.9954325,554.5953,234.61824,0.5297508,518.07477,233.39536,0.9883107,555.93195,225.09692,0.533003,541.6292,219.53056,0.96676105,548.67957,267.56226,0.9874858,524.95776,267.9845,0.997001,555.7926,321.18234,0.9797935,510.13217,322.214,0.99523664,565.55237,373.90192,0.9604311,498.85303,376.9973,0.9861704
618.65607,116.94713,0.9741227,623.61743,111.53106,0.8331342,611.49426,110.73087,0.9726051,0.0,0.0,0.3224298,592.63306,114.08919,0.9323824,629.0063,159.13307,0.97187364,572.6663,157.65009,0.996292,645.6956,210.60518,0.80604994,568.352,216.36945,0.98465234,637.38556,208.13097,0.77192914,614.64136,217.4424,0.9665509,624.367,260.74255,0.98967886,590.8936,262.60376,0.9960962,609.02637,352.96478,0.9836782,608.79193,359.81946,0.9940712,589.7519,438.7425,0.93771344,623.1863,448.83884,0.96656245
0.0,0.0,0.091424935,0.0,0.0,0.087529995,0.0,0.0,0.034553565,745.6321,193.9326,0.71706396,0.0,0.0,0.31756094,739.02606,213.93367,0.9695923,769.6097,215.09871,0.9453968,727.6744,239.53212,0.86801285,775.8856,241.73264,0.65374637,723.10095,253.32329,0.63215023,0.0,0.0,0.39366326,741.5704,266.93793,0.98723966,760.42303,267.4267,0.9815787,743.0555,306.4354,0.9752641,755.6645,307.6033,0.95880896,746.72876,344.527,0.949351,750.41864,345.23248,0.92613894
0.0,0.0,0.22863233,0.0,0.0,0.16502137,0.0,0.0,0.13182501,82.384796,220.60376,0.6441337,0.0,0.0,0.48088887,78.581375,230.80237,0.9829655,94.79384,230.76418,0.9800095,73.96417,243.84457,0.8594001,100.02299,243.77777,0.8164291,73.1608,255.47159,0.681378,99.86381,255.20586,0.61682636,80.66966,255.20352,0.9898497,90.857285,255.20946,0.9889981,80.99376,274.6049,0.974877,88.57199,274.36115,0.97247845,81.52476,292.41672,0.9553493,87.42814,292.2592,0.9524939
0.0,0.0,0.06444786,0.0,0.0,0.03701136,0.0,0.0,0.046127,0.0,0.0,0.44584787,0.0,0.0,0.49946216,315.25128,223.55864,0.96814317,336.40445,223.97736,0.9715803,311.05856,239.45526,0.7919884,341.62582,239.48047,0.83270496,311.7474,250.25523,0.5378729,343.2944,250.43503,0.58386725,317.6201,255.05466,0.98933864,333.17075,255.31998,0.99016505,315.2695,280.82645,0.9741381,336.15814,280.6534,0.9762132,313.96243,303.67868,0.94644135,337.1776,303.69247,0.9499735
0.0,0.0,0.15833224,0.0,0.0,0.103550725,0.0,0.0,0.11123346,0.0,0.0,0.43675882,0.0,0.0,0.45132178,113.51361,229.43507,0.95982516,128.21956,229.77539,0.96206,109.14413,241.7646,0.7605933,132.30093,242.32233,0.7808584,109.5673,251.9893,0.5690429,132.50262,252.44753,0.5814079,114.86261,253.84804,0.98336387,124.3875,254.02855,0.9839631,115.439476,272.89014,0.9685478,123.72859,272.8622,0.9697528,115.550224,290.36078,0.9530039,122.6966,290.64917,0.9547965
0.0,0.0,0.104755916,0.0,0.0,0.06310767,0.0,0.0,0.08835592,0.0,0.0,0.14479415,0.0,0.0,0.2542699,838.8409,224.79567,0.58117926,848.24176,225.16841,0.67778474,0.0,0.0,0.31959075,0.0,0.0,0.457639,0.0,0.0,0.2620816,0.0,0.0,0.3487152,841.3697,260.11487,0.78512084,847.5741,260.61606,0.8239391,843.11865,292.7049,0.76135767,846.85046,293.0669,0.79530287,845.26434,324.28912,0.75488824,845.7038,325.07584,0.78223306
0.0,0.0,0.15531567,0.0,0.0,0.060211014,0.0,0.0,0.13997538,0.0,0.0,0.25912297,156.06676,216.11282,0.67291033,140.45628,227.58505,0.9352878,159.6678,226.8312,0.9695318,135.6472,241.28947,0.6674986,164.38487,239.93442,0.8906529,0.0,0.0,0.48104176,164.47563,250.4134,0.72969854,142.64955,254.08057,0.97843754,155.3163,253.63464,0.9863993,143.353,275.38074,0.95985603,153.55792,274.8704,0.9743834,141.43672,294.86588,0.9370684,150.43152,294.8421,0.95439076
0.0,0.0,0.3162747,0.0,0.0,0.19600588,0.0,0.0,0.24443004,0.0,0.0,0.4924134,667.0124,204.1916,0.60848176,656.8498,219.90076,0.9209219,672.9621,220.8748,0.9352719,651.6566,234.60954,0.5163699,678.0289,238.88206,0.6133164,0.0,0.0,0.31533378,0.0,0.0,0.38090438,659.4409,257.3618,0.9316182,670.2123,257.80173,0.93694425,658.3055,291.4171,0.8977793,669.92224,291.76624,0.90128845,663.36725,323.47662,0.8593491,671.1764,323.2897,0.86109847
0.0,0.0,0.1455632,0.0,0.0,0.057740796,0.0,0.0,0.12757617,0.0,0.0,0.19821016,264.42245,220.48593,0.5605381,248.96643,231.06659,0.8825013,266.51004,230.77473,0.9284277,244.77293,246.29892,0.5571575,268.8935,244.75284,0.7861243,0.0,0.0,0.39807227,267.7354,255.84406,0.6014357,250.76335,258.2044,0.9559105,262.64383,257.99673,0.9677374,250.94554,277.7056,0.930991,260.8421,277.3565,0.94995123,250.9933,296.2491,0.91123766,260.26974,296.51572,0.92968965
0.0,0.0,0.13772553,0.0,0.0,0.13454434,0.0,0.0,0.056188025,285.8409,217.45528,0.60623896,0.0,0.0,0.2324122,283.61298,226.94676,0.9457606,299.72385,226.31277,0.8862558,280.9743,239.34198,0.84807634,305.4398,238.39633,0.5614745,280.00845,246.39098,0.67893857,0.0,0.0,0.408272,287.27094,253.64256,0.9713335,298.32083,253.41231,0.9559609,283.99765,275.38312,0.95449156,296.12927,275.49823,0.92271024,285.72806,295.2734,0.9269962,297.8402,294.6733,0.8922745
0.0,0.0,0.06018106,0.0,0.0,0.03968796,0.0,0.0,0.058408603,0.0,0.0,0.06618639,0.0,0.0,0.12352847,0.0,0.0,0.20139657,0.0,0.0,0.2616809,0.0,0.0,0.1308571,0.0,0.0,0.22543801,0.0,0.0,0.12345914,0.0,0.0,0.18504336,0.0,0.0,0.3969945,0.0,0.0,0.4328054,0.0,0.0,0.48415595,849.2594,295.7443,0.5276136,0.0,0.0,0.46846113,847.97253,330.32996,0.5020773
