0.0,0.0,0.19014111,0.0,0.0,0.20168367,0.0,0.0,0.060054976,593.1457,193.7851,0.8657516,0.0,0.0,0.39107376,586.62915,212.14684,0.99159837,616.8603,210.91652,0.98442256,575.6004,239.61041,0.959746,624.27484,234.34688,0.8349816,566.5607,261.57443,0.8456502,618.8643,250.08995,0.61321944,590.7811,258.60416,0.99586123,609.83673,258.1811,0.9939813,589.20135,297.56363,0.9885224,606.5725,297.97516,0.97926897,595.8581,337.00668,0.9726757,608.9563,336.78665,0.9575656
0.0,0.0,0.12924697,0.0,0.0,0.0707551,0.0,0.0,0.08413056,126.792816,194.30762,0.602874,143.01822,194.61598,0.6689324,118.3337,213.87854,0.9824545,151.31242,214.4845,0.9898583,108.378044,238.96451,0.89919615,157.44722,240.0101,0.94216514,109.87799,256.63095,0.73201853,159.01393,259.6274,0.79917246,123.16287,261.78763,0.9961809,144.53073,262.01233,0.9970483,124.25774,298.32693,0.9927719,139.79834,298.45016,0.99340594,126.53514,334.61237,0.98432183,136.98245,334.86414,0.985078
0.0,0.0,0.21559495,0.0,0.0,0.08430074,0.0,0.0,0.19178177,0.0,0.0,0.34758753,96.98127,193.69702,0.7489149,72.751015,211.77673,0.9480634,100.861725,213.58986,0.9704312,61.26077,236.11227,0.675614,107.221664,238.91978,0.8522585,0.0,0.0,0.46417964,108.49371,257.84308,0.644215,75.36026,260.27917,0.9829301,93.67765,261.0316,0.9875245,73.60755,297.83414,0.97784996,90.55357,298.43845,0.983098,72.56183,333.63303,0.96861255,86.93251,335.55734,0.974306
292.46146,189.56343,0.95546174,295.65314,186.38507,0.89912325,289.28745,186.34677,0.9268058,300.02307,189.5453,0.6486413,284.13245,189.18753,0.7738699,305.63797,211.65547,0.9915855,276.37198,211.80862,0.9960401,312.80493,237.7072,0.93766314,269.75552,237.8812,0.97471344,317.63666,264.93753,0.9062182,270.2448,264.7685,0.94918483,300.4707,260.86475,0.9944911,282.3341,261.2158,0.99642676,297.45502,298.9593,0.9867741,282.70615,299.20615,0.99024105,294.57327,335.70605,0.96718895,283.6084,336.0711,0.97336
0.0,0.0,0.10550754,0.0,0.0,0.07988944,0.0,0.0,0.04676805,186.03366,187.37384,0.7146006,201.36137,186.53609,0.5155803,180.8337,206.63081,0.9798692,212.28723,205.49696,0.9808261,174.90585,232.49493,0.89899486,222.79245,231.058,0.8815969,176.30038,253.01079,0.7047337,221.4141,254.07184,0.66880953,187.07161,255.23721,0.99384815,207.76611,254.82727,0.993887,187.17485,293.60913,0.98667604,207.5464,293.50076,0.9846296,188.60905,331.66565,0.96935093,207.7071,330.54114,0.96562326
0.0,0.0,0.183471,0.0,0.0,0.11253065,0.0,0.0,0.06850514,716.6653,162.85902,0.61367244,0.0,0.0,0.405444,702.3329,189.26352,0.961055,755.9466,187.43042,0.9472771,688.46155,224.38234,0.8901644,765.9374,222.45346,0.82685983,698.7355,243.12964,0.76283735,752.9431,246.2522,0.69373715,707.852,260.3427,0.9926312,742.52124,259.98785,0.99099934,711.6178,316.79572,0.9908336,737.92145,317.68918,0.98965085,716.16986,369.77502,0.9759763,738.8459,372.06042,0.97506124
353.51657,200.09053,0.9023586,356.85382,197.4492,0.81821364,351.08588,197.04562,0.85142034,361.48178,200.11494,0.5667449,346.49792,199.13588,0.65626913,365.3511,216.67032,0.9786902,339.4328,217.1925,0.9867208,369.31577,231.914,0.87300336,328.08853,237.02922,0.92464054,361.54694,226.92812,0.82494366,329.92212,243.89973,0.87440026,359.12122,261.4687,0.99018705,342.8827,261.64685,0.99217296,356.6256,297.18793,0.9866985,344.39117,297.11835,0.98808205,352.50986,332.94476,0.97501534,344.04874,332.4105,0.97664183
0.0,0.0,0.2451475,0.0,0.0,0.1152078,0.0,0.0,0.11764458,0.0,0.0,0.4693193,0.0,0.0,0.4948541,406.39517,190.78513,0.9486695,451.93698,187.11804,0.96364206,397.01672,227.58273,0.8659938,469.65164,216.80414,0.9052636,401.93616,245.08052,0.7612189,471.14938,230.13719,0.81334543,419.31262,260.3974,0.99191463,448.13492,259.8482,0.99289423,420.91245,317.2328,0.9912928,447.04022,315.8744,0.9927812,420.52798,371.59894,0.9799907,445.30267,370.10312,0.9830445
0.0,0.0,0.36067295,0.0,0.0,0.469617,0.0,0.0,0.06479351,792.42914,145.95699,0.8876197,0.0,0.0,0.14486746,786.6413,179.4317,0.9882586,830.81555,175.4095,0.8440915,768.6982,222.87106,0.97057223,0.0,0.0,0.4183403,756.70337,256.64008,0.8876248,0.0,0.0,0.33816966,788.05505,261.16025,0.99102837,816.97845,258.51648,0.9648434,787.57745,322.26248,0.9812408,809.4995,318.61096,0.9351342,798.6896,376.7841,0.9341842,814.15204,369.20676,0.8663375
0.0,0.0,0.4113562,0.0,0.0,0.22581339,0.0,0.0,0.4230478,0.0,0.0,0.17167692,247.92625,208.22415,0.54562336,245.57758,219.8702,0.9061062,243.06456,220.0626,0.9437514,248.04178,234.8695,0.59421706,241.58649,235.0803,0.8324545,250.46432,238.19034,0.53970104,249.74568,238.70323,0.74721116,243.1832,252.39482,0.9770956,242.57399,252.84898,0.98273176,244.51122,281.0388,0.9707372,243.62566,280.89688,0.97903043,242.41234,307.96188,0.95425093,240.18312,308.8021,0.96487224
664.5202,207.82552,0.9284812,667.24646,205.28717,0.9145735,662.14374,205.31645,0.88852596,671.90314,207.29808,0.75795555,658.7404,207.62381,0.6281497,677.2049,222.71553,0.984435,655.6447,223.15038,0.9806013,681.4608,241.2754,0.8573041,652.9333,241.75575,0.8148372,677.11633,254.96625,0.76825804,657.5711,255.13057,0.7220829,674.5229,258.05157,0.94850343,660.6106,258.19086,0.94396114,676.3816,283.0301,0.76664555,662.4376,283.04318,0.7499067,676.8406,304.2198,0.5423927,665.66016,304.17682,0.5241812
0.0,0.0,0.07641631,0.0,0.0,0.01774692,0.0,0.0,0.11860995,0.0,0.0,0.048040956,486.9455,201.26376,0.6184043,467.56772,211.75151,0.5284365,486.8549,213.42995,0.8444056,0.0,0.0,0.15960975,496.21335,224.7983,0.7809213,0.0,0.0,0.13539086,497.8483,221.27834,0.58139294,466.55038,251.62134,0.8657985,479.88702,252.39204,0.93966824,466.39395,285.47952,0.8746457,477.329,285.57816,0.9464052,462.65622,317.45255,0.8725767,471.85626,318.70718,0.93089795
