822.9338,168.55847,0.9670076,826.2025,164.74667,0.84441316,817.03796,164.28969,0.96366715,0.0,0.0,0.38282582,802.5482,166.70364,0.89364374,833.90216,195.78192,0.9613544,786.72144,195.81589,0.9928745,848.62573,215.82455,0.7789603,773.2755,228.80759,0.9742019,845.4832,210.72787,0.7270481,762.15344,261.3022,0.9447144,823.37775,270.19403,0.9806944,793.4974,268.9937,0.9919669,825.5892,324.9063,0.97097415,793.91846,319.30978,0.98819447,830.20654,377.8037,0.94270104,798.0716,373.27338,0.9685582
0.0,0.0,0.09030191,0.0,0.0,0.046342727,0.0,0.0,0.06366691,0.0,0.0,0.39581972,434.92432,197.48158,0.5544466,411.1311,214.33002,0.9570816,439.2428,214.69173,0.97133595,402.9171,240.37022,0.82527745,445.66473,236.73183,0.8895269,402.27762,263.4221,0.62464106,443.95407,252.31984,0.70301294,414.70053,263.6921,0.9907336,432.2247,264.34464,0.99232846,420.0082,299.77676,0.98320746,428.02396,300.6554,0.9846229,424.68512,334.52606,0.9635115,424.84775,336.02792,0.9652596
121.04248,157.62224,0.96644884,126.42183,153.37386,0.9422852,116.33101,153.10406,0.84809124,137.75479,154.97232,0.87335056,113.0293,155.0474,0.51216227,152.1959,185.90381,0.9973283,109.18114,185.25526,0.9867889,162.42023,219.74435,0.9901855,97.05705,227.69441,0.92468846,134.5771,199.13,0.97505164,90.750275,240.59746,0.89581394,146.27774,267.73206,0.997251,120.90874,265.4917,0.99410206,132.4062,336.10028,0.9926086,131.5943,330.05447,0.98505026,131.28123,390.26642,0.96156526,146.93217,382.7545,0.9424552
246.13548,188.83481,0.94586265,250.3044,185.61285,0.85601354,242.66035,184.83102,0.87901646,254.60199,187.70796,0.63059515,234.01419,185.78525,0.68838644,261.2259,209.0527,0.9888784,220.69249,207.99202,0.9894023,272.36972,239.57188,0.96240336,215.94481,238.72757,0.96288544,259.2176,236.2688,0.93706626,236.80814,235.09346,0.93858486,253.07315,268.1552,0.99553263,225.28033,268.38928,0.9953258,259.97223,317.72025,0.9908676,232.11954,319.176,0.9910936,258.7453,362.08972,0.9719425,236.22224,364.7778,0.9727811
69.201515,180.16637,0.9249987,73.4663,176.05417,0.8738173,65.86242,176.33844,0.8593845,81.97292,179.42302,0.6289495,62.99426,180.5922,0.5699633,92.66156,205.3264,0.9782614,58.90935,207.97989,0.98514706,101.990204,235.94534,0.90675664,54.201664,242.01646,0.93278104,96.77202,264.41763,0.86811364,53.0782,273.75604,0.88888454,90.12243,269.91812,0.9879313,66.52079,270.68762,0.9900656,94.84565,315.86743,0.96976906,59.471798,315.95236,0.9723943,101.36198,356.11264,0.9251892,55.931347,355.68936,0.9313386
0.0,0.0,0.2429508,0.0,0.0,0.2589673,0.0,0.0,0.083589606,662.77014,203.39342,0.84589034,0.0,0.0,0.4142873,657.5683,222.11914,0.9861789,684.548,220.21825,0.9673612,652.5491,245.59998,0.9273243,689.03595,243.10565,0.70007956,654.7341,256.03763,0.75606,0.0,0.0,0.46534202,662.88153,265.06668,0.99167144,681.03925,264.46008,0.9866681,665.8057,301.8098,0.98642576,681.2184,301.83786,0.9750645,668.4169,338.5039,0.97227716,682.8331,337.3353,0.95641285
0.0,0.0,0.06701212,0.0,0.0,0.03812419,0.0,0.0,0.045866527,0.0,0.0,0.4786663,509.15363,219.95334,0.5688421,487.82748,233.9602,0.964268,516.32367,234.17429,0.9721715,480.07877,253.34389,0.84620225,525.1405,253.84618,0.88462037,481.10986,267.95056,0.63119036,526.8308,268.0229,0.6815828,492.501,272.3456,0.99174833,511.29828,272.49005,0.992732,491.9504,301.1256,0.98414016,509.2725,301.3066,0.9844936,492.21954,327.899,0.9704954,508.06573,328.1588,0.9705283
0.0,0.0,0.14767514,0.0,0.0,0.13379344,0.0,0.0,0.05989478,539.6104,217.97882,0.60775566,0.0,0.0,0.2604416,540.13605,234.21545,0.94349897,558.6163,231.77,0.9037046,537.2353,256.05405,0.8368687,570.3367,251.5227,0.646404,535.52875,271.36908,0.6612042,0.0,0.0,0.47510454,548.9362,271.6951,0.97645706,560.26355,270.72598,0.9676108,551.1662,299.03976,0.96662563,558.27466,298.24667,0.9502253,554.1583,327.58792,0.94925565,555.3089,325.18494,0.9317438
0.0,0.0,0.182843,0.0,0.0,0.080966935,0.0,0.0,0.14782088,0.0,0.0,0.4180506,745.6181,212.07463,0.7231206,725.52454,228.31181,0.9675627,751.50543,226.93338,0.9804064,719.3651,250.19792,0.80067223,757.78577,248.01237,0.8951451,720.2568,266.8696,0.57352734,754.9702,265.17548,0.69736844,731.0146,269.6941,0.9813844,748.059,269.1821,0.9856064,736.389,302.59506,0.9387053,749.15247,302.03967,0.9496668,736.95667,331.68484,0.86369586,746.0756,331.56903,0.8804702
0.0,0.0,0.09415442,0.0,0.0,0.10778196,0.0,0.0,0.04046315,0.0,0.0,0.21551149,0.0,0.0,0.04401997,0.0,0.0,0.32383195,0.0,0.0,0.16822955,0.0,0.0,0.33000496,0.0,0.0,0.09869937,0.0,0.0,0.29315472,0.0,0.0,0.1165517,0.0,0.0,0.3588085,0.0,0.0,0.2692507,0.0,0.0,0.37191454,0.0,0.0,0.2703044,0.0,0.0,0.31384858,0.0,0.0,0.24631934
0.0,0.0,0.30724138,0.0,0.0,0.24225037,0.0,0.0,0.15297835,176.52664,200.65027,0.5058735,0.0,0.0,0.30857402,176.32198,216.4308,0.9127519,188.0155,215.78046,0.88989776,174.20146,239.81752,0.6442685,192.74944,238.41705,0.5357478,0.0,0.0,0.45363885,0.0,0.0,0.37393066,178.55855,260.5869,0.92084277,186.02167,260.08884,0.91226524,175.23433,295.61188,0.8413382,181.59773,295.45544,0.81810826,182.8572,328.87668,0.7458317,184.31241,327.84647,0.7226494
0.0,0.0,0.15719566,0.0,0.0,0.114713535,0.0,0.0,0.12330409,0.0,0.0,0.39960343,0.0,0.0,0.40130553,693.00854,227.31628,0.8990782,709.0879,227.32108,0.9025752,689.7974,240.7782,0.56931585,713.2005,240.21089,0.60137534,0.0,0.0,0.36733574,0.0,0.0,0.3874931,696.73083,252.60298,0.9232821,707.09576,252.5512,0.9267244,698.8083,273.21854,0.8601318,706.6717,273.03326,0.86609215,701.196,291.87775,0.82274663,706.68414,291.68768,0.8284947
