0.0,0.0,0.4904107,0.0,0.0,0.42547822,0.0,0.0,0.0806951,555.0643,52.63218,0.950254,0.0,0.0,0.3680847,546.6314,120.74259,0.9949426,635.61774,121.27255,0.9753132,517.44385,218.48962,0.9766476,658.68964,220.75952,0.8363562,498.35583,288.04068,0.92108345,652.1445,292.27002,0.721686,561.06256,291.66205,0.9864529,620.90784,291.93524,0.9748376,534.8,401.5577,0.91157854,614.326,413.89246,0.86218107,0.0,0.0,0.4050896,0.0,0.0,0.34018886
319.33798,179.84134,0.9669388,322.80762,175.97246,0.92127156,315.24542,176.19211,0.9473261,327.47968,178.98662,0.65982836,308.35965,179.38185,0.8070829,334.6499,204.30444,0.9930286,298.94125,205.6758,0.9970817,341.82556,234.17096,0.9454456,291.22278,236.99246,0.98082685,342.42993,263.64542,0.9174531,291.7724,268.23526,0.9591167,327.27896,264.40933,0.9957104,304.73965,265.06833,0.997366,321.71494,309.1639,0.98769814,301.2265,309.68265,0.99127465,314.98203,351.3287,0.964257,299.51944,352.32822,0.97198886
0.0,0.0,0.076930426,0.0,0.0,0.046020564,0.0,0.0,0.04297624,725.13983,175.60335,0.65393746,744.5244,174.88728,0.67984927,715.5676,198.3727,0.98214865,756.08545,197.53981,0.9861477,708.7312,226.51637,0.8719325,770.0779,226.36,0.8976732,713.004,237.2169,0.603837,766.38574,238.22997,0.6431496,723.8036,259.06085,0.9940176,750.1484,258.94125,0.9948315,726.90137,306.1464,0.9812181,750.97723,306.3977,0.9818833,731.45703,352.0096,0.95056975,750.8933,351.87292,0.95142406
0.0,0.0,0.35015145,0.0,0.0,0.13307579,0.0,0.0,0.3370112,0.0,0.0,0.461147,88.95366,201.24388,0.87078446,67.86364,218.90298,0.9797798,94.1749,218.51855,0.99102086,62.241924,241.31697,0.75122017,103.28109,239.28195,0.91800654,63.550655,257.35745,0.5142167,102.63612,254.42592,0.7275409,72.70126,261.77264,0.98890555,89.79699,261.64587,0.9925579,72.26896,292.78473,0.9762739,85.11103,292.47464,0.9827792,74.72581,323.41727,0.9566178,83.2856,323.99283,0.96481675
0.0,0.0,0.13007899,0.0,0.0,0.121456414,0.0,0.0,0.04750166,173.91473,196.2445,0.74536014,0.0,0.0,0.3856498,170.37238,213.08707,0.98193157,196.1039,211.74693,0.97530943,163.64027,235.04141,0.9210364,202.50339,234.73228,0.83816296,162.37367,252.5906,0.7609246,201.53145,254.2464,0.63310975,176.03108,254.96628,0.99368274,192.54727,254.37566,0.9926213,177.89415,287.30624,0.98763835,190.95007,287.23096,0.9833636,179.63155,320.98798,0.9742406,190.03244,319.73798,0.9677776
0.0,0.0,0.09998985,0.0,0.0,0.045157228,0.0,0.0,0.08107266,0.0,0.0,0.3678315,132.69833,204.17494,0.6355629,113.475525,219.92593,0.954516,139.69243,219.87027,0.9750913,106.30928,240.02289,0.7389748,145.35349,241.53389,0.8808944,0.0,0.0,0.49840957,145.27104,258.69977,0.66825855,118.284836,260.78787,0.98927313,135.3465,260.69778,0.9920878,119.28251,290.87076,0.9820695,131.56458,290.6281,0.98564374,122.14144,320.27368,0.9697076,128.96237,320.06873,0.9737935
382.14752,189.78053,0.9233599,385.764,186.47537,0.84419245,379.08707,186.423,0.89843726,390.67206,190.31558,0.538729,373.97983,190.10628,0.7382738,396.2566,214.20094,0.9774785,364.53662,214.96306,0.9905725,405.95685,237.96758,0.84664637,350.78214,241.41049,0.9480323,406.6647,257.01175,0.79595506,348.06824,267.40878,0.8991477,387.14127,270.56665,0.9854246,368.13635,270.79816,0.99078405,380.82098,311.02548,0.96694195,370.09494,311.13995,0.97656316,374.8162,349.82193,0.926314,372.0538,350.14813,0.9423184
0.0,0.0,0.33477712,0.0,0.0,0.4340083,0.0,0.0,0.06782346,799.0133,157.82709,0.8556016,0.0,0.0,0.15066993,794.05334,185.8739,0.9876489,833.4379,182.78622,0.8349772,789.5907,225.02715,0.97201467,0.0,0.0,0.42519468,782.2159,246.26152,0.9002057,0.0,0.0,0.3621844,796.22876,257.19263,0.99526227,822.4905,256.4213,0.98054564,794.4023,313.03253,0.99489,813.88837,316.7966,0.98117644,809.38855,362.52203,0.98693526,820.101,366.18524,0.9710623
0.0,0.0,0.13882574,0.0,0.0,0.0875941,0.0,0.0,0.07586129,465.93155,187.53777,0.5151282,480.67383,187.68556,0.5003245,457.5202,206.88695,0.942317,487.3787,207.15634,0.91925114,450.25983,232.80821,0.730608,488.44125,234.90811,0.60398597,0.0,0.0,0.46328443,0.0,0.0,0.36018884,462.25296,257.13614,0.9705401,482.45932,257.3616,0.9645382,464.62924,298.29614,0.9543028,483.20856,298.6,0.94274974,461.77353,337.5508,0.91751593,479.2626,337.9849,0.9038423
408.98172,220.07784,0.78119254,410.80533,217.57076,0.7229694,406.91113,217.63898,0.7114636,0.0,0.0,0.49788362,0.0,0.0,0.46429503,418.37085,229.54562,0.95678514,399.98547,230.14493,0.9520738,424.0825,242.35185,0.7928889,397.50497,243.20184,0.78249294,421.2534,247.81113,0.7356422,402.4788,248.26501,0.72676927,414.3081,260.30508,0.96762645,402.74844,260.5033,0.96648616,413.38065,285.46545,0.9391564,402.64725,285.33606,0.93748426,411.25766,308.48044,0.87808174,402.4386,308.6886,0.8762415
