0.0,0.0,0.22007215,0.0,0.0,0.09362952,0.0,0.0,0.062354058,376.74454,114.55551,0.75177985,411.24237,116.523544,0.5737193,360.80075,158.28099,0.9930609,427.665,161.9762,0.98634154,326.47577,215.6727,0.9802406,446.15466,224.90758,0.9492629,308.7772,256.86548,0.9360749,440.33817,279.52368,0.88163805,373.06427,277.04324,0.9986739,413.6418,278.33585,0.99820495,374.52573,355.45538,0.99550325,395.58743,359.1536,0.9943268,396.14877,426.53577,0.97098655,393.28757,432.45438,0.96695656
0.0,0.0,0.077663995,0.0,0.0,0.07308526,0.0,0.0,0.029285392,563.91766,176.43785,0.72089374,0.0,0.0,0.35712975,557.4298,197.93968,0.97543234,588.45905,198.96861,0.9631026,545.53766,227.67607,0.93067735,591.8561,231.19682,0.8327533,538.46326,255.47798,0.77490336,591.86975,259.14532,0.61407614,559.4123,255.25777,0.99228,579.1602,255.54788,0.9901389,559.1146,295.56943,0.98197466,574.5019,296.32938,0.97298276,567.3045,332.65485,0.9527824,577.72314,333.09897,0.9365478
0.0,0.0,0.30200675,0.0,0.0,0.14338385,0.0,0.0,0.25361225,79.73032,204.28047,0.5542,90.29511,204.71187,0.80802166,70.706406,220.53552,0.9794206,95.24804,220.82397,0.98709065,63.579323,240.16235,0.7917042,102.51421,239.33057,0.8833004,62.845444,255.44113,0.5543743,100.79239,252.67982,0.6641915,73.686554,259.60773,0.98677325,89.808716,259.87653,0.98927397,72.04794,287.75006,0.9704945,86.60253,288.06146,0.9736917,74.599846,314.6666,0.94529784,86.99418,315.68784,0.94856465
0.0,0.0,0.09651615,0.0,0.0,0.07589255,0.0,0.0,0.04786239,175.94075,204.38728,0.5835908,0.0,0.0,0.4079617,170.82434,220.12491,0.9697656,194.25674,220.29044,0.96654063,163.31194,239.27306,0.89998645,198.23137,241.7752,0.8604589,161.8521,255.26103,0.7412016,198.64183,259.86847,0.6824092,173.30664,258.56342,0.9914835,188.18681,258.52222,0.99100906,173.98842,287.12393,0.98358834,183.34526,287.44604,0.98041534,174.65031,314.94772,0.9671117,180.26942,315.02283,0.9623017
0.0,0.0,0.1313578,0.0,0.0,0.04847948,0.0,0.0,0.12535287,0.0,0.0,0.314195,128.52077,207.45123,0.7404895,110.04099,221.78952,0.9577272,133.63884,221.97812,0.9825299,105.16844,240.26724,0.732663,138.78954,242.57762,0.9214441,107.0762,250.49728,0.5088092,139.87863,256.7135,0.7515898,114.53822,259.91,0.98843527,130.71156,259.9631,0.9927792,114.166466,288.21658,0.97610986,129.40727,287.95923,0.9839624,115.821846,314.18243,0.9574358,129.56094,314.3404,0.9676344
0.0,0.0,0.11498103,0.0,0.0,0.05126506,0.0,0.0,0.088092506,0.0,0.0,0.26598886,0.0,0.0,0.4926029,814.13214,208.67578,0.87055725,838.3543,209.50482,0.8671104,800.3073,237.21487,0.5647307,840.22925,237.29138,0.5641976,0.0,0.0,0.3531573,0.0,0.0,0.33951882,819.018,263.95532,0.92547715,834.2288,264.9327,0.9210444,819.4734,299.0331,0.8725661,828.0914,299.9343,0.8590831,831.91614,329.4103,0.78276473,832.75574,331.194,0.7658042
0.0,0.0,0.105499074,0.0,0.0,0.034304183,0.0,0.0,0.09464718,0.0,0.0,0.37155485,511.35147,193.00485,0.76778495,484.3878,208.93976,0.9583409,515.12933,210.37096,0.9790739,476.8766,232.59479,0.72772115,522.5553,232.62932,0.89305305,0.0,0.0,0.48861113,523.5947,247.28262,0.67117596,488.50897,256.77386,0.99053746,510.0919,257.57874,0.9932058,481.12186,294.4922,0.9836278,511.80334,294.92654,0.9867807,474.53928,329.037,0.9702795,511.85638,330.51822,0.9742284
0.0,0.0,0.12124526,0.0,0.0,0.033175975,0.0,0.0,0.11782319,0.0,0.0,0.24834584,752.4633,185.25043,0.7903057,723.13165,202.53749,0.9520628,759.2355,202.4855,0.97838885,712.63104,229.84654,0.6287142,770.33435,228.51215,0.8838249,0.0,0.0,0.3770582,771.3538,239.92438,0.6448329,725.27814,255.70517,0.9839968,748.0445,255.45595,0.98991007,729.3335,297.2431,0.95802045,745.3363,296.87292,0.97351843,730.45465,335.13953,0.9177646,737.9678,335.98062,0.9406359
0.0,0.0,0.0907599,0.0,0.0,0.065020844,0.0,0.0,0.042067546,695.794,172.02596,0.651339,0.0,0.0,0.4851897,686.92487,194.79568,0.9607851,721.59766,194.93147,0.94644874,675.4001,229.74997,0.7875813,727.8794,227.82819,0.6491901,0.0,0.0,0.48925856,0.0,0.0,0.3522626,694.8783,256.9182,0.9842407,718.1407,257.50922,0.98059756,695.5214,306.27505,0.9714162,721.211,307.073,0.96091276,697.66425,352.57126,0.9369003,721.8558,353.00943,0.9211782
639.4586,213.15298,0.61876756,0.0,0.0,0.22902732,637.7118,210.49614,0.66884524,0.0,0.0,0.113851815,631.46796,210.18048,0.80093074,627.1185,219.65968,0.8910103,626.2259,220.16801,0.9739421,0.0,0.0,0.4876631,631.41437,234.93619,0.9312198,0.0,0.0,0.4648232,640.8777,233.58704,0.8598744,621.31525,252.84302,0.95182633,620.9094,253.36273,0.9786941,622.85486,283.09543,0.9263626,623.5675,283.38184,0.9686148,620.0547,310.69107,0.8880275,620.03235,312.14655,0.939156
312.02405,199.57492,0.5446584,0.0,0.0,0.33014938,309.59088,196.69893,0.5561655,0.0,0.0,0.17430934,304.0532,197.54108,0.53085697,316.69736,213.94153,0.67963785,296.8241,214.44833,0.840423,0.0,0.0,0.21630712,292.21472,235.31645,0.56793106,0.0,0.0,0.20573913,0.0,0.0,0.45762423,313.27826,254.1468,0.7954507,300.9163,254.93294,0.8667859,309.5084,286.60007,0.8456857,301.66513,287.4064,0.90023136,306.19064,320.6606,0.8659185,301.61273,321.6806,0.90250695
