0.0,0.0,0.17991163,0.0,0.0,0.14982958,0.0,0.0,0.052386347,315.95276,132.31313,0.7646559,0.0,0.0,0.29904473,300.2421,165.6592,0.9806353,357.07184,166.6308,0.9163382,289.9156,210.13712,0.93410933,358.708,214.01027,0.6406884,301.8016,228.62234,0.802015,0.0,0.0,0.47284794,306.90286,254.6903,0.99661404,346.19318,255.54259,0.99264,307.01492,335.3496,0.9958591,344.65897,339.38724,0.99176145,312.5563,414.60425,0.9866427,350.69495,421.31467,0.979711
724.6924,155.08098,0.91656977,0.0,0.0,0.46840632,719.1949,148.72751,0.91328424,0.0,0.0,0.1362993,700.39215,151.62292,0.9158145,716.37476,191.56927,0.9511486,679.40497,189.8779,0.99757,721.3276,234.02211,0.8067943,653.82324,243.78893,0.9947977,732.9721,248.17322,0.80752933,635.85767,284.75476,0.98724556,708.994,282.6435,0.99184966,687.1704,282.14847,0.9979734,702.9099,355.55307,0.98470426,698.9164,354.1168,0.99623543,680.92,421.95773,0.9431282,692.1274,425.36014,0.9768043
196.24013,204.48355,0.5626137,0.0,0.0,0.24012785,194.5215,201.66727,0.54203016,0.0,0.0,0.42889816,192.09949,203.19885,0.8933573,173.78033,220.34016,0.981951,195.41399,220.07584,0.992636,162.30247,239.97565,0.79909724,203.46861,241.56973,0.94755644,164.45918,255.7629,0.63610315,208.46442,260.379,0.84155613,176.93309,258.62506,0.9892223,190.76471,258.3137,0.9935189,178.94041,287.51294,0.97750217,189.58815,286.82086,0.98618466,179.38385,315.18613,0.96242255,187.47366,315.5594,0.97370636
779.83606,169.3151,0.9703781,787.0347,165.65338,0.9376307,775.044,165.0652,0.92766714,797.18396,169.60612,0.7884361,767.75073,168.21829,0.7095098,802.1902,198.5985,0.99148846,756.8423,200.01924,0.9873723,823.82117,227.14851,0.9471736,737.3528,234.26733,0.9116772,816.1123,230.69672,0.89375705,740.537,236.65662,0.85082185,785.7375,271.0736,0.9934917,762.7536,272.2158,0.99169606,773.11865,343.41083,0.99045324,790.87317,347.83276,0.9886404,761.3022,414.2266,0.96719086,816.90515,421.61047,0.9637687
457.0563,212.96294,0.9088955,459.59064,210.85129,0.8650163,455.54953,210.67879,0.81752557,463.8836,212.39282,0.7337877,453.08063,211.91167,0.5748928,468.85168,225.45345,0.9886679,448.37726,225.01617,0.9883144,473.41785,239.18294,0.935891,441.69055,238.3844,0.9107707,465.73254,239.82225,0.89564705,445.6437,240.40176,0.8606629,464.53848,259.65204,0.9888787,450.94162,259.32294,0.9885837,465.89288,285.5184,0.97552353,448.75836,284.97003,0.97165585,468.8636,309.47507,0.94738466,450.43033,308.32446,0.9408742
636.3321,201.95038,0.95067805,639.038,199.34868,0.9006327,633.66644,199.4784,0.92422867,643.10187,201.60744,0.67114675,629.75507,201.91338,0.7839587,647.79865,218.90262,0.9856076,625.0303,218.41684,0.9940573,651.0324,240.17549,0.8847348,616.9359,236.46542,0.9600433,645.9435,259.3722,0.8221229,611.33057,253.6946,0.91281843,642.57184,256.70123,0.96504897,628.5828,256.33307,0.9782088,639.2051,284.6895,0.83186424,628.2018,284.0733,0.87969327,637.1098,305.27625,0.6293215,630.9619,304.63705,0.6951922
243.59723,219.71078,0.65363747,0.0,0.0,0.293764,242.05142,217.29047,0.6754992,0.0,0.0,0.25038156,234.74008,218.6207,0.84110326,227.46945,231.44168,0.9512275,233.07158,232.06105,0.98515934,224.75815,246.27832,0.58438635,237.7686,245.69576,0.91317815,0.0,0.0,0.49129272,241.6102,250.43198,0.803228,229.9511,262.07217,0.97308546,233.8153,262.66666,0.98557913,232.77187,286.68396,0.95844877,237.00536,286.7409,0.9773876,231.47581,309.89767,0.9443579,234.76166,310.83157,0.9640986
0.0,0.0,0.44104606,0.0,0.0,0.29715514,0.0,0.0,0.45676225,0.0,0.0,0.15687515,0.0,0.0,0.39522856,0.0,0.0,0.3850716,839.77563,225.73468,0.6811701,0.0,0.0,0.15453586,827.9183,235.40245,0.53912854,0.0,0.0,0.18483107,0.0,0.0,0.47876948,0.0,0.0,0.38677612,841.5001,263.1751,0.5608784,0.0,0.0,0.41690803,845.18176,297.75482,0.5762936,0.0,0.0,0.46978116,846.245,330.6896,0.5902545
0.0,0.0,0.26197186,0.0,0.0,0.16653247,0.0,0.0,0.20404518,93.64098,222.5671,0.5141623,99.56383,222.95467,0.5792561,89.61992,231.49075,0.97882104,102.36579,231.91495,0.980525,84.51347,242.30305,0.82505554,105.893105,242.6042,0.8612355,83.968704,251.05984,0.651564,105.994865,251.35638,0.69378406,90.75529,252.46922,0.9871862,98.506905,252.61638,0.9877051,91.41625,269.06378,0.9722667,98.13561,268.9746,0.97422653,91.0726,284.8533,0.95619076,97.58888,285.1667,0.9588199
0.0,0.0,0.31540886,0.0,0.0,0.20696427,0.0,0.0,0.2837687,0.0,0.0,0.35784683,377.36917,218.5142,0.50831354,368.54718,228.15358,0.9160643,378.6665,228.74986,0.92872083,366.16568,241.35301,0.63310677,381.93134,241.66183,0.7360568,367.46146,249.39894,0.506577,383.60513,249.67096,0.59603643,368.68512,254.03056,0.9489135,375.31393,254.2479,0.9532651,369.62122,274.53906,0.92314243,375.52023,274.3734,0.9318378,369.32678,293.63675,0.88992685,374.06265,294.00867,0.8995274
0.0,0.0,0.15738203,0.0,0.0,0.07408773,0.0,0.0,0.1351379,0.0,0.0,0.25335288,268.85495,211.81108,0.5343105,255.14832,222.2198,0.8758792,271.85052,222.40163,0.9059248,253.01231,234.79688,0.5133834,276.79477,235.10936,0.6770459,0.0,0.0,0.34617692,0.0,0.0,0.4734956,257.7556,248.16525,0.9437068,268.59,248.40062,0.952455,260.82355,271.29294,0.92581606,269.09082,271.43927,0.93780726,262.25632,293.23666,0.90687877,267.4137,293.6458,0.9173488
0.0,0.0,0.13968293,0.0,0.0,0.10331414,0.0,0.0,0.09540811,0.0,0.0,0.46266812,0.0,0.0,0.39178455,117.67591,233.63521,0.95471185,131.90825,233.68077,0.95113885,112.17226,243.97774,0.775902,137.15355,244.27771,0.7501082,111.43184,253.02078,0.5872281,137.50056,253.01328,0.5557519,120.17741,253.5507,0.9811699,128.5556,253.6233,0.9805212,120.58674,269.8121,0.96649486,127.39716,269.75943,0.96516454,121.048805,285.0909,0.9539177,126.41531,285.18814,0.95288414
