0.0,0.0,0.1817129,0.0,0.0,0.19169864,0.0,0.0,0.06335044,577.13855,200.24161,0.8046833,0.0,0.0,0.34863383,570.6422,219.29567,0.9870625,597.5618,219.05557,0.9718892,555.99603,244.03699,0.9619766,605.6465,242.86008,0.82335055,543.6882,259.95865,0.8719325,599.31616,255.07967,0.64950603,575.1019,262.91632,0.99490464,590.7111,262.70468,0.9921043,578.0949,299.12976,0.99060786,582.9543,299.45935,0.982732,589.7719,334.64386,0.9772537,585.3392,334.76114,0.96425647
0.0,0.0,0.41030425,0.0,0.0,0.1262935,0.0,0.0,0.4132363,0.0,0.0,0.35925668,87.402336,196.87755,0.90384567,64.68787,214.80533,0.979502,92.06052,215.99313,0.9938334,56.927193,239.18889,0.7535462,100.63162,240.0951,0.9578032,55.680523,260.22205,0.56503856,104.19102,258.35294,0.8468551,70.51773,262.39536,0.9918166,88.87875,262.78613,0.99588484,67.82461,296.52847,0.9822978,86.8208,296.25592,0.9907492,69.05598,328.1485,0.9654254,87.247536,329.3392,0.97843266
0.0,0.0,0.095390745,0.0,0.0,0.048545204,0.0,0.0,0.06479422,185.13416,192.01125,0.53424174,201.28549,191.54991,0.6764567,176.49454,210.48837,0.9794611,208.69885,210.0442,0.9902997,166.66109,235.11281,0.89062035,219.85522,234.42244,0.95566344,167.41183,256.85828,0.70847005,225.96196,256.41458,0.82627946,185.6036,258.27612,0.9948532,205.3173,258.46545,0.99650925,186.54361,294.02002,0.9847478,200.18297,294.22052,0.9880535,191.31898,329.31586,0.96254504,197.81427,329.43774,0.968315
0.0,0.0,0.14810969,0.0,0.0,0.08982095,0.0,0.0,0.091159865,129.8827,195.03262,0.60756564,144.2391,196.01218,0.5976572,122.622665,213.61807,0.96884197,152.91173,215.27766,0.97853243,112.21485,237.40239,0.8355079,157.86418,240.43912,0.8870237,112.532326,252.74127,0.63207865,155.82161,259.58862,0.69299436,123.55959,260.33612,0.98991174,143.5138,260.69446,0.99147195,121.7753,294.2598,0.9825759,139.09856,294.5203,0.9830973,121.840485,327.30322,0.9666003,136.08199,327.51456,0.96688086
0.0,0.0,0.19642639,0.0,0.0,0.11821333,0.0,0.0,0.102551214,440.87115,177.46458,0.52380425,0.0,0.0,0.42725167,428.77344,199.29709,0.9357872,472.58545,199.44716,0.90711766,416.3289,233.4872,0.81257397,481.39005,231.58527,0.72253287,419.54214,251.52101,0.6338428,478.40088,241.79494,0.5538213,433.18195,262.21658,0.98041576,462.39465,262.08148,0.9758676,432.05573,310.7439,0.9761317,458.3464,311.99573,0.9724132,427.3949,358.0014,0.95105374,453.99744,360.29428,0.94684356
301.9292,184.06148,0.9229412,304.85513,180.52008,0.83596045,298.26874,180.6774,0.9001652,0.0,0.0,0.4983898,291.98145,183.27087,0.7312605,316.08984,205.12288,0.9754473,284.11905,205.81488,0.9892085,323.81113,231.49777,0.8460221,276.60492,232.1904,0.9487883,322.79276,256.90454,0.8009559,276.7483,257.77292,0.9081681,309.47083,256.06885,0.9892579,289.88257,256.4524,0.9931452,306.28223,296.33472,0.98482436,290.84857,296.4952,0.98939383,299.4267,334.86118,0.9750807,290.04282,335.14166,0.9806788
358.1038,197.58723,0.89753276,361.57217,194.79137,0.7950206,355.54907,194.3313,0.8592038,365.8479,198.03494,0.5153933,350.24527,197.0069,0.6955765,369.791,216.0669,0.9781538,341.22485,217.90405,0.988533,376.69327,230.74391,0.8689015,328.24826,241.97084,0.9398437,367.01657,225.47409,0.82286197,325.8081,258.45297,0.8918091,362.14304,264.66962,0.990732,344.412,265.285,0.9931693,358.1082,300.48877,0.9858161,345.6241,300.82156,0.98820376,354.15887,335.452,0.9716148,347.67346,335.72238,0.9749009
259.63113,204.75307,0.8774481,261.48108,202.45724,0.7513644,257.30457,202.282,0.8315486,0.0,0.0,0.48486227,251.79166,203.1205,0.69902176,265.9295,217.79326,0.97497433,244.20851,216.59874,0.9860103,268.72745,234.77156,0.8292862,236.09349,232.44922,0.91282463,266.3453,246.65974,0.76601726,239.18343,243.09164,0.8480574,260.21768,253.45654,0.98285705,246.6426,253.07669,0.9871977,258.7923,282.54358,0.96904534,246.36758,282.1402,0.97494364,257.97916,311.2353,0.94428515,247.40762,310.90503,0.9520814
0.0,0.0,0.009905778,0.0,0.0,0.0031229286,0.0,0.0,0.003361872,0.0,0.0,0.038840055,0.0,0.0,0.035928432,0.0,0.0,0.22909579,0.0,0.0,0.22277427,0.0,0.0,0.33369252,0.0,0.0,0.29008016,0.0,0.0,0.3010177,0.0,0.0,0.2577087,0.0,0.0,0.4044707,0.0,0.0,0.39536113,0.0,0.0,0.068451814,0.0,0.0,0.060591217,0.0,0.0,0.011746116,0.0,0.0,0.009968199
0.0,0.0,0.19780897,0.0,0.0,0.045704097,0.0,0.0,0.254731,0.0,0.0,0.07172852,505.48053,203.62509,0.71343434,488.0273,215.24644,0.77787566,503.63333,216.06702,0.9306489,0.0,0.0,0.3761477,512.4498,230.79085,0.87810755,0.0,0.0,0.31498498,514.8502,227.37325,0.7440625,487.23062,252.63058,0.9401412,497.62314,253.31976,0.9703706,494.78018,283.68103,0.92575717,501.9607,283.94324,0.96518767,494.75296,312.33716,0.9137262,498.2858,313.79343,0.9502238
0.0,0.0,0.10288771,0.0,0.0,0.11327422,0.0,0.0,0.029583575,708.8255,161.48448,0.8521903,0.0,0.0,0.3204126,698.1557,188.78278,0.9726273,731.9518,192.8985,0.92119825,680.5639,227.5703,0.8469372,0.0,0.0,0.42400336,667.1443,265.1179,0.5512476,0.0,0.0,0.20256212,691.5976,259.0251,0.9839378,714.689,260.34406,0.97091347,675.0572,307.3758,0.9759009,709.8076,309.88,0.9473776,662.4498,351.26886,0.9527756,701.3513,354.50085,0.91754264
0.0,0.0,0.090059265,0.0,0.0,0.13597584,0.0,0.0,0.011364881,745.35565,154.26814,0.87623936,0.0,0.0,0.09377672,746.40924,183.43808,0.97125834,782.023,181.3237,0.86074835,736.72375,226.65906,0.9012321,0.0,0.0,0.27630594,723.476,263.17047,0.6681344,0.0,0.0,0.15593818,746.5639,262.97577,0.9897153,770.84454,260.4585,0.973879,724.5985,319.06244,0.98688644,753.3904,317.93253,0.9576583,719.3909,376.00864,0.9695749,746.87146,373.20255,0.9295692
0.0,0.0,0.4288431,0.0,0.0,0.4739785,0.0,0.0,0.1236228,675.49286,198.99326,0.8471214,0.0,0.0,0.20271297,679.8422,220.02676,0.9700112,692.45905,217.51434,0.91879493,673.62494,250.43176,0.896628,690.3543,244.66394,0.53347844,665.215,272.6719,0.76447785,0.0,0.0,0.4117544,684.09424,274.40277,0.9790795,693.72876,272.3788,0.96306235,669.785,312.18933,0.972296,689.96655,310.4896,0.942124,665.7728,349.8852,0.953338,691.30304,346.01984,0.92126584
0.0,0.0,0.2632529,0.0,0.0,0.37983653,0.0,0.0,0.05382756,711.79517,163.1731,0.82089555,0.0,0.0,0.11733092,706.3903,188.55348,0.9764692,741.18195,187.68132,0.68356234,694.8016,228.2082,0.9459098,0.0,0.0,0.22728463,680.9812,268.41483,0.80308557,0.0,0.0,0.17552955,703.89154,264.4231,0.9804673,729.4067,263.04276,0.91623914,690.84235,316.9855,0.97180533,724.8181,316.94504,0.8903314,680.9318,362.67102,0.9327763,721.1166,358.5743,0.84768844
