0.0,0.0,0.19571467,0.0,0.0,0.041053623,0.0,0.0,0.3045324,0.0,0.0,0.18701872,38.523674,153.87979,0.8868369,0.0,186.52605,0.68298274,50.974922,190.55606,0.9631663,0.0,0.0,0.18643902,72.977715,243.48799,0.8846983,0.0,0.0,0.12310351,75.53066,285.33856,0.6560218,3.4209547,284.197,0.86192435,42.29989,286.2442,0.956654,8.766122,350.2346,0.7892775,32.842068,351.412,0.9312071,15.403395,413.57727,0.6747511,23.146568,416.09424,0.8251313
0.0,0.0,0.08917849,0.0,0.0,0.052791975,0.0,0.0,0.055416375,242.68925,202.62914,0.70959616,262.85034,203.44122,0.7336506,230.25638,225.22844,0.9872164,274.05063,227.08133,0.9906517,216.21487,254.15495,0.90379405,289.64346,258.78015,0.9244944,215.10962,272.2824,0.66642493,289.85004,277.91528,0.69498116,237.54263,288.05417,0.9942702,264.2516,288.9613,0.99502486,240.06133,330.34253,0.978444,258.2327,331.44904,0.97830814,247.09923,371.40182,0.93992615,253.58133,372.8183,0.9388793
103.61821,178.04167,0.93425286,108.50273,173.85881,0.92172307,100.32075,173.27481,0.8289372,117.909775,175.40547,0.7722479,0.0,0.0,0.364893,127.48211,200.0143,0.9825776,91.45646,199.258,0.9755906,130.36397,233.9448,0.9412637,85.91828,233.84212,0.8523042,109.48406,247.29747,0.91164905,87.601456,255.26279,0.8131864,120.96027,268.78305,0.9924293,95.20986,267.9483,0.99042857,129.57704,324.34656,0.9903077,88.3547,322.84512,0.9852924,137.37138,377.17636,0.9766913,84.447845,374.23224,0.9681607
0.0,0.0,0.0803179,0.0,0.0,0.03441767,0.0,0.0,0.061047312,509.5929,194.34497,0.5542132,528.9417,194.19511,0.7699862,494.19025,218.89938,0.9739265,536.1084,217.64642,0.97435373,483.3268,251.48834,0.75644,546.0042,244.75499,0.75458276,0.0,0.0,0.42035913,0.0,0.0,0.39718458,501.92584,275.41693,0.99171805,530.0403,275.793,0.9911233,507.29492,319.65497,0.98686254,535.1598,320.23676,0.98431116,510.9645,360.18286,0.9752122,537.5565,361.36755,0.97091776
0.0,0.0,0.075677656,0.0,0.0,0.04907965,0.0,0.0,0.03292079,302.9719,194.63385,0.6091497,321.36917,193.39554,0.502049,297.59756,215.8971,0.9604287,334.59058,213.65909,0.9596113,289.9447,245.65776,0.7819384,348.66187,242.27634,0.75994664,0.0,0.0,0.49418205,0.0,0.0,0.4718822,308.65668,277.60605,0.98966146,334.29095,276.6636,0.98998415,306.42578,322.63916,0.9866231,337.678,321.83798,0.98575145,303.37427,370.0393,0.97433794,337.5038,368.0623,0.97317165
0.0,0.0,0.080121316,0.0,0.0,0.031141037,0.0,0.0,0.07345101,0.0,0.0,0.24837637,498.0645,184.11633,0.6496351,466.85873,204.95686,0.8631868,503.31985,206.69402,0.9216225,0.0,0.0,0.37572473,503.09207,237.98567,0.64013976,0.0,0.0,0.18086436,0.0,0.0,0.3280521,471.3999,263.78,0.94169384,495.4855,264.81418,0.95728195,474.66663,309.7749,0.9047605,494.2003,310.7858,0.92791504,475.92264,353.13242,0.8625463,488.59363,355.26993,0.8875483
0.0,0.0,0.09138672,0.0,0.0,0.05045817,0.0,0.0,0.055810023,0.0,0.0,0.41591632,688.86115,199.59467,0.5112351,667.6928,217.10385,0.9525603,696.84607,215.48077,0.96470445,663.0209,240.37431,0.7806451,704.2486,238.48083,0.8459001,665.75055,261.95792,0.5327054,704.54706,260.45004,0.6136071,675.6471,259.3556,0.9832615,694.5801,258.7159,0.98642355,677.6695,292.43484,0.9574468,691.9451,291.838,0.9631352,681.89014,323.17114,0.9186398,692.3482,322.46844,0.926496
0.0,0.0,0.14894886,0.0,0.0,0.085842565,0.0,0.0,0.10607001,0.0,0.0,0.4360827,657.0072,211.6988,0.56332034,637.59314,229.77232,0.93604773,661.63525,231.03447,0.9444614,629.0564,250.70667,0.69731647,667.9704,253.56104,0.7491099,0.0,0.0,0.47275946,667.6106,270.14563,0.52155495,638.72015,271.0242,0.97841007,653.907,271.6491,0.98002326,638.5828,303.11887,0.9744889,650.0843,303.98663,0.97487044,640.2831,335.08508,0.96730554,647.581,336.50162,0.9674233
0.0,0.0,0.10699079,0.0,0.0,0.067281485,0.0,0.0,0.06774941,0.0,0.0,0.34709918,0.0,0.0,0.38719767,150.9117,221.05292,0.8599473,172.09282,222.28491,0.8685749,144.60442,241.72362,0.5407736,171.84612,244.88663,0.5810605,0.0,0.0,0.336121,0.0,0.0,0.36753717,154.42778,262.80298,0.93318385,168.35214,263.48544,0.9368588,153.60313,297.71442,0.90590847,166.4158,298.50055,0.9078197,155.65407,330.74927,0.86013275,165.34125,331.53784,0.86262435
544.5871,203.92433,0.6488812,546.8231,201.35538,0.6667228,0.0,0.0,0.37306586,552.7697,202.81741,0.684906,0.0,0.0,0.13256617,558.9507,216.96939,0.9630352,545.9833,217.25412,0.89703023,565.07904,234.63748,0.86687654,0.0,0.0,0.4884777,557.8281,241.55696,0.7963832,0.0,0.0,0.47400066,554.53546,254.69524,0.9747727,546.0978,254.3726,0.95811355,554.1738,284.06708,0.95236367,547.5057,283.86865,0.91969603,556.89014,312.09692,0.91487813,552.1923,311.77982,0.87413156
454.14035,216.08102,0.8300385,455.25607,213.49684,0.69982916,451.40268,213.5411,0.8278267,0.0,0.0,0.36683136,445.50452,215.13448,0.7310149,455.3983,229.83899,0.95000887,440.78156,230.0668,0.9654996,456.96555,248.74936,0.6726567,438.19714,249.8985,0.82549226,457.88623,261.35553,0.5974502,444.24142,262.96997,0.7381924,454.84515,266.92798,0.9306107,445.98178,267.56293,0.9429008,454.05746,295.11862,0.78871864,447.38873,295.33026,0.823686,451.97495,319.15604,0.61423904,446.66446,320.1541,0.65493065
814.63727,231.51773,0.6105364,0.0,0.0,0.38054705,813.47546,229.87103,0.5520103,0.0,0.0,0.25397155,810.3187,230.84421,0.55515903,815.5806,239.83162,0.9298181,804.8949,239.64081,0.96313953,818.0304,250.89944,0.7221862,797.5072,250.95097,0.8821518,819.07263,261.30087,0.663504,795.5166,262.10822,0.81202406,811.32275,262.33716,0.970378,805.11053,262.36307,0.978967,811.1723,280.20184,0.9556807,805.50336,280.28287,0.9675399,808.97235,297.08325,0.9394747,803.6403,297.55637,0.9519232
0.0,0.0,0.2584928,0.0,0.0,0.23430012,0.0,0.0,0.12114938,408.09186,211.2991,0.58772,0.0,0.0,0.2750719,404.60248,224.55035,0.9285588,419.3451,224.61523,0.84413326,398.98346,240.8343,0.7326487,0.0,0.0,0.38832948,395.2896,254.50185,0.5349763,0.0,0.0,0.27822545,406.5543,256.75552,0.9498568,416.11945,256.78268,0.92172354,407.16956,283.56644,0.94598264,414.17865,283.88617,0.91085637,410.12946,309.28363,0.9312544,414.34155,309.26575,0.9004455
202.94809,199.94585,0.72608346,205.24036,197.08804,0.5682499,200.47046,197.08723,0.6746889,0.0,0.0,0.33899412,195.56532,198.95189,0.537958,211.93637,216.74487,0.88363343,189.17735,216.42831,0.93256897,212.92482,237.70544,0.513002,185.40576,237.94116,0.7229355,0.0,0.0,0.4449461,192.98102,249.41144,0.60633093,207.5361,261.00998,0.88498014,192.6539,260.8907,0.9160301,202.78142,296.49698,0.7920464,188.20096,296.29523,0.837455,200.66026,328.805,0.7265375,188.3024,328.61414,0.7692593
