449.83453,182.9119,0.9669047,454.02423,179.16754,0.9632262,447.30695,179.21964,0.87541425,463.56375,181.71342,0.88808286,0.0,0.0,0.40397847,474.62796,205.49109,0.9958093,442.55228,204.91792,0.99296415,487.07507,235.4548,0.98542595,429.69128,230.60481,0.94555175,486.87674,260.92374,0.9732136,421.6367,252.58727,0.9251549,467.46323,262.8594,0.9960821,448.4835,262.0678,0.99489105,459.47592,306.66492,0.9880393,448.5546,305.91565,0.98037857,459.42856,347.8158,0.9570328,455.3764,346.29227,0.9374792
280.83417,192.16643,0.91124666,285.50064,188.3456,0.9029242,278.97256,187.83122,0.7577789,296.0219,189.42514,0.7711208,0.0,0.0,0.29659066,309.42947,213.0982,0.98695123,272.66055,211.86113,0.9807227,321.9287,242.8814,0.96464103,261.57953,239.83957,0.89287055,313.15982,266.95242,0.94562477,253.5118,266.7681,0.86469245,300.01154,276.43127,0.9955481,276.9277,275.0899,0.99419457,303.47504,323.8107,0.9923292,278.54703,321.9511,0.98794156,309.421,369.2306,0.98039025,285.75345,366.12433,0.9727366
542.25665,176.03584,0.96809655,546.68286,171.9543,0.94637764,538.5222,171.97864,0.93101054,554.0538,174.73366,0.7763007,533.4079,174.77591,0.6658842,565.0207,200.89708,0.99361694,524.81146,201.81604,0.9950995,577.1528,233.03561,0.96130204,518.13074,234.44984,0.9639204,574.80444,261.43176,0.93489844,514.0142,263.32913,0.93456864,555.18414,264.33685,0.9947621,529.6962,264.38962,0.99555415,549.4212,309.70264,0.98401284,523.82306,309.63223,0.9839364,546.6293,352.54065,0.9509341,524.9273,352.43082,0.9501025
613.70184,175.30489,0.95923895,618.229,171.10536,0.9555723,609.7067,171.36992,0.89318943,625.92346,173.59937,0.8532318,604.5843,174.39151,0.5031367,637.8455,198.85374,0.9936056,597.26965,199.89474,0.9891838,653.2283,229.53207,0.97054124,588.47675,229.5573,0.8969362,654.8841,261.92188,0.94389033,585.9363,256.7117,0.84838116,627.9865,260.50742,0.99339384,603.4011,260.578,0.99098575,625.7206,306.6245,0.97957647,609.0294,306.4995,0.96745276,619.47015,351.41574,0.94007355,615.23706,351.00064,0.91708416
0.0,0.0,0.059310682,0.0,0.0,0.029119404,0.0,0.0,0.04176092,0.0,0.0,0.478278,745.8446,182.5477,0.6786278,719.2037,202.88138,0.9644025,754.5134,203.97723,0.9802617,712.8937,228.99,0.78772235,763.3064,233.68405,0.9037834,719.71075,246.03384,0.50157017,765.5268,254.04881,0.6654793,724.0402,261.8542,0.99176145,747.68176,262.43347,0.99412197,722.1165,304.88562,0.9813441,745.4527,305.51764,0.98533267,722.74915,346.16953,0.9560938,744.2339,346.8278,0.9627757
194.9492,178.5134,0.9533015,199.85663,174.50034,0.94481796,192.00673,174.17892,0.87548953,207.67134,178.16486,0.834042,0.0,0.0,0.4806807,216.51656,206.97906,0.9920826,178.88383,206.45496,0.98837435,225.94312,241.80952,0.96234715,172.20544,239.77943,0.8957824,222.96109,272.37674,0.9326633,167.4629,268.6704,0.8475594,205.16537,273.30154,0.9933553,181.7799,272.7741,0.9917373,196.54782,320.17407,0.9846867,178.80356,319.58896,0.97688055,201.01308,367.00137,0.9596232,189.1642,365.9082,0.94477063
363.92224,179.06714,0.9155924,368.9945,174.42693,0.89969695,360.71927,174.23463,0.7960535,378.79904,177.44722,0.748213,0.0,0.0,0.3897788,393.62967,207.15718,0.9893472,347.13907,207.39069,0.98632807,407.5508,245.3828,0.96843433,337.59332,245.53728,0.9323663,408.5903,283.8283,0.9453169,332.79004,283.3972,0.89789873,382.6517,280.2875,0.99476117,354.94446,279.9943,0.99395907,374.1757,330.69968,0.9847985,360.5209,330.3202,0.9794372,365.74646,376.48425,0.9451646,366.31073,375.32574,0.9320573
0.0,0.0,0.17402066,0.0,0.0,0.08419968,0.0,0.0,0.12511621,0.0,0.0,0.4957928,119.087494,200.72694,0.7020089,96.227295,222.31493,0.9666482,126.74147,222.83751,0.97812074,91.49485,248.98093,0.79827356,138.68443,248.7321,0.8840896,94.81308,258.59955,0.5676118,138.61562,256.16632,0.6737197,102.15093,279.52292,0.98888737,122.00885,279.6977,0.99121946,99.89559,325.6699,0.9800439,115.90369,325.6868,0.98286414,99.15904,369.97974,0.9546311,111.48103,370.44556,0.95916736
0.0,0.0,0.057068292,0.0,0.0,0.04171608,0.0,0.0,0.03551278,0.0,0.0,0.096451275,0.0,0.0,0.084643714,0.0,0.0,0.2920042,0.0,0.0,0.29838356,0.0,0.0,0.26444384,0.0,0.0,0.25605306,0.0,0.0,0.23901293,0.0,0.0,0.22961587,0.0,0.0,0.4091521,0.0,0.0,0.4201898,0.0,0.0,0.36183447,0.0,0.0,0.3594593,0.0,0.0,0.28915074,0.0,0.0,0.2909002
655.10596,189.67169,0.858322,659.0858,186.23491,0.8698486,652.4798,186.35577,0.679293,665.8943,188.25197,0.7858721,0.0,0.0,0.29412854,670.03827,207.76523,0.97185224,647.84753,209.48279,0.92859006,673.87756,230.93607,0.87766206,647.6657,234.59354,0.50322366,676.0258,258.01205,0.79230136,0.0,0.0,0.44391638,664.507,256.07498,0.9633615,650.48346,256.63235,0.93793625,662.6677,293.19485,0.9424322,651.53766,293.54977,0.8916835,661.51965,329.92844,0.91518193,652.02466,329.74323,0.8669638
0.0,0.0,0.07039288,0.0,0.0,0.06991028,0.0,0.0,0.04167599,0.0,0.0,0.11774714,0.0,0.0,0.047291666,0.0,0.0,0.17159724,0.0,0.0,0.1173984,0.0,0.0,0.22699563,0.0,0.0,0.11304892,0.0,0.0,0.24434164,0.0,0.0,0.14160053,0.0,0.0,0.21394703,0.0,0.0,0.18387768,0.0,0.0,0.2434221,0.0,0.0,0.2017569,0.0,0.0,0.22728358,0.0,0.0,0.19879957
237.21735,212.25272,0.5096647,239.03294,209.72653,0.5053638,0.0,0.0,0.30631095,243.0823,210.73145,0.5035082,0.0,0.0,0.13649052,248.42126,224.92519,0.9143682,235.2178,224.42537,0.8331939,253.4945,246.50058,0.74862844,0.0,0.0,0.44310626,249.6452,267.07364,0.6325653,0.0,0.0,0.3884591,242.24754,263.53024,0.95077693,234.21805,262.86203,0.9302753,241.61012,294.6148,0.9275745,234.01564,294.2457,0.89567393,242.21413,323.63962,0.89413834,236.32466,323.03854,0.86071736
0.0,0.0,0.39237767,0.0,0.0,0.2791496,0.0,0.0,0.29900476,0.0,0.0,0.2817189,0.0,0.0,0.30446064,687.71844,227.86586,0.8667742,681.70996,228.16753,0.868167,692.9339,245.16978,0.577448,682.9543,246.01076,0.61174846,0.0,0.0,0.48679578,687.16974,258.61084,0.5104805,686.7805,260.5552,0.9298142,683.7994,260.74777,0.931884,685.2268,287.04202,0.9080462,682.8477,286.86136,0.9109828,682.4636,312.02832,0.8677102,680.1402,312.18948,0.8717594
