0.0,0.0,0.23176904,0.0,0.0,0.2706514,0.0,0.0,0.028540343,508.1719,17.967379,0.917439,0.0,0.0,0.21417966,492.84128,91.816154,0.9746869,582.34357,76.48069,0.903465,464.45557,191.7874,0.9032036,593.45935,172.68939,0.537025,489.02286,176.09998,0.7364155,0.0,0.0,0.39031574,517.619,274.93622,0.9731574,573.63837,270.4812,0.94993496,519.209,438.78085,0.7913117,561.1143,440.05276,0.6821016,0.0,0.0,0.20340674,0.0,0.0,0.15709104
0.0,0.0,0.12035829,0.0,0.0,0.08547325,0.0,0.0,0.062488977,228.79796,190.03758,0.7321821,244.98154,189.7017,0.62420195,219.70914,209.9974,0.98763627,254.32126,210.20296,0.9905191,204.61441,234.12029,0.93536806,265.79138,236.61162,0.9383903,202.46754,252.9975,0.78223205,267.91043,258.552,0.779308,228.20622,261.7388,0.9950434,248.98979,262.07797,0.99557793,231.49399,298.69376,0.9831029,244.44249,299.3072,0.98205525,237.86876,334.11148,0.95333856,241.64287,334.32666,0.9508416
0.0,0.0,0.30234587,0.0,0.0,0.27652135,0.0,0.0,0.079719864,805.3598,185.02098,0.71207577,0.0,0.0,0.21237117,801.0667,206.03305,0.97555566,834.93036,205.1024,0.89789987,797.2152,242.07005,0.94985515,843.3728,239.891,0.6796242,793.1459,272.49268,0.8768549,840.7046,259.98895,0.59011614,806.9454,264.5793,0.98908293,832.3022,265.1753,0.97561044,795.0132,310.73944,0.98361015,835.5542,316.52234,0.9657668,787.01685,353.16925,0.95475453,838.88855,360.11465,0.9300646
664.11804,206.19606,0.90222615,667.2765,203.60646,0.8542873,661.80756,203.60014,0.82480824,672.3624,206.98958,0.6680807,658.02844,207.2381,0.5475023,676.1384,224.15686,0.9754993,653.9796,224.49376,0.977037,678.6711,240.10457,0.88420886,644.98376,239.57643,0.8765566,670.69617,237.56613,0.8328111,645.6333,237.7742,0.82225215,669.9513,262.86578,0.9800955,654.6477,262.7417,0.98077995,670.502,292.58752,0.96787405,649.15234,292.31525,0.965143,673.2926,320.30432,0.9508104,645.7226,319.58865,0.9470995
0.0,0.0,0.10837854,0.0,0.0,0.06927318,0.0,0.0,0.075920984,0.0,0.0,0.44467834,0.0,0.0,0.47594032,142.15909,228.18921,0.9592587,161.50424,228.24219,0.96236473,136.97667,241.99623,0.7457341,167.87991,242.17802,0.7732353,137.96475,253.81293,0.510836,168.11707,253.97072,0.53039503,145.3923,255.40855,0.979681,157.85634,255.46152,0.98078215,147.20627,276.10028,0.9481313,157.06433,275.9748,0.95083934,148.35551,294.6525,0.9131882,156.52348,294.73288,0.9172875
0.0,0.0,0.17831397,0.0,0.0,0.0940826,0.0,0.0,0.1452235,0.0,0.0,0.43313527,85.17652,217.55836,0.6503735,71.21255,228.7521,0.96203285,89.08627,229.25522,0.97926897,66.55046,241.72005,0.78874713,94.727196,242.68687,0.9053238,66.13636,252.72122,0.5989748,96.61183,253.71245,0.74891436,72.80265,254.80052,0.98639166,84.36906,255.18759,0.9901154,73.528275,274.7807,0.9743046,82.79024,275.2165,0.9798268,74.34523,293.85934,0.9585325,81.64615,294.48203,0.96465397
0.0,0.0,0.16326173,0.0,0.0,0.11953453,0.0,0.0,0.092399016,355.5562,204.24785,0.5444421,0.0,0.0,0.44107687,350.15396,218.12082,0.95169944,369.70078,218.74084,0.94175595,345.21426,235.86252,0.7877557,373.21988,237.21074,0.70903707,347.2311,251.5189,0.57715183,0.0,0.0,0.49565113,352.7017,253.60767,0.9806687,365.88193,254.12608,0.9779726,352.53995,281.3805,0.97304285,364.48087,282.13403,0.96634287,352.9649,308.47968,0.9587741,364.1759,309.0296,0.9510173
0.0,0.0,0.12683599,0.0,0.0,0.07694895,0.0,0.0,0.08560456,0.0,0.0,0.49691966,126.41998,219.7729,0.51491416,110.60809,230.3979,0.97819525,129.66278,230.60725,0.9793444,104.14485,244.05879,0.8261981,134.44699,244.30652,0.8433318,103.76633,256.17273,0.6078684,134.4674,256.69846,0.6217298,112.10923,255.93076,0.99025285,124.30847,256.1051,0.9905165,112.68135,275.26788,0.9751371,122.77118,275.20325,0.97597325,112.33043,292.5066,0.9591729,121.11563,292.73492,0.9606027
0.0,0.0,0.08336288,0.0,0.0,0.042394284,0.0,0.0,0.065459065,0.0,0.0,0.2896499,296.41602,218.04895,0.5007898,277.66092,229.38387,0.9015068,300.61084,228.84459,0.93384063,271.33563,243.62589,0.68279296,305.4127,242.0021,0.8229233,0.0,0.0,0.48153073,303.6456,252.36617,0.62713605,280.0524,258.46225,0.968617,294.89844,258.32318,0.9749346,283.00757,281.205,0.94233406,293.98874,281.16083,0.9521649,284.5186,301.84604,0.91722274,292.28262,301.91492,0.92721874
0.0,0.0,0.18845227,0.0,0.0,0.14221875,0.0,0.0,0.11418671,412.44495,217.77794,0.610152,0.0,0.0,0.4942797,408.71933,229.58925,0.9809672,426.9574,228.77919,0.9771418,404.1415,244.49878,0.85113275,433.5837,243.70142,0.7941037,404.4141,256.25357,0.6664672,432.20395,255.15543,0.5947746,412.7074,258.11813,0.9915264,425.1046,257.86108,0.9908477,407.27298,280.47604,0.9827545,426.664,280.20853,0.98085475,405.2901,302.5183,0.97011817,427.6359,302.15417,0.9681075
0.0,0.0,0.23800796,0.0,0.0,0.15239738,0.0,0.0,0.20009553,0.0,0.0,0.35298285,0.0,0.0,0.48601684,179.86568,235.06876,0.9446035,187.45912,235.34343,0.9531137,176.13725,247.22131,0.70559436,191.41364,247.42595,0.7859886,176.24707,256.8075,0.5558821,193.66925,256.92038,0.6305242,180.93272,258.4503,0.9795156,185.25572,258.65543,0.98133755,183.04562,277.2203,0.97088706,185.84866,277.13144,0.9742836,182.87498,295.32266,0.95966077,184.62631,295.66257,0.96365035
0.0,0.0,0.23049203,0.0,0.0,0.25384617,0.0,0.0,0.08284662,754.25366,207.41853,0.6781848,0.0,0.0,0.1845693,754.7247,220.23335,0.9432069,766.6513,219.24306,0.8508034,752.94214,236.48882,0.8340811,0.0,0.0,0.4329749,748.1397,246.12085,0.66600025,0.0,0.0,0.325609,756.9575,251.47722,0.9547416,764.4914,250.9718,0.9221828,758.33795,276.9111,0.9332989,763.00916,276.95496,0.877639,760.9673,300.70825,0.8947682,762.1728,299.709,0.8376293
0.0,0.0,0.16371179,0.0,0.0,0.12352914,0.0,0.0,0.11069105,0.0,0.0,0.4660748,0.0,0.0,0.39110982,376.91757,234.69841,0.9240668,390.7001,234.48912,0.91815513,371.56332,248.01971,0.6156023,395.37012,247.7998,0.5687285,0.0,0.0,0.37202385,0.0,0.0,0.33060515,377.2276,260.27197,0.93463874,386.0007,260.2356,0.9320346,377.754,281.5287,0.8487202,384.62616,281.2485,0.8420948,377.2347,301.2187,0.8033527,382.2827,301.37543,0.79886395
0.0,0.0,0.12126968,0.0,0.0,0.088513695,0.0,0.0,0.079910316,0.0,0.0,0.34570858,0.0,0.0,0.26177374,328.39313,220.18619,0.8949522,341.42355,220.78146,0.89517164,322.5,235.66792,0.6453979,341.7407,235.81963,0.62419754,0.0,0.0,0.4770586,0.0,0.0,0.44863817,325.70938,250.77647,0.96817374,333.84894,250.80458,0.9686838,325.13644,278.53198,0.9583105,330.7393,278.50046,0.95736825,324.63983,304.6021,0.9342974,327.4741,304.825,0.933455
0.0,0.0,0.17440557,0.0,0.0,0.08075428,0.0,0.0,0.15794486,0.0,0.0,0.24690598,725.5551,208.53973,0.55435693,709.4064,221.60321,0.8338402,726.538,223.65834,0.90181214,0.0,0.0,0.454949,731.4929,240.43951,0.7095826,0.0,0.0,0.31551024,0.0,0.0,0.49974918,710.2412,259.27588,0.8972189,721.36945,260.45175,0.9240392,711.6943,290.22113,0.8410741,720.66943,291.21304,0.87918717,712.9672,317.43414,0.77964574,719.1766,319.10007,0.81700724
0.0,0.0,0.066090606,0.0,0.0,0.034237813,0.0,0.0,0.070019126,0.0,0.0,0.037682712,0.0,0.0,0.12766059,0.0,0.0,0.18318692,0.0,0.0,0.27603835,0.0,0.0,0.119158775,0.0,0.0,0.2924614,0.0,0.0,0.107604705,0.0,0.0,0.21566474,0.0,0.0,0.28503826,0.0,0.0,0.34284645,0.0,0.0,0.23452732,0.0,0.0,0.29361743,0.0,0.0,0.20744541,0.0,0.0,0.2483957
