0.0,0.0,0.065273605,0.0,0.0,0.04716221,0.0,0.0,0.032445222,708.26624,201.68086,0.6480213,726.32916,200.5977,0.5395788,701.5169,226.35278,0.97682625,736.26526,225.98697,0.9791946,694.85754,255.29974,0.9018613,747.52014,259.15518,0.89955,693.7824,270.45242,0.6870234,748.099,279.8594,0.68162626,707.2301,285.727,0.9919967,728.7993,285.5543,0.9925007,711.41156,330.02734,0.9750625,725.78534,330.32443,0.9736299,717.36536,372.26465,0.9264651,723.7601,372.06244,0.92292595
0.0,0.0,0.2811387,0.0,0.0,0.17651975,0.0,0.0,0.07347931,426.42944,187.55824,0.66470325,0.0,0.0,0.32884637,419.6248,213.51718,0.98622733,460.243,210.65521,0.9695574,409.50055,252.65915,0.971748,473.44458,248.45312,0.9101009,406.76846,287.61594,0.92721474,470.79727,280.50616,0.8466487,427.747,277.4311,0.99741817,454.11725,277.02484,0.99592125,424.7255,330.65524,0.99508387,449.47144,332.441,0.9928392,427.14438,382.71567,0.98039776,449.89597,384.5308,0.97634614
0.0,0.0,0.09128282,0.0,0.0,0.039263986,0.0,0.0,0.070813596,517.10223,172.58063,0.5098553,537.47534,172.94531,0.7734659,505.87454,201.34572,0.9795639,545.8225,202.70084,0.99030274,497.82642,241.0659,0.8682574,558.32263,243.90784,0.95087135,498.86377,273.75793,0.6320378,564.3929,275.6654,0.784397,512.84064,271.2936,0.9955396,537.27856,272.34155,0.9969766,522.9999,326.56534,0.98881,536.24365,327.56107,0.99163705,529.6369,380.47882,0.966225,531.97906,382.13446,0.9723173
803.0125,210.20749,0.9256554,806.2983,207.1483,0.92125976,800.67,207.21344,0.77723336,813.39307,208.70506,0.8542229,0.0,0.0,0.38761264,822.821,226.04001,0.9920243,795.85876,226.64372,0.9828311,829.02576,247.50012,0.9660519,794.07495,248.21065,0.83066255,811.95,250.24123,0.94029325,805.1215,251.49263,0.79150105,819.60223,272.6826,0.9895421,802.4045,272.56873,0.98373485,818.73517,309.98483,0.9718108,806.7286,309.56708,0.9493352,815.50104,344.98734,0.9277096,812.9818,343.62494,0.89151925
0.0,0.0,0.08143779,0.0,0.0,0.05411789,0.0,0.0,0.044384353,621.8007,176.5298,0.614687,640.35187,176.25523,0.59673744,612.4221,203.10466,0.96624905,649.2933,203.33623,0.9716333,602.8028,238.11307,0.8130605,654.01587,240.05937,0.8279207,599.8995,268.24435,0.5248902,652.0845,269.6687,0.5410931,617.9228,266.16385,0.9894337,641.97327,266.4753,0.99051064,621.755,317.63678,0.9814679,641.8865,318.33908,0.98136824,625.64325,368.60538,0.95980483,641.334,369.3838,0.9595809
0.0,0.0,0.18338045,0.0,0.0,0.18554416,0.0,0.0,0.07441024,594.1047,223.51115,0.5564288,0.0,0.0,0.18112901,592.53937,241.28018,0.9126815,602.5904,241.33028,0.83036566,583.0107,262.37744,0.78934723,0.0,0.0,0.45441175,572.5246,282.58932,0.61184305,0.0,0.0,0.3362911,595.65485,281.03983,0.94449127,601.80756,281.0541,0.9166697,598.17566,310.72052,0.92006886,600.67145,311.03928,0.8675874,601.21783,340.71188,0.8766883,600.25543,340.51755,0.82431346
0.0,0.0,0.14950757,0.0,0.0,0.08002671,0.0,0.0,0.15853117,0.0,0.0,0.33206314,295.53067,232.76852,0.64864194,282.54596,242.57422,0.96062654,298.40057,243.0229,0.97312385,276.29407,257.12277,0.7162116,302.32465,257.33954,0.8649967,276.75244,268.06918,0.500008,302.71948,268.84232,0.6725345,284.7881,269.6516,0.983404,295.1292,269.81335,0.9866361,285.5984,292.58514,0.9656154,295.53864,292.5584,0.97353077,284.5282,314.65637,0.9506602,293.8765,315.04028,0.9597911
0.0,0.0,0.08053892,0.0,0.0,0.053009585,0.0,0.0,0.046882167,0.0,0.0,0.34204286,0.0,0.0,0.32349464,656.8986,244.7021,0.8713623,676.9054,244.51604,0.86593914,656.97925,260.0422,0.6047016,681.57825,261.8735,0.61359,0.0,0.0,0.39371684,0.0,0.0,0.4092311,660.2398,277.27704,0.9450222,673.48627,277.08527,0.9461324,661.9392,303.52628,0.91614807,673.4403,303.45316,0.9169666,665.47,329.16827,0.878245,674.4218,328.62363,0.8788393
0.0,0.0,0.14897434,0.0,0.0,0.08175406,0.0,0.0,0.1520589,0.0,0.0,0.31083214,260.65485,236.90277,0.57916594,246.9899,245.67088,0.942838,262.4432,246.42932,0.9594991,241.58777,258.50223,0.68648994,264.78238,258.78702,0.8350429,0.0,0.0,0.49034756,265.18976,268.97836,0.64458257,248.37825,270.0396,0.9715227,258.66373,270.31366,0.97671324,249.38852,289.22702,0.9379005,258.4915,289.22382,0.95079136,248.22617,306.39062,0.90836793,256.41336,306.83685,0.9232182
0.0,0.0,0.19105528,0.0,0.0,0.11359489,0.0,0.0,0.17169023,0.0,0.0,0.41167235,358.5599,236.08777,0.6020892,347.39783,247.02383,0.9655384,362.0956,246.97127,0.97253776,343.12704,261.05508,0.7556263,366.53955,260.50174,0.8488407,343.56235,270.79108,0.53447276,366.89026,270.6836,0.64572656,350.21536,273.82483,0.9756437,359.75998,273.76465,0.9788425,351.8027,295.1459,0.92857856,360.08044,294.94327,0.93941283,351.96777,313.82385,0.87742925,358.9499,313.86435,0.89167213
58.506348,248.41942,0.7773077,59.66013,246.64479,0.6812699,56.946106,246.65761,0.71908116,0.0,0.0,0.4697757,54.145824,247.50636,0.5719906,64.18509,257.10706,0.96856344,50.49976,257.05472,0.9730304,66.626015,269.81552,0.82518953,45.103065,269.589,0.87194735,63.303288,280.53558,0.76788586,45.616737,280.9965,0.8145793,63.45421,281.21967,0.9690768,55.471996,281.2959,0.97129244,63.971863,299.4698,0.9150955,56.635307,299.3934,0.92232054,64.552635,315.60422,0.83914554,58.23156,315.31717,0.8491212
