0.0,0.0,0.094753504,0.0,0.0,0.045420054,0.0,0.0,0.061233353,506.50455,172.74913,0.53461933,526.70905,173.41629,0.67836595,495.70895,200.1987,0.97953343,534.0238,201.8296,0.9889659,486.54465,237.7816,0.8893424,543.3874,240.44086,0.9446235,486.7452,270.62146,0.6910003,546.2189,272.95648,0.7839063,501.65863,269.76724,0.99520135,525.5918,270.81683,0.99647033,506.53018,318.86353,0.9858969,522.2969,319.91812,0.9880801,511.8988,365.8061,0.9586128,518.71716,367.48862,0.96312094
0.0,0.0,0.24343985,0.0,0.0,0.11771566,0.0,0.0,0.07501604,411.864,182.36095,0.623764,0.0,0.0,0.44194517,402.88458,210.36943,0.9873706,447.2694,207.34503,0.9807617,389.04025,249.63531,0.9701623,462.55002,244.7201,0.94391835,394.63837,278.68512,0.9205435,459.90396,275.4549,0.88217914,412.2316,279.01544,0.99794585,440.83746,277.6824,0.9973634,413.70132,330.88492,0.9955596,436.16525,324.92456,0.9946536,423.87338,382.53757,0.9822416,441.61038,372.04572,0.9810131
804.601,210.21837,0.92435086,807.68066,207.0871,0.916578,801.9119,207.272,0.78421175,813.8873,208.34543,0.84306043,0.0,0.0,0.41178197,823.38196,225.33884,0.9923569,795.4882,226.3547,0.9843886,830.427,246.87009,0.966898,793.6702,247.86636,0.845788,811.635,250.67093,0.9414907,804.23413,251.13657,0.80521995,820.0138,271.69827,0.9909435,802.1229,271.84305,0.986249,818.88837,308.7762,0.976445,805.6352,308.65753,0.9584543,815.33496,343.97644,0.93929744,811.8663,343.20673,0.909705
0.0,0.0,0.04847007,0.0,0.0,0.046223614,0.0,0.0,0.01870784,700.1608,205.84581,0.66846454,0.0,0.0,0.28168324,696.184,228.70535,0.9720419,724.2627,230.56107,0.9635632,684.12805,253.34492,0.93442523,732.6502,264.6184,0.86436325,678.4609,257.88574,0.7978286,736.9011,282.21982,0.67569774,699.87085,284.89978,0.99448836,716.7701,285.32272,0.99346197,702.6335,328.2406,0.9882189,713.338,328.90176,0.9832485,712.9494,369.29694,0.968999,714.4454,369.011,0.9594673
0.0,0.0,0.090811856,0.0,0.0,0.070842005,0.0,0.0,0.04402756,615.04553,181.59883,0.71931815,634.2133,181.67706,0.53246576,605.0492,208.31242,0.9740908,644.97504,208.60936,0.96583676,594.57837,241.91737,0.8278947,652.9606,242.89774,0.7160397,599.595,266.26968,0.51932377,0.0,0.0,0.3892147,612.21094,272.0706,0.9894796,637.0923,272.51477,0.98712015,617.47217,321.28485,0.97999233,631.6045,322.15143,0.9720997,621.3049,369.27515,0.95634174,624.206,369.76358,0.94373816
0.0,0.0,0.2537204,0.0,0.0,0.1917369,0.0,0.0,0.14282106,659.1201,232.63335,0.5832401,0.0,0.0,0.4534992,655.38135,245.95567,0.94755256,676.29285,246.72418,0.9427046,653.23724,260.04135,0.71950847,682.2705,263.1158,0.6780471,652.1341,263.6527,0.5139478,0.0,0.0,0.47605106,658.65717,278.44672,0.9650285,672.4748,278.61618,0.9651145,660.3539,305.43454,0.9438901,673.7288,305.6922,0.94071376,664.0587,332.78522,0.9211138,674.50653,332.64322,0.917762
0.0,0.0,0.15017277,0.0,0.0,0.09585567,0.0,0.0,0.11716043,0.0,0.0,0.2770609,0.0,0.0,0.38254243,580.0816,243.63693,0.8693144,593.2492,242.28072,0.89106053,574.318,265.71466,0.5499605,595.5616,263.62744,0.6265954,0.0,0.0,0.3766152,0.0,0.0,0.43581998,587.66565,282.16162,0.94539607,595.07776,281.97574,0.95076215,590.96515,312.51062,0.9118861,595.7916,312.3288,0.9180592,594.83307,340.60556,0.8529632,596.52716,340.38474,0.8603726
0.0,0.0,0.15555817,0.0,0.0,0.086407565,0.0,0.0,0.15517364,0.0,0.0,0.33152333,294.7051,233.20396,0.59553945,281.8924,242.74496,0.95231664,296.9747,243.5244,0.965979,276.05984,257.3639,0.6988629,299.7841,258.18265,0.8375042,0.0,0.0,0.4916586,300.1459,269.473,0.6390407,284.05405,270.32584,0.9788907,293.7917,270.66623,0.98266774,285.6497,293.43506,0.9557259,293.05557,293.58456,0.9645689,285.83487,315.7657,0.93525493,291.21176,316.3325,0.9454327
0.0,0.0,0.1308602,0.0,0.0,0.0788392,0.0,0.0,0.122256696,0.0,0.0,0.3706405,261.07828,238.84949,0.54422766,247.60065,247.94798,0.94669706,263.62402,248.75893,0.95741314,241.99278,260.33954,0.6939496,266.53717,261.00958,0.800191,0.0,0.0,0.492653,266.44226,270.51175,0.5977302,248.44962,272.10107,0.97786534,259.21127,272.34183,0.98077285,248.12038,291.32635,0.96291053,259.14636,291.4082,0.9685741,246.6952,309.8547,0.94920975,257.27823,310.2155,0.955459
56.95341,247.3208,0.8025478,58.261272,245.51024,0.72801715,55.50407,245.54532,0.7263552,60.39069,246.25488,0.53384084,53.159805,246.40567,0.5412105,63.824306,255.95834,0.97053605,50.46327,256.0161,0.97174394,65.965454,269.08984,0.834688,45.868942,269.0262,0.8510667,62.092255,280.7357,0.77673143,46.07319,281.1157,0.7931357,63.706665,280.16183,0.9663875,55.762135,280.22778,0.96692574,64.00107,298.73053,0.906374,56.96035,298.67407,0.90857464,65.0043,315.2206,0.8215357,59.10305,314.83438,0.824506
0.0,0.0,0.15126124,0.0,0.0,0.09337435,0.0,0.0,0.13602467,0.0,0.0,0.4031984,357.5311,235.76219,0.5741359,345.55603,246.21141,0.9573393,361.24707,246.24979,0.96599567,339.79608,260.31754,0.7244684,365.08163,259.93475,0.81858695,0.0,0.0,0.4942595,364.68497,270.6096,0.5967108,348.63086,272.93997,0.97438645,359.0955,272.9041,0.9778204,349.83987,294.5997,0.9376094,359.57526,294.4669,0.9464559,350.3908,314.4507,0.90422165,359.37494,314.40332,0.9147259
