300.98492,181.73787,0.95691097,304.46924,178.21422,0.908403,297.50787,178.10474,0.9331938,309.56525,180.80783,0.64827925,292.21948,180.41792,0.78118527,316.75067,204.41745,0.9914164,283.337,205.39903,0.9963748,325.3086,230.95451,0.9403842,274.98218,236.67589,0.977353,332.508,257.15747,0.9121461,274.91763,269.29672,0.9525774,311.6074,261.3341,0.9954205,291.29742,261.85333,0.9970733,310.94684,301.92892,0.988117,295.29617,302.0732,0.9913024,304.88135,340.6752,0.96859556,293.65747,340.62277,0.9752823
0.0,0.0,0.40311304,0.0,0.0,0.40909287,0.0,0.0,0.037206925,672.9872,9.9911,0.9679579,0.0,0.0,0.29930902,652.2524,81.032234,0.99557745,764.322,86.219696,0.9796086,569.7741,180.3427,0.9833694,804.4978,210.51334,0.8655952,521.213,225.60579,0.9164004,795.5263,305.0359,0.6973284,682.23566,296.89743,0.9914426,740.07947,301.32193,0.98418415,698.73047,447.71002,0.70788264,728.1392,464.06317,0.6041521,0.0,0.0,0.07979568,0.0,0.0,0.06366816
0.0,0.0,0.11762523,0.0,0.0,0.05827953,0.0,0.0,0.072792515,0.0,0.0,0.40770936,200.1604,194.04253,0.5347501,178.20155,210.51764,0.9653788,205.90341,211.01196,0.96914524,169.95358,233.11665,0.81977415,212.08243,235.66208,0.8348964,170.26744,251.8067,0.60531133,211.94252,255.46532,0.6189361,180.72183,255.46104,0.9913696,198.63713,255.44852,0.99205667,180.54185,289.8353,0.9843126,194.52303,289.8966,0.9844269,181.09877,323.94073,0.9720382,191.0125,324.69388,0.97212344
0.0,0.0,0.16992576,0.0,0.0,0.120814435,0.0,0.0,0.09151958,121.32725,200.78734,0.7006746,133.92265,200.73886,0.5756066,115.07407,219.70512,0.98121935,143.93398,219.40498,0.9829511,105.18562,243.17867,0.8687218,151.19725,242.7916,0.8557052,101.49141,260.83847,0.6420064,152.46281,260.8292,0.61205214,120.83936,263.50607,0.9909009,139.14662,263.36975,0.9910609,119.05891,296.49463,0.9767045,135.58075,296.55414,0.9736878,121.45527,328.30176,0.95417255,132.45613,327.85675,0.9494376
0.0,0.0,0.36071643,0.0,0.0,0.12492259,0.0,0.0,0.36880535,0.0,0.0,0.38439566,86.9217,200.622,0.8804213,65.15507,218.5266,0.97196925,90.25181,218.8374,0.9881986,58.652737,242.8297,0.70270145,94.716225,242.0418,0.91124815,0.0,0.0,0.4824748,94.38676,260.01535,0.7278982,67.13926,262.83023,0.98820424,84.38298,262.94397,0.99238014,67.17766,295.7447,0.9803729,83.65839,295.63516,0.9864781,66.42132,327.20187,0.9693,82.88758,328.37692,0.97617674
0.0,0.0,0.0706296,0.0,0.0,0.040412545,0.0,0.0,0.04568126,450.3573,185.01677,0.55829173,465.828,184.61452,0.6515625,443.73462,204.93857,0.9747444,476.68274,204.06883,0.98622614,433.8577,232.34198,0.8784266,492.67175,232.07649,0.9447832,433.3529,251.9909,0.66119266,496.96854,253.00224,0.7864643,450.27087,261.215,0.99299216,470.36197,261.02325,0.99500656,459.3552,302.61166,0.97836304,471.9476,302.66895,0.9832798,459.19995,341.36282,0.93648225,462.75372,340.84167,0.9469101
0.0,0.0,0.27867872,0.0,0.0,0.1250264,0.0,0.0,0.21939155,0.0,0.0,0.4384732,370.679,206.37532,0.73741335,351.483,227.38286,0.96348995,374.86533,227.74414,0.9733026,343.3673,252.96284,0.7378689,381.305,252.85345,0.8309401,343.71155,268.47687,0.5241147,382.16476,265.76056,0.61906266,354.30612,274.87457,0.98457277,370.4068,275.1522,0.9871213,352.5335,309.85245,0.977225,372.505,310.1397,0.9800933,348.31244,344.10376,0.96483827,370.0758,345.18893,0.9681351
0.0,0.0,0.025084378,0.0,0.0,0.013533459,0.0,0.0,0.014290038,0.0,0.0,0.13835938,0.0,0.0,0.15547441,556.25574,214.17378,0.7028546,575.32196,214.70634,0.7458814,548.8157,240.63809,0.58010143,569.09064,239.6557,0.6502057,0.0,0.0,0.45197544,0.0,0.0,0.4972166,557.7981,261.08142,0.96479976,572.5458,261.32233,0.9684605,546.9622,296.52536,0.9673076,573.2709,296.74347,0.96798676,536.69476,330.6479,0.95786816,571.5806,331.17218,0.95931035
403.1828,209.96199,0.693063,405.05054,207.72762,0.5958894,401.38626,207.65063,0.52093107,408.3665,209.58797,0.5215581,0.0,0.0,0.35804495,413.87836,222.69524,0.94863266,394.83255,222.77472,0.9253673,416.9151,237.79758,0.8055441,395.99216,238.50815,0.67783445,407.95377,238.46004,0.72316855,403.06433,240.32338,0.60760754,411.0727,256.05777,0.9642575,398.50015,256.05228,0.95636594,410.80695,283.55872,0.954131,398.37622,283.44736,0.94084704,411.2147,309.44992,0.9299513,399.87003,308.7364,0.9146717
0.0,0.0,0.4902303,0.0,0.0,0.3985233,0.0,0.0,0.35625437,0.0,0.0,0.37109098,0.0,0.0,0.2821396,270.30753,212.41136,0.8836768,263.96017,211.77995,0.88552225,267.56946,228.71886,0.6338726,258.60342,227.35846,0.6211174,261.1108,230.77988,0.5631652,260.59033,230.41394,0.5498204,267.5992,247.22675,0.9368106,263.83786,246.98694,0.9377632,267.0717,276.40933,0.9110972,264.12433,276.0881,0.9088913,267.49142,303.6312,0.8425084,264.56226,303.28137,0.83944505
0.0,0.0,0.12068473,0.0,0.0,0.0758819,0.0,0.0,0.100479394,0.0,0.0,0.09188747,0.0,0.0,0.16352268,0.0,0.0,0.23007773,0.0,0.0,0.40479207,0.0,0.0,0.1186059,0.0,0.0,0.29873967,0.0,0.0,0.12063091,0.0,0.0,0.23492359,0.0,0.0,0.2453261,0.0,0.0,0.3457107,0.0,0.0,0.1991725,0.0,0.0,0.27661294,0.0,0.0,0.19521332,0.0,0.0,0.25505626
