0.0,0.0,0.4009602,0.0,0.0,0.122668155,0.0,0.0,0.26423717,0.0,0.0,0.41439784,144.1424,145.81392,0.8057081,99.07449,176.55835,0.9803053,149.94698,177.94641,0.9865007,87.834236,229.46036,0.9252197,160.39026,224.1615,0.9489482,83.27184,271.11752,0.847387,155.74878,256.32504,0.88847345,108.78943,265.81772,0.99562943,140.7656,267.0167,0.99608696,118.815025,333.94937,0.99295384,140.65273,335.77057,0.99369544,120.31,395.24094,0.97540706,126.88789,393.87906,0.97700125
0.0,0.0,0.1043384,0.0,0.0,0.048074234,0.0,0.0,0.08002776,350.14374,213.90163,0.6563666,366.68314,213.81224,0.8384485,338.60544,232.20874,0.98823357,376.2823,232.55618,0.99511355,328.95078,258.47745,0.892382,389.8477,258.6085,0.96513677,329.52563,280.62357,0.66188955,394.72583,278.90842,0.81704104,345.588,281.5446,0.99534434,370.67062,282.02588,0.99709463,342.07245,319.26913,0.98082435,373.21915,319.78632,0.9861605,341.10718,355.23654,0.94802994,374.02737,356.05173,0.95846736
0.0,0.0,0.29919958,0.0,0.0,0.15380853,0.0,0.0,0.17225315,0.0,0.0,0.49233353,460.19763,189.88045,0.5142614,430.1877,213.90973,0.9486771,467.73758,213.92384,0.94307333,416.52612,249.87987,0.85368,477.9516,241.7061,0.83248323,416.45657,276.41034,0.7274135,479.59845,249.96498,0.7073616,436.96204,274.55127,0.98418427,460.57025,274.7363,0.98289067,437.56006,319.19742,0.97848696,453.5478,320.88806,0.9775308,436.62952,362.64188,0.9549347,448.22107,364.76315,0.9538813
0.0,0.0,0.19465622,0.0,0.0,0.07112252,0.0,0.0,0.1396015,0.0,0.0,0.35740486,617.4741,196.58731,0.69548875,595.16724,216.82446,0.96974486,623.56885,215.8482,0.9739155,587.7391,244.55664,0.83268106,631.8544,244.49818,0.86273015,590.2577,265.69162,0.64715296,633.5577,266.64526,0.6769434,602.5391,269.41873,0.9905297,621.84424,268.89038,0.99136144,605.9083,310.45233,0.98315614,624.9331,309.52493,0.98409986,607.9672,348.6028,0.96343285,627.2229,348.53555,0.9649627
0.0,0.0,0.08613293,0.0,0.0,0.050280467,0.0,0.0,0.058190174,0.0,0.0,0.49403408,705.49866,203.03871,0.5803897,684.4032,217.88693,0.9661773,711.5569,217.87244,0.97533095,674.6963,235.90698,0.8269241,718.978,236.8875,0.87273294,674.3981,250.86497,0.5927599,718.9651,252.40933,0.650423,689.36884,254.09161,0.98910844,706.8207,254.33073,0.9907589,690.5751,280.96652,0.97614163,705.605,281.4161,0.97746223,691.9805,307.7364,0.9569581,703.97046,308.2825,0.95821995
552.097,202.8105,0.8625736,553.94366,200.04897,0.73860604,549.5182,200.28343,0.80173266,0.0,0.0,0.47471988,545.4228,202.64871,0.6223413,563.672,219.42546,0.9697684,540.74854,220.03621,0.982226,570.58966,238.40146,0.83992976,533.3604,239.71924,0.91955125,569.8289,254.05539,0.78663987,535.2667,258.02823,0.86755735,562.5007,260.47775,0.98490125,548.1444,260.88367,0.98883665,564.31665,291.85028,0.9762622,549.2129,291.92194,0.98105294,566.86444,321.56625,0.96077365,552.3475,321.42065,0.96624804
286.94287,212.9013,0.79865557,289.70435,209.30713,0.81636435,285.39297,209.41487,0.505364,297.8091,208.54362,0.7979751,0.0,0.0,0.22021718,305.98135,223.30623,0.97121656,292.82468,222.73062,0.92953336,311.14523,244.46712,0.90200204,288.5313,242.1547,0.6053713,308.289,261.9052,0.8335123,283.4983,257.71854,0.5649428,305.66873,264.59454,0.9821738,297.89853,263.65784,0.9711459,304.47852,300.46863,0.9837678,295.50797,299.29092,0.969543,309.1233,335.75632,0.9779455,297.35782,332.9338,0.9645178
0.0,0.0,0.1501357,0.0,0.0,0.12932287,0.0,0.0,0.06340071,0.0,0.0,0.47033134,0.0,0.0,0.18950924,172.90248,219.31425,0.90077853,189.27235,219.37973,0.8403622,171.50626,242.70155,0.71075755,0.0,0.0,0.46503463,170.32167,251.18875,0.5295028,0.0,0.0,0.33396843,174.54916,264.15085,0.9592478,185.92554,263.97586,0.94686526,171.95439,299.44156,0.9468284,185.22258,299.47635,0.9244744,174.5658,333.20142,0.92761636,185.85757,332.6981,0.90643114
0.0,0.0,0.11803074,0.0,0.0,0.12982975,0.0,0.0,0.03720873,215.1355,214.24371,0.65536386,0.0,0.0,0.1797971,215.31073,228.32477,0.92782843,234.14084,226.31883,0.83207977,212.56387,249.01083,0.785675,0.0,0.0,0.4071565,209.26733,260.68777,0.55195415,0.0,0.0,0.26287875,221.94327,263.99042,0.93749326,235.11024,263.1231,0.90194917,223.35652,290.3279,0.87755316,238.96214,289.93665,0.8018368,224.71696,317.20154,0.8017877,241.1833,315.24066,0.72675985
484.53943,205.54756,0.68062687,486.2975,202.74069,0.5990995,0.0,0.0,0.47462243,489.53873,204.20424,0.53256124,0.0,0.0,0.29516783,493.60513,219.20483,0.9376922,475.67288,219.44638,0.8768135,499.97662,238.9579,0.7839091,480.3484,239.52347,0.5040028,498.3495,249.26031,0.69667673,0.0,0.0,0.45888817,490.59308,257.29843,0.94121176,479.16208,257.64886,0.91610396,486.88873,291.1093,0.9261052,479.4205,291.72604,0.88881993,487.65027,324.9521,0.8862884,483.44113,325.4834,0.8461754
0.0,0.0,0.30556384,0.0,0.0,0.11572254,0.0,0.0,0.33421537,0.0,0.0,0.15423113,645.05646,209.72128,0.65746945,639.8916,224.02917,0.804274,644.4762,224.9815,0.9183329,0.0,0.0,0.36215994,648.36127,244.68524,0.77551293,0.0,0.0,0.28598684,652.04047,263.80185,0.6038512,642.7787,261.63867,0.8867478,646.2543,262.2232,0.93322384,641.47534,289.80414,0.8348836,646.5719,289.92227,0.9018809,642.9892,317.4652,0.80364436,647.77155,318.41672,0.864213
