0.0,0.0,0.16671582,0.0,0.0,0.12792064,0.0,0.0,0.057144035,306.28442,144.74118,0.6767753,0.0,0.0,0.3244482,293.04453,178.01059,0.97260743,344.99472,176.3858,0.8980274,277.1031,219.49997,0.9153757,343.7975,217.4007,0.6236584,277.02484,217.36935,0.7700181,0.0,0.0,0.47699767,301.0538,259.87457,0.995002,335.39514,258.90244,0.99009085,305.33786,332.728,0.9944806,329.6914,331.19928,0.98992646,314.20325,405.41138,0.9848113,327.5295,404.24893,0.97823536
0.0,0.0,0.3223269,0.0,0.0,0.17454998,0.0,0.0,0.2077065,180.24213,208.38211,0.5690749,190.93071,208.39366,0.68633586,172.78133,223.66808,0.9847189,196.57388,222.75761,0.98708993,162.48608,242.49939,0.9116601,204.40521,241.78316,0.91850966,160.27754,261.66803,0.7888717,205.04333,260.66837,0.7933625,176.2184,258.14505,0.99168783,191.34618,257.54932,0.9926657,179.22028,285.46857,0.9783957,190.95074,284.84763,0.9794561,178.76366,310.7211,0.9519091,188.441,310.77005,0.95385617
792.3522,145.375,0.9521262,793.94824,140.5236,0.6637102,785.3884,139.16423,0.9496857,0.0,0.0,0.20725946,763.09705,143.99692,0.92553216,785.5862,189.08665,0.97278917,740.94586,186.31,0.9959771,798.1042,236.95697,0.83116496,724.69977,243.07597,0.9862439,809.4206,226.49438,0.79052335,743.49695,277.56598,0.96695685,778.72504,288.94186,0.99121386,753.7194,289.8015,0.9965485,767.6091,371.18286,0.97690487,769.4202,374.44385,0.9909175,745.9432,443.4458,0.9059196,762.7322,450.21005,0.94565004
621.7187,201.2168,0.9233633,624.2092,198.71466,0.87717575,619.4379,198.7823,0.84582233,627.8225,200.43013,0.7330568,615.9929,200.62987,0.61317027,633.6608,216.00706,0.9893383,611.25757,216.77696,0.98962444,637.2763,234.30563,0.9361005,608.26624,235.91922,0.9213442,630.6105,246.21806,0.8942682,610.3263,249.3746,0.8711372,628.7177,254.56743,0.9876836,613.94116,254.67497,0.98797077,628.24506,283.7475,0.96753055,610.50336,283.5737,0.9646843,627.4513,309.3187,0.9228208,609.69946,308.8549,0.91762364
453.52966,213.05759,0.90702796,456.12424,210.89691,0.86537546,452.0904,210.78593,0.8104206,460.63947,212.34268,0.7396412,449.95206,212.02036,0.5593668,466.13586,225.52724,0.98867023,445.09436,225.27158,0.98789364,471.32852,239.70059,0.93566614,437.92004,238.6075,0.9069763,465.69562,243.61931,0.8938714,440.0947,242.49864,0.85555446,461.8214,259.42474,0.98943675,448.13205,259.2456,0.98903114,463.2234,285.27072,0.97789305,447.45016,284.91434,0.97412056,465.93198,309.94583,0.95363116,449.89572,308.96384,0.94730914
0.0,0.0,0.35218936,0.0,0.0,0.12621704,0.0,0.0,0.2923642,0.0,0.0,0.109041594,0.0,0.0,0.4021194,831.3424,205.61847,0.6048544,830.25696,199.73572,0.7689688,0.0,0.0,0.37889227,810.0137,245.7774,0.63193053,0.0,0.0,0.39849013,825.52704,246.50778,0.59456575,836.21405,299.23227,0.7268752,835.65717,298.24304,0.7892449,834.0257,372.14322,0.63416207,842.74023,372.7677,0.7034582,0.0,0.0,0.3971882,0.0,0.0,0.44077492
255.2992,217.18279,0.8797405,257.235,214.72337,0.7807826,252.9036,214.72983,0.82479703,259.65356,216.42677,0.5306585,248.03972,216.28023,0.65321326,263.1523,230.20032,0.9726729,242.13016,230.62486,0.98174584,266.3321,247.07047,0.85156965,234.80336,248.68524,0.902,262.14978,259.05865,0.8007555,235.00174,263.28928,0.846658,259.08948,261.8872,0.97923374,246.04787,262.13837,0.98285174,256.67935,287.51685,0.9643702,246.4005,287.77206,0.96763325,252.08676,312.67935,0.943517,245.77223,313.11353,0.94721615
666.62463,206.97092,0.9036641,669.3854,204.40392,0.88673764,664.28503,204.63943,0.76997256,674.11804,206.39699,0.8026133,0.0,0.0,0.44677728,679.6567,220.21475,0.9873607,658.717,221.58878,0.97536784,684.6011,233.74872,0.9450501,656.04297,234.95164,0.80897534,672.5987,225.81795,0.9055788,663.2551,223.83876,0.75880325,675.89966,255.26785,0.9778399,662.0691,255.73523,0.9680167,674.0098,280.83737,0.9459264,660.9613,281.24863,0.9135533,674.2293,302.75995,0.873467,663.40564,302.7612,0.8249328
0.0,0.0,0.27219483,0.0,0.0,0.15767512,0.0,0.0,0.2055298,0.0,0.0,0.41019812,104.33885,223.75476,0.56095684,94.623604,233.0146,0.9475898,106.39992,232.52974,0.95842004,90.114975,244.24225,0.756119,109.903305,243.14168,0.81844175,88.858086,254.26126,0.598416,110.79261,252.6858,0.66216755,96.63284,253.97197,0.97528154,104.513435,253.91394,0.97791916,94.96197,271.13956,0.9592914,103.63766,271.1876,0.9614501,94.11805,287.02158,0.9461046,102.96778,287.15744,0.9478082
0.0,0.0,0.15307544,0.0,0.0,0.10370866,0.0,0.0,0.11065023,0.0,0.0,0.44115064,0.0,0.0,0.42662588,363.0086,228.32028,0.9684922,377.49176,229.06465,0.9674078,357.1422,240.10788,0.8240593,380.58264,241.3766,0.82107186,355.6037,248.72296,0.63413686,379.08398,249.88718,0.62829626,364.55032,253.12297,0.9862351,373.4461,253.3779,0.9859838,365.18796,272.75653,0.9661365,372.18906,273.0981,0.9657859,366.15533,290.82965,0.9432324,370.8492,291.2513,0.9430273
0.0,0.0,0.15181485,0.0,0.0,0.09121044,0.0,0.0,0.13354512,0.0,0.0,0.34441343,128.18004,222.489,0.5067493,117.76588,230.31755,0.9459225,130.60426,230.36575,0.9554334,114.06051,240.25655,0.7322443,135.16957,239.93948,0.8213059,114.43619,245.76949,0.5527833,137.35962,245.48044,0.64775294,119.46376,251.39616,0.9770767,127.491486,251.47589,0.97948337,119.937805,268.73737,0.9548113,127.34482,268.4657,0.9607635,118.970924,284.2248,0.93011254,125.611046,284.45657,0.9375905
414.0886,225.10075,0.832213,416.04385,223.20488,0.81985253,413.0729,223.09015,0.69565034,420.15515,224.13754,0.71036804,0.0,0.0,0.36727104,424.18524,234.27638,0.9785873,410.83817,233.90315,0.96691966,426.24393,246.46553,0.8945129,407.36465,245.30313,0.7849143,421.05136,253.97388,0.8511402,407.9378,252.51414,0.7482629,421.17984,258.40594,0.9797156,412.72885,258.05142,0.97501945,419.27164,277.11026,0.95662266,412.0376,276.74362,0.9444287,419.63052,294.7228,0.9178824,413.56876,294.17874,0.90122473
