756.1128,174.59795,0.9680521,759.79803,171.09978,0.839227,751.6267,170.80511,0.95995355,0.0,0.0,0.483729,741.0416,173.51991,0.9149011,762.1672,202.90068,0.9812293,729.32385,201.56013,0.996974,768.7613,234.12953,0.8759836,714.6825,233.23491,0.9878116,771.65063,257.90482,0.8294253,708.1559,265.06528,0.96922016,752.20026,266.53406,0.9913924,732.818,266.43896,0.9964275,750.7215,317.02118,0.98126847,742.00854,317.20642,0.9925418,743.3458,363.47464,0.94773144,745.73425,367.2741,0.9712725
0.0,0.0,0.12904854,0.0,0.0,0.056871586,0.0,0.0,0.09297615,0.0,0.0,0.37105468,417.6734,191.26855,0.6314381,390.34445,211.9245,0.9539856,423.02762,211.96129,0.9655866,382.2723,240.64052,0.78191286,430.18005,237.24577,0.8534344,384.49713,262.30652,0.5648729,427.18152,251.89165,0.6455599,394.04617,264.26938,0.98788273,415.31076,264.54,0.98960096,397.92133,302.54776,0.981783,413.96777,302.90463,0.9835207,401.0417,339.40936,0.9683433,413.33508,340.65952,0.9704129
0.0,0.0,0.12679227,0.0,0.0,0.08792767,0.0,0.0,0.07274993,489.1275,218.6599,0.65726334,502.68915,218.57811,0.5724046,481.80658,234.6479,0.97120833,512.21,234.67622,0.97359425,471.9791,254.785,0.85749316,521.0373,255.00008,0.85628045,470.9148,272.40128,0.6474054,523.3077,273.9665,0.6385828,487.80768,273.0524,0.9888736,506.9222,273.1914,0.9888809,488.741,302.0933,0.97866356,504.916,302.30173,0.97588944,491.56363,330.81415,0.9619394,503.4964,330.45743,0.9578751
0.0,0.0,0.20515954,0.0,0.0,0.20965725,0.0,0.0,0.07293053,662.66205,203.4823,0.80638754,0.0,0.0,0.3729039,658.90283,220.81873,0.984218,683.20593,219.7918,0.9674576,654.6468,242.6169,0.9229405,690.0996,241.7429,0.7320931,651.9538,255.73949,0.7600114,684.6867,254.60855,0.5073756,661.7938,263.29587,0.99054575,677.6754,262.71512,0.98611647,662.3365,298.28992,0.9796753,675.82587,298.37424,0.9659425,664.8483,333.29807,0.95627445,675.4178,332.55936,0.9360219
192.27527,160.29137,0.964357,197.334,156.31602,0.9418777,187.43103,156.48155,0.8798687,205.46822,160.2535,0.8501093,182.05177,161.34538,0.5851248,215.97826,189.34933,0.9953408,176.0708,190.86761,0.98279256,224.61354,216.73933,0.9801967,166.87196,221.43295,0.89443445,206.09584,194.17296,0.9538178,174.65657,209.90741,0.8508614,209.80011,262.58603,0.996671,183.65971,262.61426,0.9933601,208.13274,322.28293,0.9933642,188.05234,322.055,0.9876673,211.31348,371.31622,0.9757971,193.8963,370.29657,0.96491396
244.19768,193.51735,0.8970947,248.22523,189.90286,0.87490094,241.18417,189.60855,0.73757577,255.46877,191.3649,0.74551696,0.0,0.0,0.3286019,264.2299,210.73354,0.98207366,231.15903,210.57774,0.96079886,272.1903,234.4362,0.9414288,228.2789,233.62534,0.77735347,256.73392,231.46802,0.9030436,238.91533,228.70676,0.7411336,256.32697,267.0996,0.9877378,234.34474,266.94608,0.98099303,256.1076,312.3857,0.98273706,235.13547,312.28796,0.96948606,257.09677,352.51715,0.9584551,236.58046,351.4474,0.93604785
0.0,0.0,0.043650497,0.0,0.0,0.021797027,0.0,0.0,0.032933194,0.0,0.0,0.3074854,545.3446,209.29062,0.5331355,525.32825,225.75847,0.9168048,554.1696,223.79599,0.95112205,522.16754,246.14636,0.6766484,564.5779,241.9871,0.84751374,0.0,0.0,0.42465007,560.80975,254.95448,0.6130219,532.1776,265.96686,0.9860102,551.4242,265.28854,0.98991257,534.1657,298.2458,0.9801799,551.81573,297.6743,0.9849937,536.9792,330.19626,0.9693954,552.89154,329.2838,0.9747182
136.12573,185.39534,0.9134381,139.95062,182.08328,0.9148453,135.02452,182.02303,0.7451373,150.63329,185.74658,0.8537701,0.0,0.0,0.3309033,161.15875,209.81299,0.98668694,137.71774,210.19244,0.975937,166.84164,237.83662,0.9309383,131.91635,240.90254,0.77913755,157.21606,250.43645,0.87520885,127.500984,264.5158,0.7059207,158.7046,263.848,0.98525953,143.19055,263.12662,0.97980875,159.04306,304.24927,0.97002697,139.275,303.07224,0.95199364,164.56046,342.45078,0.9384763,141.56888,339.62225,0.91277415
0.0,0.0,0.14731929,0.0,0.0,0.068756886,0.0,0.0,0.16535822,0.0,0.0,0.18897466,650.14905,210.39641,0.5785076,634.0812,221.59334,0.8489751,649.17505,222.33337,0.9119118,0.0,0.0,0.42225868,648.23926,240.06462,0.70501983,0.0,0.0,0.27982777,0.0,0.0,0.48785725,638.3666,253.84647,0.9352628,647.59247,254.684,0.95140105,639.7961,280.53528,0.90144795,647.17523,281.09387,0.92691916,640.6706,306.1501,0.8668871,645.4634,307.40778,0.8932324
0.0,0.0,0.062184658,0.0,0.0,0.036274426,0.0,0.0,0.058993727,0.0,0.0,0.30555803,0.0,0.0,0.47355893,441.39996,226.26495,0.9212612,465.43106,227.84274,0.93870586,433.40088,240.16196,0.61186284,468.9464,242.11542,0.73595256,0.0,0.0,0.3825136,0.0,0.0,0.48438597,444.13785,255.70944,0.97698575,459.7536,256.51532,0.9799289,445.2602,281.14523,0.9602594,461.28735,281.7366,0.96639085,446.1685,305.34637,0.9417261,460.0137,306.24442,0.9489222
