0.0,0.0,0.2423779,0.0,0.0,0.09332779,0.0,0.0,0.09509689,271.47137,162.18576,0.5665549,296.59393,162.40671,0.5622372,257.57755,191.36731,0.9855156,308.82117,192.41418,0.9844243,246.30592,236.39206,0.96193963,325.1017,235.59839,0.9557002,244.4587,271.63202,0.9115786,328.17166,267.78003,0.9034501,267.4948,268.37122,0.9981851,300.93872,269.6446,0.9980703,268.30374,325.1705,0.99694675,297.5581,331.09918,0.9969438,266.67758,379.4428,0.9887544,291.59216,388.92975,0.9888898
517.5526,137.9556,0.926866,519.77637,132.82875,0.5926398,511.46768,132.48798,0.9377283,0.0,0.0,0.19290473,493.75854,136.85617,0.9146414,515.9515,173.8079,0.9298877,477.81015,175.99658,0.995235,520.43225,219.8245,0.65573835,459.78488,231.38138,0.98586756,537.6072,248.3141,0.63770574,464.61917,274.33157,0.96506864,518.0807,265.7161,0.9865139,494.69492,267.3538,0.9963554,514.63806,337.3947,0.98417515,502.60037,337.79907,0.9957688,497.75568,402.6177,0.9646378,495.17334,405.2696,0.9848717
609.6909,160.08449,0.95085466,613.5943,155.91817,0.8182922,604.94385,155.19006,0.9253494,0.0,0.0,0.43214813,594.2714,159.03975,0.8034502,622.1351,192.39749,0.9701601,576.1288,188.7923,0.98911065,630.55774,224.28339,0.880534,557.71277,218.6524,0.9669002,622.78796,209.16963,0.8421907,581.96387,205.7759,0.94261587,616.4811,268.02502,0.9874206,585.8456,268.5408,0.99239904,621.1786,325.4973,0.98076665,590.50604,329.81555,0.98892576,613.9557,383.53745,0.9511149,585.6809,390.98105,0.9656094
0.0,0.0,0.14588639,0.0,0.0,0.079414524,0.0,0.0,0.1081722,770.1984,201.19594,0.5434973,782.9099,201.15997,0.6934693,762.18036,221.74829,0.96951,792.68506,220.94983,0.9780285,756.65594,247.83383,0.7711202,804.3977,246.97307,0.8428464,0.0,0.0,0.49054357,805.0541,271.20486,0.5711199,767.77985,270.29462,0.98534596,786.76605,269.79245,0.9876694,768.04425,308.4733,0.966741,778.79376,308.07822,0.9692551,770.60986,346.08194,0.9392253,773.2726,346.01382,0.9415577
0.0,0.0,0.18112543,0.0,0.0,0.09902052,0.0,0.0,0.13340223,0.0,0.0,0.49171364,80.5838,213.30745,0.6502066,65.10275,226.88844,0.9701389,86.103806,226.23732,0.9787658,60.999584,244.09845,0.83807135,92.961555,242.38992,0.8937503,60.563408,257.563,0.6519474,93.151115,254.77509,0.7257614,68.77234,258.56342,0.98858577,82.71116,258.38718,0.9904197,69.62263,282.8246,0.97661006,81.45591,282.72174,0.9786523,70.55251,305.31958,0.9588112,81.165436,305.35535,0.96087337
0.0,0.0,0.094255686,0.0,0.0,0.054975428,0.0,0.0,0.0629475,0.0,0.0,0.39858273,0.0,0.0,0.48874784,151.87453,222.57921,0.9471123,173.52736,221.8083,0.95901096,148.1788,240.2474,0.7937447,178.72601,238.55502,0.8473143,147.99141,253.73558,0.5941206,176.24957,251.44212,0.65909296,155.68185,255.38013,0.9878549,170.4473,255.18729,0.9894019,157.12352,280.80316,0.98147124,170.40468,280.72675,0.9825446,156.6818,305.31793,0.97052795,169.02576,305.0835,0.9714774
0.0,0.0,0.19648078,0.0,0.0,0.11268502,0.0,0.0,0.15505049,125.988205,213.48158,0.5274367,136.59566,214.44273,0.62389797,118.95837,226.37202,0.98208517,140.19722,227.82193,0.98445636,110.97839,242.97008,0.8082372,144.53416,244.84113,0.8585506,111.973885,256.43155,0.5779896,143.19124,258.11496,0.63756496,119.50025,258.3879,0.98960763,132.56496,258.96744,0.99028033,119.73599,283.7827,0.9686828,131.0292,284.1004,0.97153646,119.016464,306.80075,0.94158584,128.54268,307.72516,0.94600224
0.0,0.0,0.19156842,0.0,0.0,0.20411223,0.0,0.0,0.06572592,647.0255,187.81636,0.86158246,0.0,0.0,0.4178115,644.27246,206.8458,0.9805832,673.95154,206.44443,0.9628783,638.74384,231.37218,0.8952355,684.1639,231.98206,0.6865347,637.3151,248.01517,0.6840289,0.0,0.0,0.4317758,649.25946,254.63516,0.98876196,669.7238,254.1353,0.9837588,645.14954,295.93903,0.98290724,669.8446,295.68558,0.97097987,643.8797,337.47827,0.966893,670.8051,335.79965,0.95083576
352.9929,185.00111,0.9004374,353.7752,182.39703,0.66188246,349.71307,181.91264,0.89876205,0.0,0.0,0.26506528,340.55246,183.90219,0.86665183,353.92694,205.4696,0.96908766,333.27512,203.587,0.99020255,358.5071,227.59612,0.72653425,336.80386,228.87682,0.9468186,358.61987,221.16148,0.6782178,358.65042,224.66916,0.89399576,354.3381,255.71355,0.9790704,340.5808,255.56403,0.98908055,347.84854,299.89584,0.9523146,339.46667,300.11334,0.97472817,342.2579,341.4951,0.89487153,335.2959,342.43945,0.9334789
374.3319,212.1132,0.75258726,375.53033,209.27753,0.63060594,371.76144,209.37276,0.74261355,0.0,0.0,0.30609465,365.9671,210.13237,0.5645094,380.73663,223.91225,0.93060803,361.0204,224.87576,0.9388975,387.51956,242.19598,0.68752164,361.5726,244.76186,0.78010225,385.5793,249.48633,0.64060557,372.30997,251.31012,0.72067815,377.74567,265.39297,0.95269984,364.8002,265.9901,0.95633703,377.3494,299.69373,0.91099465,365.1552,299.93436,0.92059386,374.56488,330.54367,0.8159185,364.68365,331.71298,0.83110344
428.1715,213.88472,0.90226233,431.3135,211.33252,0.8677668,425.97012,211.10356,0.79364735,436.41324,213.34131,0.74711627,422.3601,212.5768,0.5187695,441.08197,228.19429,0.9864081,416.6501,227.21991,0.980427,444.24527,247.8633,0.92239636,411.71326,244.74292,0.8334725,435.616,257.29245,0.86519766,420.09192,250.84543,0.7630432,435.29065,265.4521,0.9828571,419.5049,265.07745,0.97933346,434.0277,296.7869,0.9542286,420.17892,296.54813,0.93842715,431.0574,326.0144,0.9043545,423.193,325.4159,0.8811905
0.0,0.0,0.11755929,0.0,0.0,0.09119635,0.0,0.0,0.096201025,0.0,0.0,0.12384179,0.0,0.0,0.13787039,0.0,0.0,0.2614126,0.0,0.0,0.34386876,0.0,0.0,0.16772869,0.0,0.0,0.26032043,0.0,0.0,0.17854753,0.0,0.0,0.24204841,0.0,0.0,0.34498096,0.0,0.0,0.40442276,0.0,0.0,0.37583882,0.0,0.0,0.4281379,0.0,0.0,0.4237936,0.0,0.0,0.46731114
0.0,0.0,0.1935025,0.0,0.0,0.18364933,0.0,0.0,0.09911147,0.0,0.0,0.4203147,0.0,0.0,0.16617435,814.6943,220.1796,0.7618499,816.07056,219.84529,0.5977709,0.0,0.0,0.49633175,0.0,0.0,0.22989194,0.0,0.0,0.34931582,0.0,0.0,0.1795128,817.0708,260.86984,0.79628366,817.7432,260.77267,0.72478604,815.6338,293.88864,0.772528,815.5908,293.93085,0.68795836,820.1458,323.4403,0.7301761,817.3372,322.83435,0.6617464
746.6497,209.71533,0.51725113,0.0,0.0,0.2071071,745.3002,207.33107,0.5787291,0.0,0.0,0.14279462,741.0166,208.05591,0.7730477,733.9543,220.55276,0.8308295,736.7037,221.04446,0.95297706,0.0,0.0,0.323447,735.4049,237.39668,0.84852356,0.0,0.0,0.28030062,738.4391,248.74866,0.71021223,732.58954,254.20909,0.8981892,734.2816,254.73586,0.95100695,732.7639,281.80466,0.8697842,732.6719,282.06955,0.9379439,734.2219,307.48694,0.8529901,731.2724,308.7027,0.91408706
0.0,0.0,0.21455114,0.0,0.0,0.14177138,0.0,0.0,0.20368391,0.0,0.0,0.15573502,0.0,0.0,0.28951386,0.0,0.0,0.45132184,845.9782,228.45946,0.6308172,0.0,0.0,0.17296349,0.0,0.0,0.3896396,0.0,0.0,0.1671707,0.0,0.0,0.3085978,847.1677,262.95044,0.5565788,846.20715,263.81534,0.65941334,845.8221,295.67242,0.52105874,845.1803,296.18076,0.61690414,848.86725,326.3353,0.5574041,846.88324,327.09433,0.62942487
