853.02734,139.74907,0.7677124,0.0,0.0,0.35087362,847.01996,132.52193,0.8491522,0.0,0.0,0.07514996,824.8753,136.54424,0.7924148,851.81244,179.50836,0.52062696,796.69366,176.7813,0.9510152,0.0,0.0,0.2246681,802.535,233.78876,0.9177623,0.0,0.0,0.25447437,848.6265,258.15222,0.8348656,842.4526,275.9452,0.8374861,799.5293,276.643,0.94906974,848.7844,372.90826,0.79782623,782.73346,375.8547,0.93267804,847.8647,437.80655,0.65347767,770.19745,445.71603,0.8050337
0.0,0.0,0.16669871,0.0,0.0,0.1441989,0.0,0.0,0.051257875,307.2963,147.13739,0.7326461,0.0,0.0,0.2689778,292.8376,178.54341,0.9732036,346.76273,178.14296,0.8779015,279.6957,216.30902,0.9217038,338.3125,216.70227,0.5742775,285.2026,214.1396,0.78199977,0.0,0.0,0.42951497,296.78647,256.2953,0.9946557,332.1861,256.02667,0.9881351,302.2405,324.4755,0.9953086,324.9749,328.2227,0.9904288,307.09537,389.02798,0.98806643,318.6693,396.48743,0.98144436
612.4239,198.75676,0.9534268,615.1979,196.2635,0.91356003,610.02673,196.14346,0.9071798,619.3796,198.30792,0.74554497,606.7997,197.92471,0.7083189,625.2373,215.39485,0.9932846,601.34735,214.65848,0.99561864,632.84033,234.62106,0.95600766,594.25037,232.23795,0.9691432,634.43634,252.60434,0.9284462,591.72485,250.01657,0.9422396,619.88324,254.03604,0.993292,605.2372,253.646,0.9948086,618.2013,283.4764,0.97940093,605.44116,282.82703,0.9817401,617.78485,309.8512,0.94599557,607.7771,308.88123,0.94982076
0.0,0.0,0.25560024,0.0,0.0,0.11438295,0.0,0.0,0.18799995,0.0,0.0,0.43429455,188.87137,210.09058,0.7083978,173.19199,226.37956,0.9786098,194.07077,224.47333,0.98790926,164.3036,246.57072,0.8884403,203.36789,243.29288,0.94684166,158.8004,265.27615,0.7602756,206.042,260.5847,0.8494446,178.2117,260.79495,0.9909247,191.38492,259.78384,0.99366236,180.08661,287.58322,0.97354287,190.28333,286.4918,0.9803515,180.0105,311.5813,0.9388497,187.9001,311.15997,0.9508857
458.8305,212.16074,0.88814455,461.32617,210.02524,0.824361,457.21805,209.7521,0.8040965,464.91226,211.43388,0.6427471,454.13367,210.85461,0.56866604,469.76114,223.81306,0.9842929,448.68552,224.12408,0.98633075,474.9173,236.99142,0.9285425,442.214,239.13698,0.92667,469.12726,236.42921,0.8923525,443.4193,243.2211,0.8857689,465.26178,258.44565,0.9912765,451.71033,258.46506,0.9917115,465.30994,285.68198,0.9849631,449.9428,285.40527,0.9839182,466.24002,311.48834,0.9722244,450.6438,310.76984,0.97056335
665.6807,206.64532,0.9122444,668.52594,204.10062,0.891366,663.2172,204.2126,0.80255413,673.0511,206.54941,0.7902187,0.0,0.0,0.4946867,678.3955,221.9048,0.9874672,656.6927,222.482,0.9789234,685.32007,237.06158,0.9397077,652.23486,237.02844,0.8348314,679.31415,234.97182,0.89680827,656.3326,232.1021,0.77867997,673.3769,257.03818,0.9779258,659.3815,257.1185,0.97073966,671.3042,281.11523,0.9438139,658.19763,281.15366,0.917897,670.87946,302.58585,0.87363863,659.3497,302.227,0.83524317
0.0,0.0,0.3614316,0.0,0.0,0.22156346,0.0,0.0,0.2535888,0.0,0.0,0.39021665,0.0,0.0,0.49129492,256.9724,228.06488,0.92598146,267.66977,229.16183,0.9344785,251.3784,243.83289,0.641663,266.72916,245.74794,0.6956959,0.0,0.0,0.48523152,261.708,246.91774,0.5339129,258.68094,260.34943,0.9649195,266.0884,260.84076,0.9677802,257.542,288.151,0.9620028,265.52277,288.49936,0.9639233,257.61307,315.7681,0.9484864,264.48926,316.0678,0.95034504
414.57538,226.15692,0.8398167,416.4819,224.3,0.82798064,413.55505,224.18651,0.7073146,420.49826,225.18077,0.7172047,0.0,0.0,0.37468648,424.32294,234.93831,0.9784031,411.10886,234.49039,0.9666635,425.93018,246.36418,0.89266723,406.96844,245.00847,0.7819806,420.1716,252.00659,0.8491122,407.26443,250.5537,0.7466372,421.17197,258.49356,0.9777076,412.7891,258.1003,0.9725752,418.89285,276.97125,0.9505421,411.8777,276.56357,0.9366641,419.2118,294.31122,0.90508723,413.40146,293.7237,0.8859801
492.83264,224.02632,0.6444329,494.38663,222.16994,0.6667138,0.0,0.0,0.33858404,498.55576,223.30064,0.7191234,0.0,0.0,0.12700006,502.02426,233.76242,0.952877,496.2869,233.69943,0.8955434,501.54852,245.2438,0.84206307,0.0,0.0,0.47335595,493.97754,245.14464,0.7665357,0.0,0.0,0.45290518,502.38504,260.87378,0.95640445,498.80472,260.65622,0.93387854,502.85922,282.31006,0.9193675,500.602,282.10794,0.8715481,507.65054,302.82532,0.8644831,504.61154,301.90707,0.8088363
0.0,0.0,0.20519765,0.0,0.0,0.12568006,0.0,0.0,0.20287034,0.0,0.0,0.34581783,372.30493,222.10576,0.58568823,359.5126,230.69708,0.9383857,374.04425,231.30669,0.95357305,353.2457,243.06194,0.6783337,378.12912,243.60403,0.8051894,353.66675,252.63516,0.5136334,379.54495,253.4812,0.63873315,360.90662,253.54245,0.9739212,369.5504,253.913,0.9775889,363.17435,272.47617,0.9608566,369.4074,272.4906,0.9673139,362.77567,290.24344,0.9475169,367.1002,290.81256,0.95453256
