773.5994,187.38158,0.5025453,0.0,0.0,0.4387061,0.0,0.0,0.2113795,777.6478,185.78822,0.7406519,0.0,0.0,0.32306617,772.51373,214.08575,0.95854414,807.77295,210.84349,0.9060808,764.05286,257.0527,0.87886536,819.9905,251.93724,0.68174624,769.9471,276.90222,0.7651916,812.38696,272.33347,0.56870925,778.7893,284.94574,0.9581467,804.62604,283.77512,0.93848985,768.96356,339.4348,0.9386379,805.83813,339.31393,0.9152658,770.52985,384.39392,0.8661768,814.3572,386.22568,0.84252053
0.0,0.0,0.28421354,0.0,0.0,0.08023093,0.0,0.0,0.2671529,0.0,0.0,0.3634057,340.76245,198.29683,0.89284337,312.32123,219.1094,0.98223984,346.66977,220.04851,0.9950145,301.25275,249.20499,0.81753653,356.76263,251.81999,0.9718079,301.13226,276.95404,0.62851125,358.023,279.8654,0.8822708,316.28003,271.07822,0.9953754,338.7083,271.18063,0.9977992,313.8085,315.84497,0.98994374,334.61493,315.46765,0.9949568,313.02658,358.40576,0.97669244,331.8852,359.68997,0.98606
0.0,0.0,0.12491238,0.0,0.0,0.103745826,0.0,0.0,0.051046025,596.4656,216.28413,0.6787609,0.0,0.0,0.37572098,591.54047,236.79857,0.9581198,621.4223,236.17345,0.9440013,582.1706,262.53726,0.8418887,626.66156,260.718,0.7313436,580.0906,282.56216,0.6355391,623.5329,281.77444,0.5061171,594.43066,283.99228,0.98385423,613.93317,283.51782,0.9804033,594.3793,317.38348,0.97523785,613.74286,317.21356,0.9663747,593.16156,353.95807,0.95712256,610.4961,352.8739,0.9465126
0.0,0.0,0.09431687,0.0,0.0,0.050830785,0.0,0.0,0.054645106,0.0,0.0,0.45136335,405.57825,191.31592,0.5427522,380.4372,215.26659,0.9618394,413.33936,215.36282,0.9710556,372.30273,246.86899,0.8396825,421.11224,248.36436,0.8808805,371.14432,272.38577,0.6318789,421.82663,272.54962,0.68912065,386.13412,270.90134,0.98905736,407.18863,270.82602,0.9909691,387.18402,313.16858,0.97886765,402.24167,313.2754,0.9810719,391.9815,350.66983,0.9535138,403.04562,351.24353,0.957092
0.0,0.0,0.10247218,0.0,0.0,0.08071298,0.0,0.0,0.0474621,539.04407,192.6869,0.6918375,555.6737,192.99268,0.5036159,530.35944,214.57115,0.97559357,564.22614,215.32109,0.96510136,523.2737,243.21793,0.876977,568.8347,245.20685,0.7663225,522.99756,264.8865,0.635111,0.0,0.0,0.48894298,533.08295,267.9841,0.99090815,555.2226,268.33368,0.9887278,532.91516,309.2739,0.9840904,549.8875,310.07343,0.9775793,537.0537,349.21118,0.9648197,549.74603,350.06775,0.9543522
0.0,0.0,0.06410447,0.0,0.0,0.037617296,0.0,0.0,0.045151737,0.0,0.0,0.41791904,477.56622,227.3466,0.50754863,458.6053,242.97858,0.9501248,484.04797,243.09877,0.9656392,452.57767,262.5354,0.7969687,490.81058,264.36496,0.86885154,452.16714,279.82794,0.56173337,492.55304,284.64127,0.6521389,462.83832,279.4801,0.98697937,478.79758,279.76315,0.98911196,466.26376,309.09006,0.97355247,477.57343,309.51688,0.9758134,466.8801,336.8731,0.95075864,473.19656,337.22028,0.9532669
0.0,0.0,0.08238375,0.0,0.0,0.05705506,0.0,0.0,0.04502036,0.0,0.0,0.42000753,0.0,0.0,0.34847322,430.4522,229.83742,0.93100643,452.27673,228.92653,0.9301868,426.3836,247.63971,0.77067405,456.7716,247.3273,0.7558518,424.28876,261.3948,0.55474144,456.87897,261.99472,0.5411949,433.6868,264.71887,0.97731733,447.36594,264.27917,0.9773933,433.77643,292.84503,0.95712847,442.69525,292.70367,0.9542827,437.26282,319.6411,0.924262,440.17664,319.11356,0.920449
0.0,0.0,0.22976416,0.0,0.0,0.15047456,0.0,0.0,0.14003797,640.03296,231.39854,0.56586015,649.624,231.03233,0.5818459,634.8965,244.37555,0.97132605,656.06366,243.25957,0.9762665,631.26776,260.80914,0.8396338,661.90247,257.78534,0.86502177,631.01166,272.0493,0.65487623,658.04987,266.49042,0.68902475,639.3662,274.85205,0.9858072,653.2015,274.49667,0.9875616,641.60364,299.99585,0.97164446,651.6707,299.83206,0.97327673,644.0968,325.27573,0.9476385,652.13745,324.88095,0.9494843
0.0,0.0,0.06479611,0.0,0.0,0.04370981,0.0,0.0,0.048253816,0.0,0.0,0.0830352,0.0,0.0,0.11661189,0.0,0.0,0.22739352,0.0,0.0,0.33237097,0.0,0.0,0.13987198,0.0,0.0,0.24806392,0.0,0.0,0.13252118,0.0,0.0,0.2010218,0.0,0.0,0.35530856,0.0,0.0,0.43381712,0.0,0.0,0.31733268,0.0,0.0,0.3806849,0.0,0.0,0.2951508,0.0,0.0,0.3452663
39.04357,237.0001,0.7489576,40.89432,234.72472,0.73034567,37.72485,234.60855,0.5873725,44.301125,235.95413,0.6363295,0.0,0.0,0.29184332,48.703823,249.3598,0.9608801,35.149036,249.44882,0.92403543,54.533955,266.1056,0.8252298,35.71375,266.14795,0.6068127,52.465527,279.7829,0.743421,35.83718,278.93375,0.5539779,43.349007,282.40704,0.95144206,35.184433,282.13342,0.93377036,41.994503,307.27344,0.8895581,35.966026,307.02487,0.85282755,42.203136,329.83096,0.80512893,37.74023,329.73495,0.7618916
215.27135,243.33069,0.7271362,216.56384,241.66429,0.66033715,214.395,241.6464,0.58141494,219.29758,241.84491,0.54672354,0.0,0.0,0.37067276,223.8397,250.20717,0.9769967,210.77814,250.24991,0.9721444,229.51675,262.09897,0.8791667,205.75679,261.74744,0.8422867,229.34026,273.0206,0.8290854,203.56801,272.62097,0.78882056,221.98645,273.401,0.98663205,214.63242,273.35162,0.98539877,220.555,292.97513,0.9735474,215.0854,292.70184,0.97104776,221.09488,311.2262,0.95377374,216.54083,310.8423,0.95067704
