0.0,0.0,0.12972485,0.0,0.0,0.102346495,0.0,0.0,0.032343257,414.7103,137.82594,0.8103722,0.0,0.0,0.32352006,403.58154,190.2269,0.96207565,477.68137,184.53839,0.90828305,375.21112,257.64896,0.8560509,489.93332,256.82803,0.6502205,390.0841,284.12445,0.6266576,0.0,0.0,0.41948208,415.10767,319.4924,0.96793807,460.8646,316.16528,0.9547252,426.7688,424.89166,0.8312135,442.5619,419.20297,0.79055667,0.0,0.0,0.43371546,0.0,0.0,0.39966166
588.8034,161.67311,0.90867525,589.27124,157.45311,0.6039432,583.2234,157.0312,0.9041233,0.0,0.0,0.2026315,568.5039,160.28522,0.8473878,590.08575,190.41988,0.9334903,558.3075,186.80975,0.98945063,601.8933,223.33936,0.73980373,562.0774,207.17151,0.9754823,611.85876,216.90268,0.69452846,585.4586,184.51965,0.9447454,590.5992,270.79993,0.98727554,568.3029,270.19473,0.9949269,593.42834,339.44992,0.9855559,572.3886,338.75293,0.9946173,572.7857,395.1245,0.9707993,550.34375,393.8049,0.9846523
646.8727,156.90291,0.95877916,649.5166,152.85944,0.90174294,642.11395,153.29042,0.94383043,652.73737,157.85834,0.5835953,632.5172,158.328,0.82000864,661.23615,186.93161,0.99030566,621.2204,187.96129,0.99504024,673.31683,217.98138,0.92586017,609.5328,217.46585,0.96648693,679.8997,239.93935,0.8844412,616.81573,229.86705,0.93171465,660.53894,254.10599,0.9931316,635.7274,255.514,0.99523145,656.38824,304.53387,0.9750508,639.84393,306.28455,0.98065865,647.97656,351.19727,0.92285097,640.0057,353.75012,0.9356752
0.0,0.0,0.18711114,0.0,0.0,0.06643255,0.0,0.0,0.18849495,0.0,0.0,0.37645504,173.45053,190.6761,0.8357949,150.92796,209.36696,0.9702434,178.47005,210.28418,0.9885737,141.60136,231.33357,0.7596925,183.76094,235.31018,0.93570286,143.91768,243.99242,0.52857333,183.8313,252.15097,0.77375126,154.30307,256.44766,0.9921514,172.23961,256.70248,0.99525166,154.22552,293.47397,0.9868997,166.87575,293.5356,0.99127847,155.84758,331.14056,0.9754412,164.52687,332.20975,0.98140556
339.85486,201.948,0.8971736,341.80402,199.61685,0.8079269,337.68283,199.76825,0.84573424,344.01706,200.99445,0.5762758,333.57788,201.25589,0.6862462,346.91837,215.55666,0.9772455,327.82425,215.82028,0.9885388,345.77563,232.11528,0.8471665,318.93625,231.06766,0.9271973,338.95468,239.8597,0.79282373,317.3119,237.73003,0.8726281,344.10748,253.02875,0.9814667,332.2176,253.32896,0.9871022,342.92456,283.21722,0.9639016,333.1645,283.35693,0.9716503,341.76672,311.92346,0.93352616,333.0958,311.9232,0.9439307
295.5341,213.13977,0.90796405,297.24353,211.073,0.8378807,293.47986,211.07953,0.8314506,299.65994,212.37598,0.67106503,289.6909,212.19286,0.63677174,304.2665,225.32184,0.9876594,284.44366,223.99854,0.9901973,309.94547,238.90848,0.9267866,274.00888,233.0238,0.93650794,305.4586,247.59027,0.8859745,273.51242,237.54324,0.8953876,299.19867,256.63922,0.98878735,287.08987,256.04785,0.99026185,295.35617,281.58597,0.9719151,286.2089,281.11716,0.9722879,291.2018,303.4282,0.93700004,285.71097,302.9523,0.9364594
0.0,0.0,0.29586327,0.0,0.0,0.38573712,0.0,0.0,0.12500398,0.0,0.0,0.436875,0.0,0.0,0.06453537,0.0,0.0,0.3611014,0.0,0.0,0.23624803,0.0,0.0,0.21343438,0.0,0.0,0.07292576,0.0,0.0,0.19611171,0.0,0.0,0.08678864,0.0,0.0,0.15738803,0.0,0.0,0.12698254,0.0,0.0,0.21576437,0.0,0.0,0.16211316,0.0,0.0,0.3212211,0.0,0.0,0.2693037
0.0,0.0,0.31760693,0.0,0.0,0.21205558,0.0,0.0,0.24807207,0.0,0.0,0.491363,764.0021,213.80283,0.52809775,753.7804,225.91566,0.9517693,765.6622,226.58821,0.95359755,749.89514,240.38533,0.6900436,768.50195,241.04697,0.73142844,749.9945,247.93875,0.51506704,769.46497,248.53354,0.5505747,751.30194,255.90274,0.9616074,759.22614,256.02182,0.9626302,747.8619,279.38553,0.9165102,757.76666,279.24478,0.9202644,744.4993,301.00864,0.846473,754.1541,301.39413,0.8525463
0.0,0.0,0.11019834,0.0,0.0,0.067818634,0.0,0.0,0.08218434,0.0,0.0,0.43486568,0.0,0.0,0.48717207,194.68607,230.21516,0.94517523,212.07732,230.71823,0.9514282,189.51442,243.75859,0.67578465,217.0125,244.03061,0.7324947,0.0,0.0,0.43684295,0.0,0.0,0.48120466,197.26291,254.62509,0.96973306,208.54729,254.98079,0.97166914,198.89343,272.86435,0.9386482,208.24498,272.7662,0.94325083,198.86299,289.96017,0.9100337,207.12881,290.19223,0.9157382
733.353,206.99031,0.7581364,735.9194,204.6005,0.74237514,732.35095,204.50342,0.54349095,740.6612,206.70412,0.6852774,0.0,0.0,0.2876507,742.77466,222.43936,0.9465587,727.68274,222.30183,0.89664406,739.531,240.40015,0.8091437,722.3235,239.07724,0.5187379,727.2626,247.16689,0.724559,0.0,0.0,0.47573733,734.1495,257.5099,0.9321308,724.6623,257.14548,0.90250957,727.9175,285.96182,0.9143146,722.0224,285.9319,0.863502,728.49634,311.1508,0.87994635,723.4317,310.70734,0.8305304
365.97552,201.75339,0.81254894,369.3414,199.03484,0.6882143,363.6843,198.70122,0.7576301,0.0,0.0,0.4530907,359.8887,200.61903,0.59908444,375.98468,219.24918,0.914969,354.26782,218.17712,0.9477248,375.34738,238.60526,0.52558887,347.36206,237.42108,0.7178016,0.0,0.0,0.45080557,352.60266,251.45963,0.6033301,372.5206,257.5691,0.90671325,358.62527,257.33572,0.9297427,369.04572,288.77048,0.8782211,358.74225,288.27206,0.90330845,368.82855,318.60626,0.847744,361.8625,317.3851,0.8693095
