0.0,0.0,0.33659524,0.0,0.0,0.19355679,0.0,0.0,0.09233342,306.28577,136.12743,0.74316144,337.77628,135.10562,0.5077722,293.34653,171.93558,0.99215055,351.97342,171.75786,0.9819697,274.46692,224.3933,0.97569716,372.43893,227.36804,0.9124351,259.12872,269.1923,0.91866827,369.56512,277.80646,0.8120736,301.8923,268.72424,0.9971577,342.20065,268.80148,0.9952638,287.43094,340.07376,0.9907032,339.66553,337.3683,0.98499584,292.2757,417.38837,0.94532436,345.90936,408.47333,0.92995626
0.0,0.0,0.10514219,0.0,0.0,0.056423504,0.0,0.0,0.0995007,0.0,0.0,0.4331932,84.37713,209.74078,0.6591472,65.95409,223.07243,0.98124355,89.19634,223.53807,0.98563045,58.05182,241.61583,0.829009,95.68397,241.286,0.90868115,59.56893,257.07028,0.6106173,95.935974,256.934,0.7320578,68.53657,257.74533,0.9950421,83.78432,257.88397,0.9957379,68.51054,285.07327,0.98796797,85.23669,284.8535,0.99016017,66.726395,310.3011,0.9757682,83.80656,310.52402,0.97940296
414.61002,156.25555,0.96045935,417.92392,151.6867,0.8648155,409.2264,150.46489,0.9530395,0.0,0.0,0.39431632,395.45496,152.52516,0.85293806,419.3899,190.24316,0.9801282,381.4293,185.81639,0.9908319,425.55118,231.78328,0.85886055,372.60336,228.041,0.94778603,435.2697,266.75943,0.8170605,379.72717,266.048,0.90409505,413.07065,268.5077,0.9850289,389.46252,267.88107,0.98989177,410.84033,328.66968,0.95915824,400.35867,328.59888,0.9700577,405.0058,380.99606,0.8788939,400.23306,381.31705,0.901491
0.0,0.0,0.09464666,0.0,0.0,0.066696644,0.0,0.0,0.04179239,532.79456,179.77003,0.6619856,547.9554,178.67519,0.5110939,527.7002,200.8875,0.98333967,556.914,199.53964,0.98670363,520.95605,230.0418,0.9293733,564.34845,229.08153,0.9321969,517.5392,256.67978,0.7795665,567.0724,256.31442,0.77983546,535.2097,254.7558,0.99576664,554.55396,254.23703,0.996369,533.4333,294.2131,0.98748964,553.5046,293.93362,0.98750186,539.65173,332.5994,0.9663561,559.22394,331.67313,0.9662964
0.0,0.0,0.15647392,0.0,0.0,0.17055346,0.0,0.0,0.048270762,664.56964,180.80945,0.89273816,0.0,0.0,0.4885848,658.4896,202.48264,0.98930794,693.5118,200.73862,0.9783934,651.29095,231.62297,0.92527807,704.17145,228.5779,0.7341681,650.3725,253.03996,0.7093428,0.0,0.0,0.43625954,665.3155,256.6671,0.9941028,688.8213,255.95155,0.9913374,660.1041,300.33878,0.98917854,685.8255,300.37518,0.9807916,660.2464,344.85767,0.9754478,686.2618,343.63055,0.96225476
0.0,0.0,0.14779948,0.0,0.0,0.08411295,0.0,0.0,0.09361066,0.0,0.0,0.45628628,177.57161,203.38222,0.5188354,162.30724,220.57663,0.9645259,183.73431,219.9319,0.9786106,157.9534,241.26546,0.84068733,191.4681,240.54985,0.9084821,155.13232,256.65402,0.66382575,194.01512,257.466,0.75488675,169.08415,257.04675,0.9889676,182.26407,257.09586,0.9914357,174.23843,285.10083,0.9738747,182.36287,285.0872,0.9777541,177.72629,310.80585,0.9489596,179.3514,310.30322,0.9543496
495.08524,172.52632,0.8340335,497.60526,168.86154,0.6504159,491.8256,168.41331,0.7882216,0.0,0.0,0.35260066,485.01746,170.20757,0.65741104,501.95273,195.91484,0.9552722,476.89438,194.17284,0.97455126,510.35898,226.66788,0.7794222,473.71738,223.22458,0.8929268,514.73376,240.51578,0.71458787,483.1271,230.39966,0.81957203,495.55002,262.7594,0.98903185,478.94815,262.75482,0.99190485,500.15552,316.9967,0.988462,480.78537,317.14502,0.99099255,505.13428,368.4444,0.9788169,478.1408,368.6823,0.98235416
0.0,0.0,0.1136522,0.0,0.0,0.070174865,0.0,0.0,0.066848114,789.5686,197.54091,0.6448096,805.4072,197.14366,0.67680013,780.99304,216.43654,0.9757917,815.47925,215.76862,0.9822781,775.0332,239.94254,0.8202298,825.284,239.2696,0.87046325,776.41046,255.5302,0.53999144,818.9207,254.91702,0.60860664,784.9805,262.5235,0.9863338,807.9461,262.10532,0.98875964,780.0629,296.613,0.96024215,803.274,296.62115,0.9634216,779.8189,331.3617,0.9157448,801.9527,331.34183,0.9200094
0.0,0.0,0.096934736,0.0,0.0,0.05366271,0.0,0.0,0.0632787,0.0,0.0,0.3924584,0.0,0.0,0.48882672,746.6786,207.5273,0.91332513,773.91144,211.66893,0.9088607,732.81696,228.9522,0.61936694,775.2573,235.94675,0.6111384,0.0,0.0,0.37716666,0.0,0.0,0.3680284,741.8322,254.62833,0.9745559,759.7258,256.33612,0.9736225,736.94257,291.16013,0.9742823,755.94354,293.3267,0.97152674,737.0297,325.8917,0.96582717,754.4323,329.34146,0.9631018
0.0,0.0,0.25644702,0.0,0.0,0.10091458,0.0,0.0,0.22568302,0.0,0.0,0.32359514,133.44858,209.51102,0.7410337,115.578186,223.99773,0.9579952,137.19394,224.91696,0.98116916,108.98429,242.09962,0.73610294,142.8516,244.68716,0.91757494,110.4185,254.8947,0.5614195,144.57463,258.49753,0.7824959,116.95433,259.9451,0.984574,130.93877,260.17294,0.99041057,117.67326,286.32208,0.97152454,127.84721,286.32275,0.9817861,116.52862,310.48895,0.9528886,123.48666,311.33963,0.9659721
0.0,0.0,0.09519073,0.0,0.0,0.087398335,0.0,0.0,0.04970116,0.0,0.0,0.2082653,0.0,0.0,0.08705159,0.0,0.0,0.41951916,0.0,0.0,0.3701727,0.0,0.0,0.28688568,0.0,0.0,0.1991515,0.0,0.0,0.24256456,0.0,0.0,0.17713003,0.0,0.0,0.48204163,0.0,0.0,0.46206912,0.0,0.0,0.41250023,0.0,0.0,0.37463892,0.0,0.0,0.38227573,0.0,0.0,0.35818082
