0.0,0.0,0.13649273,0.0,0.0,0.12557916,0.0,0.0,0.028566701,468.08063,110.24495,0.87499595,0.0,0.0,0.33590266,452.84323,168.75615,0.9697043,537.7844,167.68785,0.9062794,418.64908,240.80112,0.86759007,550.5249,252.32439,0.557476,428.12524,271.23114,0.6182966,0.0,0.0,0.322368,460.98682,320.67218,0.9582761,515.26843,319.12503,0.9312864,469.2147,438.79303,0.7318405,503.35367,433.12506,0.6341966,0.0,0.0,0.24934891,0.0,0.0,0.20411406
641.08453,160.59769,0.9703184,644.94586,156.86609,0.94015235,637.1425,156.34764,0.94261956,649.507,161.34636,0.7300203,628.9384,159.75623,0.74110365,655.4567,189.40102,0.9950128,616.6096,189.10954,0.9965084,662.92755,221.5238,0.9744495,605.243,224.38428,0.9775007,667.73676,251.97853,0.9578101,601.1398,261.71094,0.95777553,646.7452,254.50484,0.9966453,622.88983,254.6465,0.9971795,639.86487,303.80515,0.98874503,623.8349,304.06308,0.98861825,634.2114,349.00064,0.95831865,624.96466,349.52295,0.957547
0.0,0.0,0.22344066,0.0,0.0,0.082304806,0.0,0.0,0.2243284,0.0,0.0,0.40332618,174.94502,192.51678,0.84593606,152.72154,210.76834,0.96762365,181.40651,210.33144,0.9881732,144.07936,233.6051,0.66837674,192.32256,229.96265,0.91137195,0.0,0.0,0.42417493,189.20528,240.12367,0.70531386,158.22903,256.86752,0.9893562,176.4858,256.93295,0.9936924,160.2023,294.67532,0.98272693,173.91794,294.7166,0.98896,162.72015,333.97226,0.9716939,171.00162,334.7214,0.9791808
361.78748,203.91214,0.89354295,364.3246,201.2887,0.82734966,359.45355,201.51294,0.8004685,368.26465,203.37611,0.6629667,356.1047,203.88286,0.5825758,374.01532,218.55128,0.9845841,351.32605,220.40756,0.98395663,381.2548,234.89502,0.9049655,346.66162,238.76051,0.8806378,377.073,240.9229,0.8516584,354.40875,244.52402,0.8195295,371.87335,257.03497,0.98662543,357.7493,258.09793,0.98649305,369.32608,288.44745,0.97451234,360.49554,289.4423,0.9718921,365.86118,318.6935,0.94640344,363.0159,319.568,0.94209594
338.6068,204.6062,0.8797068,340.24835,202.6037,0.78104,336.76913,202.66745,0.82519305,342.13013,204.13379,0.5519441,332.84833,204.06982,0.6703203,344.504,217.12534,0.97298145,326.88333,217.32753,0.9850573,344.13605,230.11781,0.8338194,319.47253,230.51392,0.91133064,339.95822,231.15176,0.78063554,323.33447,231.49635,0.85285217,341.93744,251.58562,0.97642106,330.95456,251.87564,0.9828487,340.82602,280.13428,0.9559139,331.88864,280.28647,0.9643913,339.0316,307.82343,0.9221818,331.09113,307.87003,0.9331942
0.0,0.0,0.14317384,0.0,0.0,0.090954795,0.0,0.0,0.11984403,0.0,0.0,0.45361766,205.49033,220.74918,0.55651563,191.00003,230.55737,0.9570644,210.04666,230.7234,0.9639111,186.52539,243.91965,0.7195001,215.2679,243.41974,0.8005008,187.77528,255.65953,0.5099909,215.09471,255.33983,0.5903879,194.36932,254.63754,0.9792119,207.23158,254.6097,0.9815185,195.18977,274.00424,0.96149904,207.39139,273.71124,0.966358,195.03902,292.28006,0.9449558,206.59131,292.0123,0.95053315
298.09232,214.19865,0.8223836,299.27203,212.25606,0.6921228,296.0905,212.12448,0.83804524,0.0,0.0,0.35338286,291.71024,212.83217,0.7588938,301.95297,224.92464,0.9817145,284.34396,224.38818,0.9875481,308.1796,237.5638,0.8430508,276.23938,237.4017,0.9372467,312.6268,248.11931,0.7862617,276.23245,249.00563,0.8905294,296.0238,254.05911,0.98860544,286.1986,254.08304,0.9907583,294.26382,276.59418,0.9699434,286.64755,276.4337,0.9770758,289.52432,296.85712,0.9445795,283.79028,297.37793,0.95540243
0.0,0.0,0.14520912,0.0,0.0,0.08707182,0.0,0.0,0.15776762,0.0,0.0,0.06820611,0.0,0.0,0.209788,0.0,0.0,0.1665874,0.0,0.0,0.39800605,0.0,0.0,0.08220333,0.0,0.0,0.37002754,0.0,0.0,0.11044863,0.0,0.0,0.3333222,0.0,0.0,0.2631967,0.0,0.0,0.42168912,0.0,0.0,0.34243304,846.27875,295.64676,0.5107232,0.0,0.0,0.4408776,845.9791,328.09012,0.57329667
732.21674,207.01912,0.7614762,734.12085,204.50154,0.761,0.0,0.0,0.4766467,739.3424,206.49728,0.8290721,0.0,0.0,0.36220655,740.9583,221.94812,0.98256034,742.4082,220.99472,0.96185887,742.59735,238.8623,0.91378653,746.17554,236.65883,0.6683487,739.66583,246.63503,0.83063453,742.8786,243.97061,0.5679278,741.87994,256.54712,0.97209305,743.05646,255.93361,0.95744354,740.6249,281.5214,0.9419561,741.9479,281.16043,0.90136707,744.51227,304.6144,0.89761615,743.90283,303.25507,0.85132295
0.0,0.0,0.13103479,0.0,0.0,0.09372424,0.0,0.0,0.1174429,0.0,0.0,0.08592127,0.0,0.0,0.12193235,0.0,0.0,0.23597799,0.0,0.0,0.27729514,0.0,0.0,0.14531215,0.0,0.0,0.21461639,0.0,0.0,0.14773755,0.0,0.0,0.19906577,0.0,0.0,0.3726118,0.0,0.0,0.39678276,0.0,0.0,0.42400515,0.0,0.0,0.45295408,0.0,0.0,0.428848,0.0,0.0,0.4516369
