364.97006,155.07323,0.98600125,370.77353,148.64325,0.93870705,356.93848,149.0505,0.96834487,377.9546,153.0052,0.67315495,341.77393,153.69563,0.87671095,393.3214,193.41457,0.9951403,320.24725,196.01657,0.99754936,411.6233,239.99963,0.9735121,299.6172,239.63155,0.9886901,418.2747,280.86487,0.95239735,316.86813,248.82822,0.97648084,386.09586,301.4,0.9983181,337.9899,303.3798,0.99874216,388.98416,377.7774,0.994132,328.01004,377.98026,0.99580944,387.43533,449.74774,0.9676581,328.82156,444.8398,0.9742483
589.8128,142.10919,0.96742845,594.4833,136.57022,0.773701,583.64325,135.20876,0.96796775,0.0,0.0,0.22969614,563.3454,133.87082,0.9293425,598.2168,175.84746,0.9591366,533.94855,168.85107,0.9973137,609.8713,227.22717,0.7795066,502.73834,214.28441,0.99120104,607.4055,275.10806,0.76487714,490.90048,265.69724,0.9788143,577.2423,279.35776,0.9930738,536.6994,276.49774,0.998033,571.954,354.90088,0.9898141,537.552,351.76822,0.99719906,560.95294,422.96317,0.97200507,539.93475,424.00787,0.9879723
0.0,0.0,0.12256428,0.0,0.0,0.09909761,0.0,0.0,0.049786326,744.2252,205.22313,0.8306848,765.31946,205.10112,0.6439802,734.3039,230.48512,0.9883731,777.6573,231.01376,0.9864356,722.4855,264.90164,0.9177111,783.63324,267.1739,0.8646512,720.1403,293.76233,0.69129825,778.1583,295.03848,0.5897882,738.9034,292.45734,0.99506915,767.9788,292.51068,0.9946737,735.19464,340.3626,0.9896199,766.17004,340.90262,0.98674506,731.7024,386.67484,0.9743901,763.0433,387.02686,0.96947116
0.0,0.0,0.07922838,0.0,0.0,0.041948956,0.0,0.0,0.046730228,680.24225,187.75768,0.60048765,701.0138,187.3173,0.6831154,669.55115,211.2249,0.9676513,710.4094,212.40549,0.9772396,661.97046,241.32068,0.7214223,717.75903,247.84991,0.8082608,0.0,0.0,0.38195866,0.0,0.0,0.46422988,678.05994,272.8304,0.98828435,705.708,273.59598,0.9901078,674.7481,321.78403,0.97504586,704.03107,322.62164,0.9759125,673.46643,370.794,0.9500062,702.15656,371.16977,0.9507573
800.1496,210.05986,0.89764297,803.13153,206.99768,0.87854487,797.5136,207.29333,0.7573037,808.70074,207.78532,0.78124523,0.0,0.0,0.4232792,817.4014,223.66484,0.9837159,789.79956,225.94739,0.9696465,820.9557,243.56183,0.93036085,787.76904,246.49332,0.7729236,801.71814,251.04266,0.8826641,797.27655,251.47716,0.71618664,816.1177,271.28674,0.9764505,797.63605,272.3879,0.9662091,817.7379,307.2414,0.9412859,799.82916,308.1207,0.9070008,817.02936,338.49185,0.8576145,803.0355,338.8105,0.8064947
0.0,0.0,0.14767607,0.0,0.0,0.049932618,0.0,0.0,0.19500461,0.0,0.0,0.0409465,0.0,0.0,0.4480991,0.0,0.0,0.25881156,844.80865,231.27625,0.736744,0.0,0.0,0.08076086,835.12494,266.9844,0.7198872,0.0,0.0,0.08917672,833.487,289.604,0.547445,0.0,0.0,0.37680894,849.46735,298.3738,0.6671807,0.0,0.0,0.22860816,849.09326,336.9928,0.50037587,0.0,0.0,0.1878412,0.0,0.0,0.37232724
0.0,0.0,0.15088075,0.0,0.0,0.07109607,0.0,0.0,0.11167598,0.0,0.0,0.310918,454.73785,231.07639,0.5390639,440.28638,242.08736,0.9395717,458.00125,242.30647,0.95263785,432.30347,255.20032,0.7432444,460.33685,257.61334,0.8205527,429.49292,267.0888,0.5612238,460.93027,271.49844,0.64505583,440.3633,269.12476,0.9799141,451.7985,268.88785,0.983085,442.77277,290.04504,0.9671724,451.58963,289.83374,0.97157073,440.2121,309.7838,0.9483649,447.147,310.17114,0.95346564
0.0,0.0,0.06194209,0.0,0.0,0.033732343,0.0,0.0,0.03624953,0.0,0.0,0.29658544,0.0,0.0,0.408578,612.4309,201.3395,0.82597965,639.0637,198.42836,0.8950551,0.0,0.0,0.4214875,647.07574,234.59872,0.6807342,0.0,0.0,0.20991153,0.0,0.0,0.38397563,621.5213,266.3721,0.9150855,639.38745,265.2816,0.94060576,622.6781,316.0463,0.7958955,639.9726,315.1771,0.85217005,624.6062,362.62122,0.664385,638.15546,360.48795,0.7283591
0.0,0.0,0.1738867,0.0,0.0,0.10745705,0.0,0.0,0.1523844,0.0,0.0,0.38578445,287.59866,229.22081,0.56434923,273.34906,241.00928,0.9525376,290.39536,241.38293,0.9623786,266.90747,257.18658,0.70929486,295.3703,257.28427,0.8030194,267.934,270.67038,0.5145793,295.82495,270.84784,0.60532725,274.98172,271.12332,0.9780636,285.26016,271.33948,0.9809625,276.88083,294.08646,0.9544181,283.8033,294.01828,0.96073306,276.39307,315.57968,0.9223072,281.61887,316.03192,0.9311911
0.0,0.0,0.17559572,0.0,0.0,0.12488507,0.0,0.0,0.12425669,0.0,0.0,0.48896185,0.0,0.0,0.45661747,221.67647,258.02783,0.9631239,237.71262,257.84454,0.96094656,217.37593,269.08997,0.7763436,243.81865,269.00156,0.7714683,218.22746,276.45383,0.5814799,244.19745,276.0154,0.57286865,224.2692,281.25656,0.9812355,233.89966,281.17545,0.98098665,224.80501,299.99808,0.9638532,232.07588,299.79865,0.96374214,224.81868,317.96945,0.94294274,229.79794,317.97293,0.94330454
