0.0,0.0,0.30524227,0.0,0.0,0.19128388,0.0,0.0,0.08241719,285.75458,147.5415,0.79082274,0.0,0.0,0.42449394,269.76645,180.84108,0.98635525,333.9749,183.81425,0.9733017,235.42561,223.96405,0.96513325,346.66248,237.94196,0.9022234,233.07999,249.36922,0.916901,344.1773,275.33435,0.8281207,281.19998,275.06,0.99579656,320.18216,275.58014,0.9939778,284.79095,343.2832,0.99307126,307.23557,342.79553,0.9903888,291.48022,408.75705,0.97169197,298.28033,408.2932,0.9664628
445.89774,149.63438,0.96192825,448.75436,144.80429,0.8467064,440.09674,143.91318,0.96003443,0.0,0.0,0.33770555,426.01328,146.20714,0.89202493,452.29056,183.80138,0.987468,410.33112,180.74635,0.99665135,458.13657,226.82219,0.9082371,397.26065,225.5686,0.9850788,465.6503,267.23306,0.8817124,399.72385,271.95996,0.9662524,444.3513,267.91907,0.9955537,418.57755,267.76575,0.9977519,446.6104,328.65326,0.98681915,434.9132,329.04218,0.9927428,431.10574,385.53918,0.95315343,427.56015,386.63556,0.96965605
0.0,0.0,0.28327754,0.0,0.0,0.25645176,0.0,0.0,0.1261913,654.2744,180.10043,0.84373075,665.73505,179.52737,0.58335185,648.3819,201.31322,0.98550737,677.79767,199.71568,0.98135585,641.2762,230.45752,0.89139223,688.8292,226.77061,0.800008,641.9443,253.89482,0.680591,688.5187,248.82144,0.5446025,655.9983,254.16301,0.99076664,674.5698,253.71161,0.9891143,655.2751,297.6848,0.98362666,669.5246,297.67227,0.97722775,659.2027,341.93246,0.964518,667.9299,340.75742,0.95421153
0.0,0.0,0.35887548,0.0,0.0,0.15042973,0.0,0.0,0.33476707,0.0,0.0,0.43816608,83.2024,212.06084,0.83092564,66.56242,227.32867,0.9755086,86.676735,226.81604,0.98761636,60.38408,245.61139,0.7703903,92.141045,244.60709,0.9093981,61.35354,258.68326,0.5614457,91.30724,258.2609,0.73642033,68.33423,262.17117,0.9836818,81.83482,261.81244,0.9884493,67.38865,287.51385,0.96076334,78.69842,287.07227,0.97026116,68.19622,310.82507,0.9275356,78.30736,311.27548,0.9395338
538.2057,165.40047,0.9371819,540.0517,160.8818,0.8221085,532.7381,161.55464,0.8868878,541.751,163.85147,0.5001017,524.0607,166.45038,0.70742196,549.1459,192.69406,0.9727922,516.7672,191.9632,0.9807109,556.7435,221.184,0.9020829,506.14142,219.37909,0.9378582,549.13965,204.81435,0.86269784,519.6127,210.49866,0.90584487,537.8121,259.4462,0.9864259,516.6902,258.86276,0.9883759,538.81854,318.4905,0.98076427,525.7449,319.07193,0.98444116,523.0025,372.4734,0.95343477,506.06982,372.66153,0.959227
0.0,0.0,0.055356313,0.0,0.0,0.066946946,0.0,0.0,0.015629146,825.0463,191.73523,0.6040406,0.0,0.0,0.12773518,819.22107,211.18524,0.89855003,851.8974,211.78848,0.70990664,804.7125,235.29796,0.8081501,0.0,0.0,0.30678296,805.29785,242.20415,0.55825216,0.0,0.0,0.1938238,824.63544,269.54086,0.9431626,846.28784,269.28125,0.89367515,823.93414,311.42438,0.9253126,840.8622,311.6135,0.84924674,827.6199,351.0257,0.8686089,840.5441,350.5339,0.789419
0.0,0.0,0.1421996,0.0,0.0,0.08867146,0.0,0.0,0.084153675,0.0,0.0,0.49382085,0.0,0.0,0.47251585,163.30397,220.74225,0.9606458,183.34563,220.53326,0.9690021,158.0298,239.83847,0.82219803,189.59778,239.99995,0.8512008,154.76953,253.00636,0.6294863,190.4315,254.82327,0.6589733,167.4979,255.23534,0.9864769,180.35887,255.25742,0.9878179,167.59062,282.09875,0.9726396,179.34451,282.20905,0.9727069,168.88316,307.14996,0.9512014,177.35301,306.87952,0.95092905
0.0,0.0,0.20888983,0.0,0.0,0.08379687,0.0,0.0,0.17958328,0.0,0.0,0.29284033,131.69016,210.62555,0.6868363,114.18211,224.28166,0.94268143,135.72807,224.71333,0.9705404,107.93536,240.74234,0.6788788,141.14182,242.365,0.8769428,0.0,0.0,0.49699166,141.78587,254.80704,0.7131995,116.87151,257.56393,0.9810234,130.88054,257.65747,0.9873675,118.09607,282.99164,0.97077066,128.90596,282.87558,0.98027,118.42039,306.87225,0.95743215,126.50018,307.43652,0.9680695
374.60672,209.30817,0.9204192,377.95923,206.71912,0.838664,372.09842,206.21571,0.8828411,381.71848,209.6361,0.5824309,367.33835,208.08803,0.7387598,384.58588,226.70967,0.9822066,359.56,225.87437,0.989565,389.5558,246.60202,0.87762,355.9501,246.43451,0.93373114,388.82617,260.1686,0.827757,363.61325,259.8043,0.88318205,379.4557,266.2735,0.98219407,363.57114,266.30743,0.986699,379.52664,297.20377,0.95883787,367.96344,297.14,0.9669417,376.03958,326.28632,0.9145324,369.1058,326.03616,0.92688525
0.0,0.0,0.44952676,0.0,0.0,0.44457796,0.0,0.0,0.229622,0.0,0.0,0.481188,0.0,0.0,0.12223502,568.14264,204.05067,0.8789403,550.4128,205.22906,0.71295637,573.94965,220.96486,0.7787007,0.0,0.0,0.3559019,564.5803,214.49936,0.7012079,0.0,0.0,0.3631687,566.45703,250.16553,0.9437942,555.0741,250.98001,0.90346193,567.3753,289.7676,0.9534223,560.6391,290.817,0.9132397,568.0778,328.8972,0.93108135,562.0849,329.30026,0.89081436
796.90533,201.69775,0.5304986,0.0,0.0,0.32577953,0.0,0.0,0.49838778,0.0,0.0,0.21433581,792.2866,200.2816,0.504787,800.8841,216.40273,0.80787385,782.7753,217.37923,0.9113658,0.0,0.0,0.4197207,770.0494,239.26593,0.7480993,0.0,0.0,0.36761042,767.2347,258.68546,0.62464714,795.7144,261.23782,0.8968234,783.8746,261.98413,0.93327004,795.3317,294.8709,0.8661531,784.25824,295.54303,0.9092805,796.772,325.63477,0.8199673,786.91724,326.54654,0.86364746
797.0712,199.84695,0.7119072,799.66925,196.85619,0.6476292,795.4745,196.90225,0.59041214,803.3274,198.21431,0.58352554,0.0,0.0,0.4790717,803.4585,216.00874,0.92146444,792.1838,215.28651,0.9198172,796.41943,236.7264,0.56180114,784.9517,235.21584,0.51994073,0.0,0.0,0.40846747,0.0,0.0,0.37592986,801.6674,261.9161,0.9062704,793.99475,261.55484,0.9060192,800.6927,299.0442,0.8331353,791.77637,298.67218,0.82017195,801.46326,333.4626,0.80212545,791.74554,332.54587,0.79135394
