465.45645,169.10725,0.9221237,466.28873,164.96889,0.5041806,461.3794,164.5444,0.9513138,0.0,0.0,0.08740624,448.00598,166.12602,0.9585426,455.20456,191.54556,0.96352404,435.54178,190.46074,0.99623054,463.27292,219.94308,0.6037637,431.10083,220.45459,0.986685,470.9119,214.7699,0.61360174,462.78674,213.81847,0.9651778,450.99393,257.02182,0.9887108,438.42935,257.8157,0.9967962,451.2837,307.64642,0.9778677,448.5663,308.66666,0.99401194,434.04095,356.23544,0.94663215,437.11615,359.00256,0.97958106
0.0,0.0,0.22314662,0.0,0.0,0.29948393,0.0,0.0,0.036555544,569.57385,160.17363,0.92340225,0.0,0.0,0.20805438,566.36786,185.88802,0.9887167,597.86597,184.75676,0.9445735,548.41016,216.87856,0.9540775,0.0,0.0,0.4749483,543.7289,210.3381,0.812081,0.0,0.0,0.28830206,570.2221,253.43643,0.99086785,593.03876,252.3967,0.9779089,559.28156,301.60464,0.9812229,593.5771,301.77356,0.94428724,548.1115,346.0063,0.94177043,587.46277,344.23584,0.8778985
735.698,131.94263,0.87051696,0.0,0.0,0.46050495,730.7968,126.87529,0.880099,0.0,0.0,0.18446527,717.8377,133.99327,0.8558396,727.52496,167.92319,0.9122372,703.70905,166.95702,0.9871156,720.34717,219.54826,0.7219697,694.65686,210.53354,0.976707,735.2814,248.41835,0.6716908,726.207,241.83769,0.94485426,728.3723,262.39764,0.9824867,704.91583,263.99493,0.99343735,756.4998,332.3224,0.96529585,695.0299,334.42828,0.9870301,774.3252,412.42792,0.899785,668.3957,414.04572,0.9438389
249.58624,207.00883,0.7066254,0.0,0.0,0.4259749,247.56688,204.3144,0.698191,0.0,0.0,0.20002155,242.44159,206.39748,0.66875255,252.05838,223.80824,0.9093836,233.67102,223.69572,0.9758588,250.8505,243.9459,0.59554464,219.71034,243.35274,0.9257003,246.16829,256.74268,0.5629049,211.9801,259.85715,0.8619768,245.12973,266.08038,0.970006,234.6394,266.28934,0.98533636,245.72821,299.55182,0.9583857,241.12584,299.7923,0.9784791,238.47499,331.4907,0.9353013,238.02551,332.18594,0.9601178
328.88696,210.27603,0.5191481,0.0,0.0,0.17924714,326.95673,207.70345,0.57767403,0.0,0.0,0.11283755,321.01816,208.98701,0.78302765,320.31863,223.7776,0.8783793,315.37558,224.52591,0.9733385,0.0,0.0,0.41200006,313.11795,245.0701,0.914832,0.0,0.0,0.36934015,319.82724,260.73578,0.81611866,322.1083,262.8516,0.9645424,320.20718,263.78168,0.98498315,321.42252,292.41803,0.9556814,325.14148,292.9832,0.98140436,315.70474,320.33127,0.9437843,322.99017,321.66833,0.97049475
0.0,0.0,0.11648777,0.0,0.0,0.034305207,0.0,0.0,0.13882005,0.0,0.0,0.13648903,357.43854,204.04613,0.68672454,340.13187,217.72502,0.84744763,360.40695,216.79239,0.95000494,0.0,0.0,0.47505653,372.3226,231.11412,0.8907672,0.0,0.0,0.34586224,376.38498,235.16304,0.72887784,346.06448,253.8948,0.9619993,359.57715,253.9472,0.98021287,348.34668,284.6147,0.94090897,361.9236,284.2741,0.9693514,345.57703,311.3178,0.91674685,357.71933,311.4608,0.9478818
675.10455,124.01175,0.9422422,676.69763,116.847374,0.67648846,666.61163,118.33672,0.9561573,0.0,0.0,0.20510517,648.1113,126.69207,0.9269303,667.9113,168.3634,0.90044945,633.11255,170.76756,0.99021965,661.1675,220.54713,0.54931056,632.481,225.8544,0.97077054,666.35266,209.22784,0.5122233,676.6673,221.71072,0.92964214,662.04285,287.2028,0.9637668,635.541,289.36234,0.9885195,663.6129,374.5072,0.93666565,634.3541,376.48666,0.97965574,661.0054,459.74188,0.8331793,616.5368,458.49335,0.9137504
675.06946,124.42594,0.93373346,676.40204,117.86604,0.5222477,667.44446,118.34908,0.9670612,0.0,0.0,0.04800684,646.191,126.14922,0.96505463,662.93506,167.82011,0.91435266,631.286,171.97067,0.98829263,0.0,0.0,0.34461713,629.6066,230.93816,0.9507969,0.0,0.0,0.34429294,671.23334,216.40189,0.8787334,667.2101,275.92365,0.8289602,646.0864,280.13303,0.93633276,0.0,0.0,0.18664077,0.0,0.0,0.4405019,0.0,0.0,0.042762876,0.0,0.0,0.1062943
0.0,0.0,0.43391073,0.0,0.0,0.35247064,0.0,0.0,0.34211308,0.0,0.0,0.49020377,0.0,0.0,0.45398962,90.48571,224.30704,0.9694605,91.294395,224.30453,0.96625173,89.559715,236.67162,0.8137567,91.33799,236.61777,0.79846925,89.35317,245.80507,0.6798966,89.68401,245.93465,0.66294616,90.392,250.57759,0.9829313,90.99658,250.53908,0.982287,90.55741,271.51517,0.96448886,91.10244,271.39505,0.9633721,90.593864,291.27524,0.9454239,90.97206,291.30112,0.9444581
123.10795,207.5517,0.75329083,124.64634,205.47289,0.6806043,121.62568,205.64738,0.582069,127.654564,206.63715,0.59774894,0.0,0.0,0.4037943,132.39233,217.91306,0.9700019,117.18241,218.62247,0.95410883,138.09851,230.7254,0.8762811,116.15025,231.81941,0.7439541,135.0246,240.35872,0.81011486,120.13636,237.76237,0.67688066,129.01053,245.274,0.9777765,119.46266,245.55334,0.9713499,128.76105,266.60583,0.9676558,119.60761,266.92624,0.95531416,128.71307,286.17853,0.9497936,120.04473,286.30334,0.9364935
