775.6585,175.89783,0.9586384,779.9283,171.66353,0.8604648,770.76715,171.67671,0.9246875,783.59796,174.93637,0.55196965,761.17633,174.51407,0.7970111,786.97064,204.4798,0.97841144,749.19244,203.23726,0.9913254,807.4496,232.8667,0.91059035,734.3622,240.107,0.9666577,827.36115,247.89261,0.8812125,731.5955,275.68097,0.94333434,776.0972,271.36993,0.98322487,754.4519,271.3795,0.98849237,770.4982,323.67914,0.9648771,764.7899,323.35684,0.97678715,772.9909,369.9685,0.9047632,775.6593,370.91492,0.9268667
166.53125,161.82321,0.9567142,171.1841,157.20578,0.9430692,161.9466,157.8124,0.8340329,181.53786,159.70934,0.8660884,0.0,0.0,0.45438552,194.93019,188.08519,0.9949757,156.64087,188.45549,0.97022295,203.12366,221.39037,0.9829851,146.91971,218.92192,0.8527823,175.19403,200.08333,0.9567761,149.00749,206.87944,0.80969596,191.5928,259.75452,0.9963289,164.0227,259.56027,0.99136275,199.58798,322.0316,0.99345064,164.22855,323.46286,0.98588645,211.04166,376.4163,0.9776019,163.4107,377.8959,0.9647517
0.0,0.0,0.13779299,0.0,0.0,0.07816996,0.0,0.0,0.08040602,406.53082,196.767,0.58303845,423.00168,197.1365,0.6077088,397.36746,215.03581,0.97634363,429.49063,215.12282,0.98446214,389.63367,242.6336,0.85974115,436.9515,238.9667,0.90411764,390.96292,265.18283,0.65022135,433.04633,256.7838,0.7045544,400.9712,264.91763,0.99147695,421.88745,265.34204,0.9929467,401.67126,303.95105,0.97690773,419.71835,304.64453,0.9780976,404.6788,341.10318,0.94565046,418.86615,341.98825,0.9472191
0.0,0.0,0.23406859,0.0,0.0,0.23244628,0.0,0.0,0.09074731,662.46375,203.79997,0.8382463,0.0,0.0,0.4914086,657.0537,222.54897,0.987604,684.73627,221.28316,0.97764057,651.8548,245.72736,0.93189424,689.7957,245.55577,0.7937425,653.04974,262.2239,0.7699371,685.87494,263.0181,0.5628566,662.5166,265.9182,0.9930305,681.0269,265.48923,0.9904142,664.3005,301.59277,0.98708737,679.81494,301.63052,0.97940105,667.2411,336.9418,0.9732118,681.417,336.0202,0.9619569
252.49924,197.02083,0.92642176,256.13162,193.61505,0.8556874,248.93411,192.6852,0.8811401,259.96927,195.38428,0.5875812,240.63632,192.59175,0.68667346,265.65076,214.81656,0.98697215,229.33006,212.31679,0.9913448,272.86606,240.29053,0.9255071,224.4548,237.9595,0.9449526,258.55063,235.73656,0.8910813,232.32788,236.74835,0.90604013,258.50198,270.91043,0.99334395,235.04324,270.11694,0.99453425,255.31757,317.2312,0.9863153,236.0392,316.43204,0.9871213,253.83806,361.9415,0.9625796,241.37323,360.8389,0.96392393
115.37372,184.52216,0.9540609,119.83045,180.47885,0.9337768,112.844185,180.79109,0.8930029,130.1403,183.13298,0.7648238,112.195984,184.26372,0.5592929,142.431,208.11969,0.98053116,112.26467,209.45854,0.98794436,150.57858,235.77248,0.88624793,104.06647,237.4679,0.91850066,143.17697,252.59898,0.8491225,94.55365,259.58057,0.8749903,142.95691,266.74976,0.97975826,123.830925,266.6574,0.9845509,138.16563,309.76883,0.9558594,121.776566,308.90067,0.95999354,143.34253,350.83826,0.9079601,128.69547,348.53314,0.9140038
0.0,0.0,0.119666934,0.0,0.0,0.08606163,0.0,0.0,0.063815266,536.8856,209.63576,0.61470604,549.8417,209.1288,0.5109423,531.0086,226.35619,0.9653513,559.2056,225.20871,0.9619658,524.3125,247.85995,0.8390772,566.952,245.7588,0.8044397,524.9503,264.2416,0.6133762,565.15704,261.5228,0.5724072,536.1824,266.55783,0.98837656,554.94574,266.1744,0.9876177,537.49115,297.8525,0.9808005,555.7554,297.72452,0.9776228,537.48236,328.1222,0.96877843,554.205,327.31744,0.9647879
0.0,0.0,0.2121471,0.0,0.0,0.08509353,0.0,0.0,0.18655959,0.0,0.0,0.4500927,502.57104,218.57751,0.78750664,480.71185,233.85727,0.971254,506.9548,234.08759,0.98614943,469.97928,254.65776,0.81047505,514.74744,254.25801,0.93101734,470.3853,272.7596,0.61749077,519.80054,272.59875,0.78325343,484.9844,271.9673,0.98988086,501.89075,272.40335,0.9928716,487.99008,300.95865,0.9783891,504.74747,301.16837,0.9834116,489.8584,328.28372,0.9618441,505.10294,328.9579,0.9681314
0.0,0.0,0.13545844,0.0,0.0,0.09112998,0.0,0.0,0.108882606,0.0,0.0,0.35042068,0.0,0.0,0.3973194,692.5551,226.29779,0.9002448,708.8873,226.17926,0.9001793,690.73535,239.99968,0.5783068,714.45184,239.33475,0.61369103,0.0,0.0,0.3761767,0.0,0.0,0.40119818,695.1352,252.13936,0.93446404,705.4731,252.0216,0.93612254,696.45294,272.73013,0.87866735,704.13727,272.40714,0.8839895,697.17615,291.1442,0.8492963,702.6386,291.11603,0.85481066
0.0,0.0,0.07918809,0.0,0.0,0.051239666,0.0,0.0,0.061478958,0.0,0.0,0.3306169,0.0,0.0,0.40482348,441.8396,226.82892,0.8838155,462.47913,226.99054,0.8993253,436.96027,242.00813,0.5235958,467.11853,241.86137,0.584403,0.0,0.0,0.31632814,0.0,0.0,0.349751,444.69656,256.66373,0.947376,458.3957,256.9238,0.95211715,445.78082,280.97592,0.90846485,458.89108,280.8357,0.9155512,446.26453,303.38095,0.877361,457.71555,303.76816,0.8856109
