633.0349,183.32541,0.9389031,637.5005,179.38766,0.94994026,630.4442,179.38791,0.7926724,646.8566,182.1203,0.8986893,0.0,0.0,0.29511267,656.9111,206.37764,0.99238175,623.1672,206.18672,0.9779664,662.6675,234.60905,0.9743965,613.17834,232.01723,0.79239374,649.53516,250.69162,0.952878,614.9841,247.37836,0.7630285,646.94604,264.19528,0.9936499,624.69305,263.26288,0.98823404,647.5665,305.46408,0.98980916,621.72107,304.41376,0.97647846,644.04297,347.6421,0.97650814,620.0954,345.63885,0.9563292
473.8701,188.50523,0.83054906,477.13248,184.97185,0.7718935,471.4662,185.2236,0.68609244,483.9819,186.33298,0.5874265,0.0,0.0,0.37926194,495.53723,206.02687,0.97500163,461.78363,208.23131,0.9745147,507.5658,229.092,0.91129154,454.18,235.32034,0.8768538,502.11517,244.84685,0.86513585,450.19208,256.97482,0.8172612,489.59802,262.41812,0.9888071,467.34924,262.8401,0.98831636,492.1073,301.87,0.97457695,462.3765,301.81674,0.970006,497.3914,337.61658,0.94318795,464.94617,337.0655,0.93654895
550.01666,185.8251,0.7239782,553.226,182.45392,0.7442806,0.0,0.0,0.4356264,560.95,184.40056,0.6949496,0.0,0.0,0.15873252,571.4333,206.35143,0.97077954,540.9038,205.33586,0.9298462,577.3756,233.95935,0.9399868,527.56415,228.99353,0.7066057,576.2616,258.28653,0.8997507,517.4365,247.51814,0.6749881,560.61285,262.69376,0.9899629,542.6512,261.77612,0.9830246,555.9234,302.9773,0.9871482,545.09375,302.38318,0.9739852,553.72144,343.39792,0.9725222,548.68274,341.92798,0.953528
387.97467,186.72144,0.59941405,0.0,0.0,0.4530255,0.0,0.0,0.46700764,0.0,0.0,0.28554887,0.0,0.0,0.3025396,402.47717,205.97356,0.8851367,374.51877,207.57251,0.9025519,412.5643,236.11432,0.73865104,368.4241,239.65622,0.76664907,408.55353,264.21783,0.6871667,365.46658,269.20773,0.7038294,398.31067,271.72388,0.97200996,380.62662,272.65634,0.97450644,399.9139,318.527,0.9724319,381.38562,319.48428,0.97246844,404.013,362.96765,0.95669305,382.5795,364.03006,0.95633924
0.0,0.0,0.47824976,0.0,0.0,0.26207745,0.0,0.0,0.40584144,0.0,0.0,0.17258985,0.0,0.0,0.42014483,316.36038,228.68687,0.85112756,303.81122,227.85767,0.92457193,315.80637,254.01584,0.66763246,295.8309,253.47337,0.8632034,315.17987,269.17303,0.62739676,298.37747,270.84534,0.7958719,313.7984,281.43942,0.9636396,306.06256,281.51804,0.97551936,315.96082,322.5071,0.95736736,307.08304,322.38626,0.9698093,317.71692,362.02457,0.9312499,307.29822,361.95773,0.9467089
720.2897,205.39954,0.8049471,722.596,202.24864,0.7078473,717.4915,202.33557,0.6758931,0.0,0.0,0.49953386,0.0,0.0,0.41929215,732.23334,217.70863,0.9502452,707.9072,218.50177,0.95431495,731.77905,235.5667,0.85741526,704.3309,236.85623,0.8463753,718.56274,228.62479,0.8121198,710.16266,229.24925,0.798265,731.0006,265.2836,0.9726504,714.1692,265.8225,0.9742657,733.5294,309.2651,0.96384,713.26587,309.65305,0.96203464,739.2436,351.13443,0.92866963,714.2824,351.21942,0.9254653
0.0,0.0,0.16169304,0.0,0.0,0.09949265,0.0,0.0,0.14269127,0.0,0.0,0.41230157,194.76712,282.83,0.5860355,179.33305,297.3809,0.958553,200.18784,296.25824,0.96400607,175.35977,315.65854,0.73696417,208.3044,313.1523,0.8108654,177.85635,322.09753,0.5094855,209.86646,319.69955,0.5941895,185.3445,329.79153,0.9609237,198.71341,329.45883,0.96419084,185.9349,339.95636,0.8671257,201.50021,339.47037,0.88182926,184.89229,356.5808,0.7553393,202.05168,356.20444,0.77520114
719.7777,206.87654,0.9053491,722.18677,204.58337,0.82576144,717.531,204.42096,0.8502337,725.9324,205.35938,0.61182284,713.2017,204.76457,0.6894544,730.5388,217.36226,0.9819718,707.20044,216.76117,0.98853403,731.6318,233.17406,0.8799406,703.73444,231.97083,0.9231077,717.0551,228.64517,0.82557935,715.3708,228.0395,0.8671989,727.2482,256.82574,0.9783252,711.19507,256.5938,0.98294675,729.91504,290.82605,0.9276074,710.3607,290.32858,0.93806344,730.3048,321.85562,0.8352872,711.9243,320.96375,0.8523834
0.0,0.0,0.14426042,0.0,0.0,0.055316765,0.0,0.0,0.137428,0.0,0.0,0.08879725,0.0,0.0,0.36924842,134.86415,273.51486,0.71484584,139.8367,275.20294,0.8630896,0.0,0.0,0.4840581,133.10461,294.4188,0.820222,0.0,0.0,0.4401359,131.0462,307.25427,0.718435,129.70634,312.1058,0.9278067,133.09741,312.79425,0.9553847,129.8988,335.44836,0.91486347,131.62727,336.03732,0.9468859,121.350075,362.11932,0.9016908,121.94971,363.80878,0.9312944
0.0,0.0,0.04844252,0.0,0.0,0.030746149,0.0,0.0,0.034117162,0.0,0.0,0.05827478,0.0,0.0,0.07965429,0.0,0.0,0.23960026,0.0,0.0,0.32121724,0.0,0.0,0.26548505,0.0,0.0,0.4068794,0.0,0.0,0.2722525,0.0,0.0,0.37724078,845.5676,276.06082,0.50465465,846.85596,276.2072,0.5691478,0.0,0.0,0.46478394,844.5206,315.68155,0.52492434,0.0,0.0,0.37000665,0.0,0.0,0.41924912
