568.73676,123.67732,0.96793115,572.7644,118.10125,0.7940315,561.212,117.95106,0.95567596,0.0,0.0,0.35676393,545.5923,123.37119,0.91216266,580.8764,167.15417,0.97565174,534.098,170.15627,0.9978404,591.22516,225.93515,0.86665386,527.08575,235.12878,0.9932421,601.1347,279.89426,0.8571549,530.7155,289.29694,0.98495644,583.0126,274.07416,0.99382895,554.46106,276.60077,0.9980489,577.5607,349.3682,0.9886348,568.75146,354.8549,0.9966086,553.5877,421.6727,0.95806056,562.89594,432.48468,0.98097837
0.0,0.0,0.055493712,0.0,0.0,0.026544787,0.0,0.0,0.03771256,264.0973,171.51141,0.6178076,286.80255,172.26752,0.75573987,250.18387,196.26917,0.9872393,296.16226,198.75667,0.9933242,230.88695,229.16866,0.93859863,309.0017,236.33601,0.96996415,231.58156,255.86488,0.77483577,315.46173,266.58987,0.8463209,258.26364,267.23785,0.9975351,286.7527,268.3884,0.9982204,262.78406,318.58215,0.99162924,283.35062,319.49817,0.99289036,265.4587,367.64603,0.96860594,277.22745,369.21677,0.97202605
0.0,0.0,0.1336082,0.0,0.0,0.08181244,0.0,0.0,0.109160274,0.0,0.0,0.46255517,169.13007,211.46935,0.5593045,153.61905,223.1706,0.9694117,172.70837,224.08127,0.9732536,145.87788,240.19669,0.7792174,176.63441,241.51134,0.833494,144.81372,254.33374,0.53888583,175.56985,255.94038,0.60172665,154.71953,255.40733,0.98382324,166.91959,255.68886,0.9850509,156.09781,281.20703,0.94783396,165.17036,281.4837,0.952504,156.61797,304.03006,0.8954393,162.70795,304.41693,0.9026522
377.11862,182.94228,0.9233211,378.525,179.58487,0.7133997,372.8904,179.26912,0.9311891,0.0,0.0,0.24608637,361.67538,181.27339,0.8843173,380.58475,204.17625,0.97131133,351.4831,202.27196,0.9939568,387.5809,229.90927,0.8011893,352.6113,228.7571,0.9798757,384.1436,225.96431,0.7765208,376.89932,224.23358,0.95521516,377.25296,260.31464,0.9900231,356.31442,260.1139,0.99572587,381.05902,305.64166,0.9809518,351.6708,305.38705,0.9915999,381.0093,346.4497,0.9577599,344.94333,346.91324,0.97712505
0.0,0.0,0.26916048,0.0,0.0,0.13725439,0.0,0.0,0.2236166,758.7024,203.23703,0.60664517,770.2853,205.24052,0.8120816,746.4542,220.19096,0.9828358,777.3882,223.38196,0.99147934,731.2431,240.38089,0.8242082,787.507,244.91377,0.92742884,732.08826,248.80249,0.59654284,785.3599,251.63687,0.7482014,748.99554,267.01117,0.99068844,767.79,268.43283,0.9934936,749.9984,301.82993,0.9761227,761.73267,303.2397,0.98138016,753.26306,334.2262,0.9496331,755.94293,336.40176,0.9572791
432.8468,208.29135,0.892306,435.80066,205.55554,0.8311492,430.1709,205.62677,0.81375563,440.71976,207.8956,0.6291632,425.9131,207.84161,0.5828006,448.3294,224.61702,0.98133767,418.0843,225.00436,0.981987,455.50272,243.43852,0.88467515,409.5741,244.87471,0.8656031,455.985,250.41257,0.81700724,413.53696,250.11394,0.7872575,442.127,267.6059,0.9830172,423.43158,267.58765,0.98275787,439.48828,299.23477,0.9600152,423.56064,298.96915,0.95604634,435.34595,334.10992,0.91550225,426.30923,333.4418,0.9106727
0.0,0.0,0.12727427,0.0,0.0,0.08054189,0.0,0.0,0.07757822,118.54627,216.01782,0.59988075,129.29816,215.89105,0.5309839,113.78305,227.82106,0.98662776,134.64383,227.8347,0.9858131,108.36474,244.04778,0.88147086,141.38669,243.92848,0.8759901,108.24983,258.57993,0.6773533,141.7301,258.4332,0.6628202,116.87028,257.63297,0.9939622,130.42227,257.66446,0.99385923,117.623764,281.14313,0.9808654,128.63754,280.91098,0.9805548,117.85725,301.9566,0.95694363,127.00937,301.78748,0.9566898
688.00024,148.14798,0.9652816,692.6968,143.5855,0.90201783,682.19135,143.08871,0.92605835,699.08,147.00027,0.6506603,673.89703,146.43439,0.74800146,705.0378,180.13634,0.98669344,664.0635,176.40295,0.98748815,711.1185,214.54805,0.93530214,645.9974,208.25018,0.9457967,701.0004,196.56827,0.89184743,655.90753,194.6052,0.9127383,691.1086,262.6116,0.99217165,665.4384,261.18143,0.9925338,690.6489,335.77213,0.9872384,681.8155,336.1628,0.98878026,671.2885,402.01962,0.95589024,670.46936,404.2924,0.95988524
0.0,0.0,0.15386426,0.0,0.0,0.052173153,0.0,0.0,0.17150928,0.0,0.0,0.29686594,477.8356,193.66316,0.8256014,456.5978,209.04227,0.94638956,485.02737,208.69792,0.9874362,454.75757,228.69304,0.55905867,491.43427,229.72006,0.93730855,0.0,0.0,0.32512578,495.75974,244.9314,0.7542091,462.18323,248.4321,0.98317343,480.83545,248.57654,0.992305,464.3063,282.0864,0.9648028,478.75897,281.9837,0.98310435,465.65466,315.8179,0.9432255,474.34915,315.6942,0.96616846
0.0,0.0,0.17748818,0.0,0.0,0.10358081,0.0,0.0,0.14216936,0.0,0.0,0.47466177,82.35007,216.41339,0.59389734,67.275185,228.23274,0.9745531,85.06267,229.25166,0.97866184,62.211967,244.10083,0.78316975,89.28674,245.19917,0.8468875,63.810986,257.56906,0.57254875,90.36232,258.44165,0.6439509,68.81378,258.43082,0.9891995,80.544304,258.98395,0.990217,69.51079,281.99402,0.97721577,81.31974,282.14127,0.9798788,68.80452,303.6006,0.9607453,80.291626,304.17865,0.96456236
0.0,0.0,0.46712112,0.0,0.0,0.19009243,660.40027,175.49109,0.52877426,0.0,0.0,0.06802775,651.4212,178.48854,0.56636405,666.1447,198.69414,0.6872037,637.7757,196.39583,0.91335315,0.0,0.0,0.29084694,626.23065,214.26904,0.8446753,0.0,0.0,0.32319546,646.2762,202.7815,0.76301277,657.9107,248.77298,0.8980959,639.2332,248.15259,0.9541986,656.18524,293.8761,0.84924746,640.5129,293.11316,0.93157744,649.3995,334.65274,0.784552,640.14276,334.34937,0.8779378
0.0,0.0,0.13016891,0.0,0.0,0.05210695,0.0,0.0,0.13869964,0.0,0.0,0.20047477,834.0408,205.25433,0.62271947,820.28125,219.95233,0.7809653,836.32184,221.54144,0.89828545,0.0,0.0,0.2529628,842.9646,239.58098,0.63449764,0.0,0.0,0.15485615,0.0,0.0,0.37947708,820.84656,258.50043,0.8993208,831.9729,259.5376,0.9361568,817.78186,290.97876,0.8955671,831.8438,291.93936,0.9328223,817.39746,323.45016,0.89118695,831.6041,325.00632,0.9201934
