160.79713,161.88193,0.94193095,165.19647,157.3497,0.9173892,157.25047,157.5715,0.7854509,175.38356,159.5495,0.843405,0.0,0.0,0.45067528,187.2906,187.51567,0.99419373,155.52255,187.76578,0.9735867,191.49968,221.34416,0.9819357,148.99492,222.98679,0.88462996,165.09203,199.14207,0.9540945,147.70654,215.55014,0.8397272,186.6615,261.417,0.99611425,163.10272,261.3232,0.99207205,193.6363,321.77203,0.99217695,161.06317,323.70914,0.98538744,204.90886,374.15088,0.97171503,159.43211,377.82043,0.959568
780.25757,173.6119,0.9719936,783.5113,169.70949,0.8623117,775.03107,169.69096,0.955965,786.7534,172.45137,0.5263056,764.18,172.36282,0.89187044,794.1492,201.2374,0.98819643,752.64606,201.52382,0.9967248,814.3201,231.69336,0.9272367,738.3005,238.68594,0.98687774,829.6676,248.32962,0.8896909,736.34344,276.41354,0.9690326,786.41534,269.05316,0.9929842,762.2617,269.50635,0.9962638,781.9319,319.82425,0.9800662,770.1463,319.79538,0.9898121,772.2861,363.7574,0.9316808,771.1356,365.32202,0.9554156
0.0,0.0,0.09273236,0.0,0.0,0.05293899,0.0,0.0,0.057449564,0.0,0.0,0.48541352,424.93008,196.19011,0.5652396,400.6981,214.62892,0.96110743,430.906,214.8264,0.9665314,392.44186,242.013,0.8229946,436.9094,238.99379,0.8421035,393.12158,262.14835,0.59136796,432.19678,252.09045,0.6090822,403.6578,263.687,0.99018353,423.71384,264.1397,0.99087137,404.5931,302.54337,0.9838885,422.17664,303.3203,0.9834979,405.99426,340.5676,0.96721286,421.6844,341.83435,0.9663485
0.0,0.0,0.16607417,0.0,0.0,0.09605511,0.0,0.0,0.109501675,487.587,216.33705,0.59682137,499.80017,216.20238,0.65639293,479.88788,232.39664,0.9750386,507.40457,232.13402,0.9823775,469.97528,253.39038,0.8700908,515.41473,252.52019,0.9105526,469.06012,273.12296,0.6898565,518.9803,272.7022,0.745188,485.25354,270.99075,0.99130553,502.88345,271.1329,0.9925068,487.9171,299.86636,0.98138463,504.1919,299.96805,0.9820508,490.55402,327.96692,0.96555835,504.20987,327.79282,0.966113
0.0,0.0,0.2251368,0.0,0.0,0.2172528,0.0,0.0,0.08806116,662.354,203.82039,0.80774903,0.0,0.0,0.46539024,657.01874,222.14555,0.9842716,684.1802,220.52077,0.9725104,651.6337,244.68016,0.91774815,689.86646,243.30542,0.77270645,654.33154,255.79883,0.74348336,684.5518,255.10974,0.5432557,662.7281,265.74823,0.9913867,680.9464,265.1936,0.98837715,664.5186,301.40353,0.98495317,679.6604,301.33173,0.97669333,667.718,336.27805,0.9694317,681.3047,335.17105,0.9575457
252.7842,193.94092,0.8543658,256.27795,190.62944,0.73289734,249.73428,189.7857,0.77638435,0.0,0.0,0.4822766,242.09718,190.73183,0.5845871,266.86053,213.39691,0.98350996,228.84282,211.63724,0.9893231,273.83163,239.61353,0.9353297,222.98341,238.85986,0.95475924,257.2945,234.44746,0.90632296,232.35776,238.98656,0.92198354,258.35498,272.67715,0.99502087,233.5689,272.09973,0.99597245,256.003,319.82883,0.988932,234.20177,319.20624,0.98976237,254.37526,364.9705,0.96666884,239.99968,364.16086,0.9683293
112.83468,185.48395,0.95651394,116.775764,181.45747,0.9085408,109.65781,181.93349,0.9298339,124.99368,184.01102,0.6269069,107.114525,185.67911,0.73862964,135.38008,208.68198,0.9813323,104.76584,211.23915,0.9942993,141.59448,237.07552,0.876049,96.207726,241.21834,0.97302634,132.76202,253.57549,0.8459232,89.36047,264.6592,0.94738126,134.05124,267.61435,0.9896812,114.44247,268.43414,0.9946243,132.94623,311.39838,0.9800362,114.37568,311.48865,0.9880602,133.63684,352.91745,0.9578816,115.48972,352.2687,0.9709319
0.0,0.0,0.12729016,0.0,0.0,0.09816745,0.0,0.0,0.063386396,537.86444,210.10521,0.66165847,0.0,0.0,0.49727646,532.1514,226.40465,0.970426,560.93243,224.97354,0.9655997,524.832,247.61137,0.8615839,568.95276,244.88765,0.81135654,525.3272,263.42413,0.64764684,567.38416,259.94247,0.583759,537.6963,266.0289,0.9901946,556.56866,265.51804,0.98917645,539.42303,297.43298,0.9840673,556.5917,297.22473,0.98053384,539.3735,328.2689,0.9736646,554.00995,327.18427,0.96922976
0.0,0.0,0.12104807,0.0,0.0,0.07043124,0.0,0.0,0.10626814,0.0,0.0,0.33082038,704.74066,215.59885,0.51318693,694.01715,225.44197,0.9305493,707.91095,225.63478,0.94439155,691.52203,237.56915,0.6249602,713.8448,237.94263,0.7491371,0.0,0.0,0.4005365,716.36237,246.2195,0.5076137,695.9312,250.72673,0.9593834,705.1504,250.8066,0.9644755,696.36426,271.81467,0.91337216,704.962,271.60895,0.9265143,695.7519,290.93292,0.8743399,703.14215,291.17752,0.8897543
0.0,0.0,0.16632739,0.0,0.0,0.10355609,0.0,0.0,0.13767582,0.0,0.0,0.25990957,0.0,0.0,0.36831602,639.72424,224.17128,0.8107581,651.8531,223.73871,0.85307413,0.0,0.0,0.42606327,650.1278,239.44789,0.5571188,0.0,0.0,0.2934202,0.0,0.0,0.38143164,642.6218,255.41788,0.8988067,649.7377,255.5354,0.9115202,642.59644,282.47235,0.85938865,649.49835,282.50424,0.8754933,642.9433,308.0899,0.81127244,647.64746,308.31393,0.82754594
