0.0,0.0,0.2766191,0.0,0.0,0.17708772,0.0,0.0,0.06625628,285.18542,150.17209,0.80065644,0.0,0.0,0.3440953,272.59802,182.75015,0.9918978,330.0747,184.84215,0.97265244,237.39464,223.61261,0.9788855,341.19962,237.90303,0.90129143,232.1451,247.65535,0.9308226,339.2552,276.22314,0.80500287,283.71808,272.77655,0.9978586,317.90225,272.35034,0.9962859,286.55374,340.25296,0.99336445,303.812,339.03235,0.989528,294.11682,405.82462,0.96534216,296.98584,406.06085,0.95519835
451.8759,147.7716,0.92379814,454.60516,143.2714,0.59783196,446.72717,142.59314,0.9018744,0.0,0.0,0.2723438,432.23297,146.60345,0.8862542,453.68906,182.39792,0.97387797,417.2181,183.53946,0.9973845,461.67917,226.28912,0.88675123,405.77707,232.42413,0.99370897,474.80917,263.9314,0.86263883,403.77066,274.36713,0.984212,450.31247,265.029,0.9963366,426.57532,266.49942,0.9987445,455.18338,326.23123,0.9927452,435.07797,329.38208,0.997719,435.29028,380.60666,0.9764016,423.29355,388.46304,0.9891081
0.0,0.0,0.40262398,0.0,0.0,0.34748065,0.0,0.0,0.20776516,655.0074,180.04071,0.82999176,662.83167,179.85194,0.6122521,649.22577,201.24219,0.9849399,674.5118,200.06339,0.9817007,641.25116,230.03775,0.88323665,687.37335,226.89508,0.8027572,640.60693,252.49948,0.6944651,689.18835,247.7966,0.57517076,657.4173,253.67535,0.98920524,672.9164,253.3854,0.9876731,656.20154,297.1274,0.98212963,667.7612,297.0662,0.9761337,660.2854,341.15112,0.9630149,665.2402,340.06805,0.9537987
0.0,0.0,0.33657333,0.0,0.0,0.14091732,0.0,0.0,0.30851457,0.0,0.0,0.43694863,84.27587,211.92337,0.8183318,67.14059,226.95438,0.97497016,87.483925,226.5822,0.9866701,60.70503,245.12001,0.7728552,92.590065,244.07132,0.9030106,61.780945,258.4031,0.5631941,91.32534,257.39197,0.7241832,68.61627,261.74393,0.9843486,82.341286,261.47842,0.98857564,67.32318,286.74524,0.9639133,79.256226,286.4289,0.9717227,67.928444,309.98242,0.934238,79.06885,310.5882,0.94381183
0.0,0.0,0.05927571,0.0,0.0,0.067856565,0.0,0.0,0.018349493,820.03,192.24747,0.73636264,0.0,0.0,0.24037911,814.1014,213.04834,0.9408464,849.3602,213.89072,0.8713705,804.353,237.6386,0.8141446,0.0,0.0,0.46770495,805.48486,246.42067,0.52941746,0.0,0.0,0.2518449,817.3092,270.87262,0.9745867,841.66895,270.90732,0.9598424,811.6953,313.54453,0.96551806,837.78424,314.04846,0.9365871,815.588,353.5776,0.9377542,842.03503,353.08777,0.9029891
0.0,0.0,0.15331753,0.0,0.0,0.09463745,0.0,0.0,0.091779016,166.9285,203.88367,0.50222826,0.0,0.0,0.48926288,163.38728,219.93095,0.96301746,183.12823,219.84079,0.9713678,158.1841,239.14598,0.82324725,189.50426,239.6238,0.8553376,155.27135,252.7521,0.63088053,190.69298,255.10706,0.66411024,167.36018,254.64809,0.98733693,180.03345,254.6981,0.988684,166.69936,281.52615,0.9752628,178.39763,281.65265,0.9754303,167.72063,306.98846,0.95659226,176.32663,306.7676,0.956427
0.0,0.0,0.20782648,0.0,0.0,0.08356087,0.0,0.0,0.17867325,0.0,0.0,0.2980257,131.70935,210.5028,0.69056374,114.396355,224.11868,0.9451369,135.88118,224.56656,0.9720293,108.0988,240.43169,0.68532556,141.43272,242.20256,0.8808392,108.35557,252.42368,0.502418,142.44814,254.82709,0.7187445,117.034386,257.23962,0.98290426,130.98528,257.3363,0.9886643,118.22897,282.81412,0.9746463,129.09456,282.709,0.9829184,118.49483,307.1887,0.96349627,126.66843,307.7493,0.972649
374.48822,209.3724,0.91733605,377.7916,206.9153,0.825911,372.19022,206.36491,0.8829714,381.5132,209.91882,0.55924565,367.75394,208.22926,0.75038654,383.9276,226.80786,0.9827208,360.0746,225.7263,0.99152267,387.8892,245.4772,0.8738737,355.25366,245.16661,0.9471064,387.58533,255.92393,0.82789916,361.73734,256.9639,0.9030008,378.8355,265.68726,0.98780805,363.68942,265.5412,0.99175334,377.53656,296.6354,0.9772225,365.74582,296.3501,0.9831898,374.62445,327.37048,0.9562507,365.78705,326.82227,0.96478367
540.9961,164.61699,0.9585894,545.1317,161.45825,0.8910582,536.6118,160.84267,0.918633,549.8198,165.33745,0.6650043,528.6403,164.05794,0.76529694,555.38654,192.35237,0.9873707,519.2759,189.46893,0.9893686,560.32526,220.86833,0.9380919,505.0056,215.52681,0.9520711,548.3146,204.81294,0.9008911,512.23944,207.14934,0.9207897,544.6773,257.71945,0.99355537,522.1475,256.53223,0.9938863,539.9494,316.8339,0.9851285,527.9472,317.9294,0.9868788,525.557,369.91824,0.9472114,519.99023,373.64423,0.95177263
0.0,0.0,0.45093855,0.0,0.0,0.46150804,0.0,0.0,0.23030846,0.0,0.0,0.48342037,0.0,0.0,0.115458265,568.2174,197.29674,0.8509122,551.0741,197.43987,0.6689812,574.4472,218.59357,0.7283829,0.0,0.0,0.30673668,564.47424,219.60641,0.6424616,0.0,0.0,0.31531787,568.01575,245.29272,0.9198578,557.4297,245.75241,0.86772865,569.18933,287.51132,0.9360412,564.3042,288.12415,0.8856323,571.9323,327.46188,0.91244096,568.2621,327.19485,0.8656037
0.0,0.0,0.24421713,0.0,0.0,0.14451216,0.0,0.0,0.16972199,0.0,0.0,0.25946394,0.0,0.0,0.36518717,779.49884,212.46303,0.7915587,790.8832,213.7299,0.81452376,0.0,0.0,0.44909608,0.0,0.0,0.49499145,0.0,0.0,0.32624114,0.0,0.0,0.3561929,781.4438,257.57196,0.8737886,789.01764,258.47586,0.8807309,784.06226,292.56924,0.8526657,787.7763,293.31458,0.855509,788.6447,325.48227,0.79904085,789.1223,326.57434,0.8034748
