0.0,0.0,0.2754391,0.0,0.0,0.148464,0.0,0.0,0.08291543,283.97583,148.95699,0.7556167,0.0,0.0,0.43966183,268.73242,183.09134,0.99108434,326.57803,184.99767,0.9745909,239.21944,227.99272,0.97400415,335.81607,236.52217,0.90518534,238.42397,259.34375,0.9136147,332.6915,276.04465,0.7987125,279.90308,275.00436,0.9972349,315.69412,274.83582,0.99556476,279.49863,338.63773,0.9909757,303.49304,338.66284,0.98654175,284.96085,399.806,0.9554405,297.42487,401.0861,0.9433583
463.46964,144.53313,0.9344811,465.2191,140.44267,0.5775284,458.73788,139.96063,0.9294366,0.0,0.0,0.20419103,441.72644,144.76532,0.9115596,461.6046,179.52443,0.969011,424.59802,182.02872,0.99749374,472.23306,224.20139,0.8606937,413.73285,231.93161,0.9943294,483.23434,262.26447,0.84351605,413.92734,275.7225,0.98571235,462.33,263.81406,0.9956565,437.93735,266.01376,0.9987225,465.7779,327.5159,0.9920208,439.85565,332.12442,0.99769384,457.40082,384.4933,0.9754682,431.79477,393.9576,0.98890483
0.0,0.0,0.22093606,0.0,0.0,0.18160217,0.0,0.0,0.10630401,652.4118,183.48634,0.7988872,665.3514,182.59366,0.6204724,646.07416,204.42804,0.98382354,677.2868,202.442,0.98214424,640.71356,232.37859,0.87813383,688.64404,228.51738,0.826734,642.59717,253.8681,0.646513,687.2827,249.30713,0.56689155,654.51935,255.72786,0.9910948,674.3076,255.15166,0.9903695,654.1548,298.04007,0.98335415,668.7682,297.88263,0.97905743,658.00006,341.03873,0.96372175,666.80206,339.85294,0.9564175
0.0,0.0,0.31496733,0.0,0.0,0.12606345,0.0,0.0,0.30545893,0.0,0.0,0.4075159,84.78889,209.95204,0.8289616,67.4137,224.90187,0.9722592,88.27053,224.67659,0.98766196,61.623123,243.97116,0.7691087,94.34768,242.8309,0.92735374,61.322845,258.28613,0.5716424,95.78773,256.8417,0.7791128,69.15917,259.3386,0.9860124,82.894035,259.18326,0.9907901,68.89435,284.72864,0.96867263,80.09216,284.4784,0.9779764,70.212616,307.47974,0.94509345,79.60361,308.11002,0.95668423
0.0,0.0,0.13740899,0.0,0.0,0.085126705,0.0,0.0,0.08042453,0.0,0.0,0.49405265,0.0,0.0,0.4688303,162.62567,219.59041,0.96090627,182.62976,219.66415,0.9676619,156.90842,239.39577,0.81433785,188.36728,239.18353,0.8346825,153.79866,254.34714,0.61371917,188.32921,254.19649,0.6296742,165.05855,254.77065,0.98732823,178.29044,254.88283,0.98827785,162.84448,281.5217,0.97637594,177.23727,281.82626,0.97574323,161.66194,307.07507,0.95967376,174.83507,307.212,0.95859236
0.0,0.0,0.12841019,0.0,0.0,0.05390082,0.0,0.0,0.11687797,0.0,0.0,0.33206472,131.35757,211.00034,0.6953636,113.36326,224.7352,0.95070386,135.91933,224.62267,0.976232,108.18237,241.59695,0.7250723,139.91405,241.93091,0.90044165,108.538216,253.7369,0.5086865,139.86606,255.66316,0.722142,117.0452,257.6958,0.9871848,132.18398,257.7423,0.99126935,117.58321,283.4006,0.97820413,130.90323,283.34415,0.98412436,117.16139,307.62195,0.9653158,129.01656,307.91483,0.9720767
0.0,0.0,0.04573193,0.0,0.0,0.038660787,0.0,0.0,0.019886322,802.35,197.11467,0.7430715,0.0,0.0,0.4799634,792.7238,217.88991,0.9611398,830.2163,218.20839,0.9367588,782.1218,245.74066,0.76674885,839.78815,245.34924,0.5588693,0.0,0.0,0.42064577,0.0,0.0,0.2521811,800.0406,270.5799,0.98347485,826.37756,271.09866,0.9781291,793.73846,311.2329,0.9735743,832.99817,312.09464,0.96001357,787.6814,349.93924,0.9545784,834.69794,350.1464,0.93826544
373.3259,208.30507,0.8964774,375.5491,205.93652,0.76666886,370.84134,205.66026,0.8710085,0.0,0.0,0.43642005,365.0944,207.96718,0.7452668,379.3664,225.1181,0.96670055,358.12408,224.74927,0.9832654,382.25494,243.6743,0.80197984,357.0159,244.1522,0.9232525,380.7269,249.9166,0.7529736,367.9828,249.75021,0.87163043,373.97702,262.74756,0.97595996,360.06946,263.03848,0.9835444,374.47702,295.0068,0.95935625,362.75113,295.3426,0.9711131,370.65366,324.66672,0.9361965,360.3991,325.18832,0.9502468
550.87585,165.24751,0.95092815,555.76654,161.40356,0.85432893,546.7412,161.3325,0.9179543,560.5101,165.01878,0.5996018,538.32294,164.10036,0.8006632,564.64703,192.6891,0.9819801,524.50586,189.51613,0.9910546,566.12085,223.91882,0.912974,508.4731,214.97473,0.96394044,551.9164,212.49156,0.8707945,522.1143,204.27835,0.934364,552.45496,259.94763,0.99082804,526.9064,259.4955,0.99321884,549.0347,320.69354,0.9756815,533.3439,323.09695,0.9831814,544.8777,372.4261,0.9139995,538.9727,377.53305,0.93252265
0.0,0.0,0.24952793,0.0,0.0,0.1637398,0.0,0.0,0.15779077,783.3957,197.09274,0.53096515,793.1296,197.94872,0.5317357,774.5004,214.7807,0.9370311,798.3359,215.90007,0.93704575,764.25604,239.78261,0.6441295,800.76483,240.56604,0.6106853,0.0,0.0,0.39149562,0.0,0.0,0.35669667,777.5405,261.82025,0.9354302,793.10944,262.561,0.9343197,778.433,299.78705,0.8511359,793.3569,300.66187,0.8394094,781.1103,334.19263,0.7680267,792.3825,335.40585,0.7571411
0.0,0.0,0.3786764,0.0,0.0,0.37931287,0.0,0.0,0.17505473,569.0683,182.89471,0.5320352,0.0,0.0,0.14250457,573.89484,203.94652,0.871471,563.4891,203.0542,0.67071617,579.67456,230.35883,0.69890916,0.0,0.0,0.2480008,574.3521,245.607,0.5515651,0.0,0.0,0.22383913,572.4184,253.40999,0.9046278,565.98535,253.07869,0.8335423,574.17303,291.26688,0.9170252,569.4899,291.27948,0.84440255,582.9623,327.33377,0.898953,577.8039,326.28622,0.8367255
