0.0,0.0,0.2802328,0.0,0.0,0.09481606,0.0,0.0,0.14851113,0.0,0.0,0.4547442,302.61005,158.02054,0.57773453,264.79892,187.52875,0.9637999,314.87704,189.47313,0.977408,252.3033,236.38394,0.89698184,330.1034,235.32617,0.9494051,252.81366,272.7763,0.8148887,329.58002,266.53458,0.8889381,270.491,270.42896,0.99326444,303.6817,271.18475,0.9950919,267.13965,329.174,0.98882884,301.50772,336.3273,0.99255097,258.80954,381.80264,0.96589357,290.05777,396.4559,0.9737256
503.84103,141.50465,0.9218472,504.85086,136.0829,0.61451954,497.60248,136.02097,0.91103953,0.0,0.0,0.19965915,480.18875,141.4006,0.84868133,503.6653,178.0022,0.9401573,462.5194,178.251,0.9910903,509.9343,226.22202,0.8009107,446.5716,232.99515,0.98047274,515.3782,254.6399,0.78651613,448.86185,278.6782,0.963509,500.4984,266.22034,0.9863469,471.91153,266.1478,0.99470586,507.36108,337.61465,0.9801876,467.69763,334.09277,0.9922122,504.57547,401.62738,0.95270324,449.02115,396.69342,0.97366714
0.0,0.0,0.12065517,0.0,0.0,0.13241658,0.0,0.0,0.035024993,648.9322,183.9363,0.84419817,0.0,0.0,0.36287177,645.83093,203.14418,0.9846085,677.62445,200.78363,0.9701507,639.60406,229.63086,0.9301624,688.1764,226.42395,0.76343095,634.6569,249.03111,0.75420517,681.32764,245.04984,0.51377577,652.647,251.94238,0.99383587,674.09564,250.46962,0.991512,645.82605,293.64948,0.9895091,667.67065,292.7239,0.98273945,645.1366,335.02887,0.97627115,667.10706,332.9538,0.9657606
0.0,0.0,0.21078171,0.0,0.0,0.09510387,0.0,0.0,0.18335323,0.0,0.0,0.41937658,82.88171,212.82033,0.7381604,66.92764,227.44865,0.9685434,87.49364,226.42558,0.9825232,62.84679,245.98892,0.80337113,94.19061,243.30891,0.9128125,62.171215,260.82806,0.6091301,94.86185,257.16977,0.7547957,70.13414,260.0581,0.98741674,83.70563,259.6325,0.9906989,70.49391,285.2258,0.973105,81.14142,284.8143,0.9785903,70.90586,308.39795,0.95212525,79.83455,308.49872,0.95872325
590.6354,162.61104,0.9454859,594.2613,159.2356,0.8510119,585.9448,158.93126,0.91777235,597.54877,163.83243,0.56071156,577.5029,163.21573,0.78645986,602.88354,191.68365,0.9725219,569.14655,188.96545,0.98582155,613.1226,221.32701,0.85408425,558.5073,216.80263,0.9368865,606.41504,206.83601,0.7829915,574.3438,209.53355,0.883762,594.33124,260.0723,0.98786944,573.2737,259.42816,0.9908358,591.0553,325.28284,0.98175335,585.4619,327.38846,0.98729974,575.3716,380.00058,0.9531726,578.90234,384.82034,0.963206
0.0,0.0,0.14555621,0.0,0.0,0.07177477,0.0,0.0,0.115004696,0.0,0.0,0.4395912,134.8402,214.51003,0.64574623,118.25305,227.61792,0.96633965,138.87051,228.06203,0.9785483,110.49129,244.06757,0.81345356,143.12466,245.83046,0.8908581,108.94347,258.20883,0.60842776,144.74945,261.90704,0.7049409,120.1417,260.85135,0.9885485,133.86119,261.07025,0.9906632,119.89114,285.43857,0.97642297,132.56429,285.60425,0.97876215,119.82228,307.64236,0.95820373,131.06804,308.18756,0.9606317
0.0,0.0,0.0814887,0.0,0.0,0.046418317,0.0,0.0,0.05513284,0.0,0.0,0.37030527,0.0,0.0,0.4736965,154.04825,224.04428,0.9444272,175.35065,222.85674,0.96020716,151.55246,241.73964,0.7932599,181.05606,239.00064,0.8632661,151.9246,255.86478,0.5988483,179.35849,252.50928,0.6850242,158.31354,256.18503,0.9896389,172.8832,255.86609,0.9913291,160.456,281.05502,0.9850117,173.51501,280.81854,0.9864609,159.99852,305.86102,0.97659165,172.26839,305.3239,0.97800434
0.0,0.0,0.067144506,0.0,0.0,0.048582725,0.0,0.0,0.03623454,782.3874,197.69928,0.7015645,799.01965,198.50311,0.5764845,770.76135,216.28006,0.9758435,807.75726,218.13422,0.97061193,758.4812,236.1774,0.8732888,819.64294,239.77681,0.8076998,761.6547,245.10799,0.617337,817.0695,248.77838,0.51236504,774.5648,269.9802,0.99149406,798.6009,270.98907,0.99016994,772.40326,308.53433,0.98272425,795.82684,309.82672,0.97669876,775.2749,344.88138,0.96064484,796.2948,346.25998,0.95014006
351.02036,187.92172,0.8610887,351.6892,185.33244,0.6333255,347.6893,184.54521,0.8463679,0.0,0.0,0.29413426,337.3929,186.4223,0.77975583,350.69037,210.02663,0.94211704,331.30408,206.75102,0.9680711,354.1904,231.7171,0.6374415,337.52402,231.18764,0.83285224,357.79813,230.04134,0.5810327,357.6901,233.73726,0.7421921,352.12256,258.28046,0.9473591,339.48694,257.44775,0.96244633,346.6772,300.1645,0.9210742,338.71783,299.4085,0.94262,345.76465,339.40137,0.865948,339.40924,338.8723,0.8926314
375.43625,205.99718,0.8830738,377.8252,203.1248,0.7610033,372.52298,202.89792,0.8472238,0.0,0.0,0.45577246,365.6583,204.9345,0.70325315,382.3036,223.80664,0.9592914,358.56866,223.16194,0.97230995,385.34177,243.65378,0.75260913,355.73853,244.35822,0.83923995,384.77814,245.86449,0.68829095,370.25235,245.21315,0.7591255,379.32904,265.47186,0.9549891,363.7908,265.69077,0.9633211,376.16165,299.82837,0.91792727,363.02173,300.1799,0.929174,375.2774,329.8231,0.8590375,363.75238,330.3768,0.8726916
426.18268,211.79355,0.8963502,428.79422,209.32452,0.8212279,423.85806,209.45966,0.8330463,432.72287,211.3814,0.60991675,420.04263,211.6505,0.6461478,436.026,226.07645,0.9779454,415.02505,226.4211,0.98420507,437.83475,243.25319,0.85532033,409.3515,242.14964,0.88827926,434.08936,252.68124,0.7935927,416.33926,246.1443,0.8199723,431.71487,262.61508,0.97700703,418.13934,262.8314,0.98058975,430.50372,292.89322,0.95132816,417.59955,293.0055,0.95513153,427.51248,323.28824,0.90831137,416.11935,323.34036,0.9139483
739.73193,209.48712,0.51981735,0.0,0.0,0.18503018,738.26337,207.06665,0.5852521,0.0,0.0,0.101183034,733.1683,207.27072,0.7546505,730.296,218.9621,0.81933343,728.4805,218.71622,0.9534464,0.0,0.0,0.35710233,734.3514,231.17108,0.88934,0.0,0.0,0.3413604,744.2175,227.22498,0.79207677,727.7711,254.33086,0.91516745,726.6233,254.62236,0.96213293,727.18463,284.30527,0.88904643,726.2064,284.3402,0.9521812,727.5793,312.05063,0.85559624,725.1287,312.9345,0.9207271
0.0,0.0,0.08296069,0.0,0.0,0.07386838,0.0,0.0,0.057647623,0.0,0.0,0.13083993,0.0,0.0,0.0897758,0.0,0.0,0.23368551,0.0,0.0,0.2483822,0.0,0.0,0.19236217,0.0,0.0,0.19657433,0.0,0.0,0.19669184,0.0,0.0,0.19512185,0.0,0.0,0.28774494,0.0,0.0,0.30593407,0.0,0.0,0.30004492,0.0,0.0,0.30934036,0.0,0.0,0.32449454,0.0,0.0,0.33538386
