610.1495,188.4206,0.96041614,612.8115,185.52557,0.90905845,607.1643,185.38245,0.93856275,616.1053,187.5377,0.65852237,601.4565,186.78447,0.8118573,620.4583,206.76309,0.9936214,593.4364,205.07799,0.9974769,626.25543,231.31215,0.9470902,583.20404,226.32834,0.98197466,628.4547,255.88286,0.9128062,577.99384,247.73312,0.95798314,613.8107,252.73152,0.99480975,596.8722,252.06541,0.996855,610.68445,287.54037,0.98083097,594.2838,286.9201,0.98656726,608.90594,320.8788,0.94878,593.93427,320.527,0.9601045
0.0,0.0,0.35809368,0.0,0.0,0.17305818,0.0,0.0,0.20260035,0.0,0.0,0.4921232,272.63892,168.68057,0.50536066,244.9303,192.36658,0.97193044,276.94333,193.06285,0.95981145,229.60686,227.43062,0.9194071,281.63232,223.80156,0.88579595,229.03764,241.08992,0.8289882,289.11133,228.03737,0.79653215,251.65842,254.37746,0.99491274,271.57935,255.13287,0.9940025,253.74495,302.69666,0.99281114,269.799,307.86386,0.9921125,253.78839,352.61777,0.98103124,260.4179,361.9572,0.9796973
0.0,0.0,0.24048407,0.0,0.0,0.117643654,0.0,0.0,0.20281,0.0,0.0,0.49297023,197.3777,214.5007,0.7558433,180.35431,227.4289,0.9746413,201.96689,226.82503,0.98823917,174.43835,244.1327,0.8215822,208.77052,241.40315,0.9344635,174.71767,260.4838,0.62936324,210.0329,255.52924,0.7921372,184.87708,257.22122,0.9873754,198.85474,257.34668,0.9914267,186.68651,280.0871,0.9674425,197.87328,280.18286,0.9757415,187.5367,299.96677,0.93815994,196.25679,300.2646,0.94926894
467.8443,210.10646,0.89752376,470.04288,207.8104,0.8141325,465.76276,207.76399,0.83747685,473.35114,209.11163,0.57255965,461.89557,208.93187,0.6431132,479.00412,221.26816,0.9814338,456.2568,221.98529,0.98672247,486.9336,233.61911,0.90930563,452.07385,236.38747,0.93301123,481.35107,228.72581,0.8728679,461.23538,232.64954,0.893181,475.8844,256.64084,0.9887361,461.08652,256.98978,0.99038166,477.8729,285.50385,0.9787622,461.34534,285.5349,0.9802391,477.63364,311.74094,0.9583309,462.3357,311.59415,0.9606592
0.0,0.0,0.35773748,0.0,0.0,0.21519025,0.0,0.0,0.38701895,0.0,0.0,0.121037364,0.0,0.0,0.40542945,0.0,0.0,0.3236453,844.5287,229.53221,0.6668692,0.0,0.0,0.08958636,0.0,0.0,0.47995135,0.0,0.0,0.10976471,0.0,0.0,0.3921198,0.0,0.0,0.31936744,847.1831,268.19412,0.52154166,0.0,0.0,0.34675092,846.6739,299.8448,0.5463535,0.0,0.0,0.4231948,845.7972,332.54507,0.5776635
336.09128,211.45688,0.9086103,338.82953,208.5796,0.80481887,332.99677,208.47511,0.8825087,0.0,0.0,0.46421292,326.536,210.23311,0.7271006,343.18082,225.59941,0.97067297,320.7933,224.70612,0.986821,350.5532,239.42104,0.8298858,308.21542,235.29057,0.9372579,347.3369,233.15367,0.7935831,309.79318,223.99712,0.89710164,338.76935,263.35233,0.985556,324.71112,263.53238,0.9905516,335.583,297.8545,0.9810885,327.09335,298.37955,0.9861688,332.91318,331.42123,0.9675464,325.9109,332.35953,0.97382814
663.3435,205.55917,0.893367,666.06964,203.368,0.87272996,661.6618,203.4105,0.7428411,670.90735,205.38885,0.7975905,0.0,0.0,0.42437953,674.4569,218.42505,0.9860297,657.0964,219.14523,0.9733402,674.1331,230.92445,0.939286,654.32135,231.80624,0.79908127,664.50476,224.34117,0.8970258,662.00305,223.9976,0.74760574,670.0928,252.92763,0.97832197,658.2345,253.09216,0.96928555,669.7086,281.0036,0.95294315,656.83295,281.08405,0.9257901,670.8535,305.8599,0.89383125,656.98376,305.26312,0.85332406
0.0,0.0,0.32681593,0.0,0.0,0.17993723,0.0,0.0,0.36598042,0.0,0.0,0.10221774,0.0,0.0,0.41792405,0.0,0.0,0.41099426,843.68176,228.48376,0.7638864,0.0,0.0,0.13162725,840.6367,247.70345,0.62113214,0.0,0.0,0.14735281,841.2794,262.15332,0.5002001,0.0,0.0,0.4906297,846.9369,267.2344,0.7015483,0.0,0.0,0.41641456,846.23987,297.63483,0.629675,0.0,0.0,0.46054223,846.63586,328.854,0.62369835
350.54144,218.21442,0.55177253,0.0,0.0,0.48058978,0.0,0.0,0.4030818,0.0,0.0,0.41103026,0.0,0.0,0.26404026,358.67703,227.07408,0.91826874,348.75815,227.10794,0.8952041,364.33365,238.61876,0.74523103,350.50897,238.87779,0.6553307,361.90717,239.11316,0.6887973,356.49908,238.4272,0.6128767,355.878,256.5385,0.9622212,350.05472,256.4207,0.9577948,354.46454,280.7699,0.95464176,350.26797,280.4503,0.9488008,353.6841,303.69922,0.9160267,349.9357,303.66666,0.9085827
0.0,0.0,0.3935673,0.0,0.0,0.24215479,0.0,0.0,0.3952995,0.0,0.0,0.13220873,0.0,0.0,0.39772165,312.70084,219.60464,0.7643458,302.90393,219.67293,0.854297,0.0,0.0,0.4551397,293.5285,231.82011,0.70461214,0.0,0.0,0.45260063,300.7355,225.97304,0.64782155,310.07535,251.26895,0.92926323,303.65884,251.87831,0.94557464,308.9461,277.9732,0.92749697,302.9505,278.17017,0.9438761,305.25827,303.32236,0.8962683,300.543,304.02106,0.91469854
