0.0,0.0,0.4070511,0.0,0.0,0.11611849,0.0,0.0,0.33492923,0.0,0.0,0.30818516,310.13516,176.6859,0.794742,272.64853,199.59677,0.9613698,313.75006,202.70047,0.9808437,258.6249,241.62527,0.8575434,330.74283,228.96152,0.9420851,265.88333,273.3592,0.74906635,331.40323,220.58635,0.86864865,281.62454,273.82748,0.9909474,305.53668,275.91943,0.9931583,295.34903,325.28094,0.9852116,301.99182,326.6539,0.9889529,300.0069,375.39062,0.95981264,294.52957,373.04886,0.9666255
0.0,0.0,0.06316068,0.0,0.0,0.042589553,0.0,0.0,0.030613605,369.54575,196.70407,0.5984289,388.7301,195.12964,0.5315477,362.94507,217.81404,0.9710344,401.56805,214.89862,0.97386247,351.75168,243.1831,0.8699122,414.82852,240.70067,0.8754433,356.71478,253.41327,0.62587965,411.60428,253.98454,0.6417151,373.7878,272.76038,0.99140406,398.1627,271.37943,0.99217695,380.1164,312.55197,0.9815424,394.33414,311.4547,0.98169863,379.83728,353.62552,0.9538023,386.03232,351.54828,0.9540838
0.0,0.0,0.12287366,0.0,0.0,0.08725703,0.0,0.0,0.059912123,154.31805,205.49481,0.61636394,0.0,0.0,0.4537748,146.22778,221.16666,0.9590667,174.18098,221.7064,0.94965506,137.17816,241.08147,0.7742873,175.02278,241.89876,0.66707146,142.88861,251.46028,0.5100837,0.0,0.0,0.39913374,150.62233,264.70203,0.979884,169.69878,265.17194,0.9762738,144.37103,300.349,0.9627998,166.1184,301.12277,0.94987786,142.01419,334.95026,0.93324196,163.99878,335.33142,0.9167964
0.0,0.0,0.10915178,0.0,0.0,0.032465406,0.0,0.0,0.10633756,0.0,0.0,0.3590445,587.48694,198.34863,0.8441259,560.8885,218.02602,0.9750006,595.5394,218.6132,0.9898901,551.09515,243.63426,0.7826875,605.66254,245.97072,0.93977916,555.1817,253.2043,0.528635,606.773,257.39105,0.76243514,569.02045,271.4713,0.9945378,592.68463,271.67078,0.99668926,568.2874,311.7773,0.9886,594.1385,311.49063,0.9925384,568.5216,350.9552,0.97566575,594.94434,351.50067,0.98192364
0.0,0.0,0.108700514,0.0,0.0,0.06594602,0.0,0.0,0.06394762,0.0,0.0,0.4805508,695.98444,200.04921,0.5162515,677.0446,216.33237,0.9651176,702.7702,215.55182,0.973272,672.68335,235.4113,0.8372267,708.58765,236.43224,0.8761028,674.48254,250.00922,0.6228886,707.597,253.95323,0.67861706,683.1246,254.73856,0.9881236,699.88257,254.44925,0.990036,684.9142,283.43158,0.9710379,697.5936,283.29123,0.973505,687.99414,310.59958,0.94282955,697.4996,310.20535,0.9461061
501.76178,197.44571,0.9106612,505.021,194.82109,0.88123304,499.62714,194.5018,0.78796184,510.38528,197.02069,0.76902854,0.0,0.0,0.4599053,515.85614,213.83661,0.988912,491.84015,213.13153,0.9816999,522.70703,235.24101,0.9422815,487.90115,233.96147,0.8448936,523.7583,252.61006,0.8927236,492.04373,250.0296,0.77696687,513.6148,255.11668,0.98748314,497.6334,255.1618,0.9837398,520.45715,288.61835,0.9674952,501.2645,288.50266,0.95286524,527.5313,319.0485,0.92862815,506.10913,318.00412,0.90529066
452.31882,202.57935,0.9039073,454.59122,199.8382,0.7891468,449.3147,199.73676,0.87668705,0.0,0.0,0.47450426,443.2819,201.35321,0.7450277,461.05084,218.06554,0.97032934,437.17606,217.95396,0.9877873,465.40576,237.18323,0.7982913,428.91373,237.67451,0.9349175,460.06406,252.84938,0.74202543,425.2971,257.49603,0.8799998,457.52222,257.29773,0.97651494,442.41455,257.3595,0.98515517,459.3892,287.12418,0.9502607,444.3719,286.91418,0.96576947,459.53357,313.20993,0.9105773,444.77817,312.89246,0.931425
0.0,0.0,0.42516726,0.0,0.0,0.43265113,0.0,0.0,0.15518937,644.0877,216.76965,0.7538404,0.0,0.0,0.21636215,643.09985,231.2215,0.96979195,655.91766,230.56009,0.9163488,635.1189,250.67436,0.8740466,0.0,0.0,0.46300757,628.0306,258.76956,0.73307335,0.0,0.0,0.3570982,643.8257,267.86755,0.9780245,652.33923,267.25168,0.95927024,642.0344,295.5826,0.9731699,648.4168,295.41486,0.94300336,645.77277,325.05188,0.95771486,648.5823,323.8021,0.92660534
533.27844,205.00146,0.82185143,535.5737,202.4661,0.76829666,531.40186,202.73631,0.69939643,540.31036,203.74593,0.64045787,0.0,0.0,0.47202173,545.3293,217.91006,0.95804274,528.3387,218.79787,0.95180255,548.1029,234.45901,0.7762255,526.7397,235.57196,0.702169,542.764,247.89691,0.6782137,525.9846,247.8351,0.6037871,544.2215,253.0822,0.9440404,533.5155,253.38008,0.9411543,543.68286,281.54782,0.897941,533.74335,281.6637,0.88527656,547.8869,308.28287,0.84504086,538.60205,307.95187,0.8309183
0.0,0.0,0.16781747,0.0,0.0,0.18213506,0.0,0.0,0.052079074,210.15323,215.03406,0.74216825,0.0,0.0,0.24182563,208.6308,229.40462,0.95768607,230.52483,227.82068,0.8834199,203.09398,247.95427,0.8464819,0.0,0.0,0.45091364,203.11676,255.699,0.6230181,0.0,0.0,0.28903553,218.8824,266.08655,0.95812404,233.89983,265.47476,0.9284487,217.96887,294.10764,0.9177092,234.68661,293.7597,0.8523333,219.86502,321.08655,0.8471985,237.30984,319.04514,0.7740278
0.0,0.0,0.051603634,0.0,0.0,0.056106735,0.0,0.0,0.022379054,0.0,0.0,0.084482275,0.0,0.0,0.017146243,0.0,0.0,0.08739057,0.0,0.0,0.047119606,0.0,0.0,0.21149425,0.0,0.0,0.06646223,0.0,0.0,0.22949386,0.0,0.0,0.09211687,0.0,0.0,0.10355228,0.0,0.0,0.07577417,0.0,0.0,0.09058639,0.0,0.0,0.06198449,0.0,0.0,0.043463368,0.0,0.0,0.033236828
