0.0,0.0,0.033096414,0.0,0.0,0.11695341,0.0,0.0,0.000747993,735.2963,0.0,0.964409,0.0,0.0,0.01009977,730.9597,68.76821,0.98481154,0.0,0.0,0.44689694,705.7585,203.79816,0.9733802,0.0,0.0,0.078399286,682.37366,311.43405,0.80571485,0.0,0.0,0.05522446,766.3341,328.03342,0.91881037,847.2477,323.47073,0.59999895,0.0,0.0,0.20323446,0.0,0.0,0.036495794,0.0,0.0,0.009713553,0.0,0.0,0.0029744694
301.17642,186.05455,0.9484555,304.02307,182.3483,0.8825363,297.16,182.75475,0.9255439,307.6713,185.73737,0.59621316,290.25345,186.55148,0.80057687,315.48657,210.37291,0.99074054,280.91153,212.86732,0.9956151,324.28613,237.6509,0.91912234,276.7016,244.42995,0.96550727,327.84293,261.88907,0.8711705,278.1349,269.04205,0.9248756,310.51138,266.93573,0.9935468,289.4133,268.23044,0.99563247,307.5072,305.18344,0.9802658,291.7233,306.32553,0.98519367,301.22076,341.29315,0.95024467,293.603,342.9562,0.96010506
0.0,0.0,0.17177378,0.0,0.0,0.10279797,0.0,0.0,0.103104785,129.02109,196.73743,0.6295821,142.74443,197.22375,0.619043,121.26389,215.38408,0.9776299,151.43169,216.10417,0.9838628,110.72545,238.4391,0.8311615,156.98499,239.98149,0.8703126,110.602295,253.57741,0.5909678,156.7761,257.60507,0.6319692,124.436195,261.42432,0.9904088,143.8341,261.5869,0.991581,121.07039,296.64786,0.9766913,138.81017,296.86914,0.97666454,122.14486,330.68073,0.9542176,134.81465,330.75766,0.95375955
0.0,0.0,0.23508951,0.0,0.0,0.17757262,0.0,0.0,0.10425156,565.7918,198.44351,0.6695103,0.0,0.0,0.44370425,561.5727,216.15855,0.9801958,585.2902,214.74237,0.9748418,556.4649,241.0334,0.89856595,593.04865,237.65848,0.82817173,551.7859,263.52606,0.7335008,592.7566,256.49216,0.6314901,565.88,260.65765,0.9903654,581.1589,259.7471,0.98948157,563.086,296.12732,0.97438306,576.11816,295.553,0.9688247,566.33575,329.38855,0.9442055,576.23975,328.6324,0.9359103
0.0,0.0,0.1316856,0.0,0.0,0.0446605,0.0,0.0,0.13590871,0.0,0.0,0.33650172,202.62555,195.46666,0.80321616,177.81798,211.49327,0.9693021,205.88004,213.51985,0.99151915,166.67105,234.25542,0.8288912,212.73476,238.40912,0.9724327,169.19354,255.30179,0.64823776,219.73148,261.01385,0.8846778,181.41742,259.3102,0.9929898,198.99823,260.35995,0.9964367,182.25468,294.5754,0.9806152,193.97821,295.32156,0.98893905,184.62213,327.17438,0.9530579,190.86435,329.01416,0.96829706
0.0,0.0,0.0490165,0.0,0.0,0.028905954,0.0,0.0,0.027094217,446.84726,177.97484,0.5625726,467.30902,178.32469,0.5484324,436.2547,199.78284,0.97319025,477.05905,199.82628,0.98116416,423.94232,232.06992,0.8784728,488.4862,229.20645,0.90853125,422.27567,257.39014,0.65796906,485.07236,251.19481,0.6947456,443.09692,260.74796,0.9957694,468.8547,261.06723,0.99637127,444.29004,308.9422,0.99111485,465.12567,309.5091,0.9911103,446.1749,356.04153,0.9768414,460.03445,356.71622,0.9766991
364.9708,193.39946,0.9209006,367.44162,190.42024,0.7872872,361.56354,190.23581,0.9091504,0.0,0.0,0.39714316,352.91034,193.85585,0.79702324,371.73245,214.33446,0.9759731,343.3323,215.04355,0.9904981,378.3697,231.41075,0.84385407,332.19443,234.91772,0.9582147,374.86426,226.99675,0.800387,335.40546,234.44162,0.92087555,365.46915,263.8393,0.98865265,347.06183,264.60513,0.99314827,365.66608,302.9251,0.9812377,348.61008,303.95187,0.9877039,364.9277,338.73273,0.964826,346.09912,340.40524,0.97374856
0.0,0.0,0.29998624,0.0,0.0,0.09265853,0.0,0.0,0.31914753,0.0,0.0,0.3641801,85.90142,195.26468,0.8913926,63.226036,213.23692,0.9729422,90.07077,213.50067,0.9901183,55.965942,237.7254,0.71528095,96.78959,237.09456,0.9329494,0.0,0.0,0.4902393,98.991394,254.16791,0.76779157,66.962036,259.2001,0.9907252,85.2656,259.36722,0.9944813,67.19644,293.32065,0.9837016,86.240814,293.17273,0.9896952,65.422424,326.40604,0.9729321,84.80153,327.42343,0.9803254
0.0,0.0,0.13056277,0.0,0.0,0.023478657,0.0,0.0,0.17607376,0.0,0.0,0.047696687,518.9507,202.91632,0.7084438,499.33487,212.6425,0.7650777,516.8337,215.16861,0.9418296,0.0,0.0,0.34324896,525.0065,231.7985,0.9109801,0.0,0.0,0.29354426,526.13715,232.1232,0.7946024,492.3522,253.55957,0.960923,504.29523,254.3053,0.9840419,493.33875,285.17914,0.95520765,505.5492,285.3327,0.98302954,489.43735,315.19315,0.9433416,501.18155,316.97025,0.9722702
268.48242,204.06964,0.868419,269.5226,202.12605,0.62977856,266.3023,201.74875,0.8877234,0.0,0.0,0.25203767,260.24152,203.03804,0.85892695,270.20718,219.10211,0.9245812,253.28622,217.27647,0.98306656,0.0,0.0,0.47002324,251.05983,230.82701,0.9184492,0.0,0.0,0.44576883,258.8698,231.49898,0.8425346,266.68387,252.57997,0.91526455,255.96474,252.11884,0.9633597,262.83868,282.05826,0.82756746,255.52364,281.765,0.92131764,259.0677,309.29886,0.76326835,253.5811,309.64047,0.8624753
640.27045,186.5022,0.6079816,642.61176,182.82732,0.6774062,0.0,0.0,0.24445044,650.96606,184.06256,0.799644,0.0,0.0,0.14928235,654.4632,204.75423,0.9431098,654.63135,202.9576,0.82445663,646.9791,233.23628,0.8377442,0.0,0.0,0.3302114,633.7606,250.3407,0.7084993,0.0,0.0,0.296249,652.4673,255.7456,0.92247546,653.6147,254.28967,0.857144,648.67584,291.52158,0.89981574,652.72,290.60672,0.7960827,648.215,325.07208,0.8481551,653.6809,322.6261,0.7518456
401.94028,209.83224,0.705161,404.05496,207.71016,0.5764497,400.83142,207.63762,0.58279413,0.0,0.0,0.4581367,0.0,0.0,0.45319194,413.02185,223.28925,0.9400991,395.96753,223.74545,0.9518837,413.11682,237.34654,0.74388087,394.61868,239.08388,0.797496,404.54865,240.79909,0.67244804,398.37073,245.01384,0.7183954,411.73218,254.7075,0.96720904,400.467,254.85474,0.9717245,411.0224,280.9387,0.961654,399.49152,280.82574,0.96477383,413.11554,306.9159,0.9496744,400.6943,306.2289,0.95226955
