0.0,0.0,0.1251778,0.0,0.0,0.05150388,0.0,0.0,0.098399244,0.0,0.0,0.35853183,719.4827,199.3329,0.6373311,693.6436,217.26077,0.96683073,721.9889,218.58041,0.98356646,680.787,244.94635,0.83692825,726.2686,245.08969,0.9303519,681.76215,270.18042,0.6515463,728.65314,267.5674,0.7794828,697.7461,267.96082,0.99215734,715.2964,268.9358,0.9944072,703.9805,304.835,0.9809225,712.6956,305.65424,0.9848867,706.1512,338.91437,0.95737183,706.5778,340.65222,0.963748
0.0,0.0,0.12660563,0.0,0.0,0.06820161,0.0,0.0,0.08591708,0.0,0.0,0.44245028,671.01196,203.55205,0.57769376,648.2875,222.17831,0.9518911,675.88354,222.41824,0.96046716,639.9735,246.48163,0.7497484,678.0382,247.13197,0.7933385,640.9772,270.39316,0.50294745,678.88605,270.28537,0.5442056,654.59875,269.13605,0.98231965,672.0524,269.63983,0.98354834,657.4413,303.93576,0.9690698,667.6106,304.52374,0.9686828,660.7035,337.1025,0.9423883,664.5007,337.9302,0.941414
593.9563,184.84047,0.9430905,595.87274,181.77359,0.81942767,590.627,181.8198,0.9292822,0.0,0.0,0.42598245,583.3031,184.80086,0.8450983,600.9796,205.96896,0.9863261,574.78613,206.49608,0.99573237,608.5955,229.89734,0.8821977,567.0574,232.40443,0.9763451,609.9825,243.54868,0.8448203,578.3639,248.59616,0.94932467,600.7752,257.25336,0.9917116,583.4435,258.42465,0.9956809,603.1578,298.22958,0.9775044,585.8831,299.54947,0.98731714,603.51044,338.29535,0.947201,586.1097,340.36392,0.96480525
0.0,0.0,0.2708811,0.0,0.0,0.11939866,0.0,0.0,0.1536114,0.0,0.0,0.4443437,339.91922,172.31728,0.5226057,307.01758,196.85149,0.9496231,344.78824,198.31479,0.9490069,295.23517,235.75267,0.86922246,354.12622,230.21774,0.86237854,298.82175,266.36523,0.7680374,356.55554,245.20474,0.75815594,311.75238,265.46756,0.98611593,336.06747,266.6633,0.98543096,312.20615,316.39102,0.9794433,330.7887,321.2883,0.9788754,310.01968,361.47995,0.9500642,325.2601,368.76486,0.9488712
144.48634,194.67975,0.9282532,147.96568,190.40094,0.92710406,140.66702,191.59206,0.8229251,155.56473,191.49556,0.8040056,0.0,0.0,0.39091334,171.29166,213.06496,0.9840695,132.83102,214.78683,0.97375077,189.47586,237.16379,0.93746036,125.684784,229.71878,0.81317055,183.10298,243.80128,0.90291834,130.50288,212.37447,0.7765851,165.65663,266.762,0.98801386,142.08476,267.34265,0.9843365,165.12894,314.45065,0.9807506,147.94392,314.9157,0.9708056,163.88797,362.84204,0.9572333,158.5401,363.06915,0.9421934
0.0,0.0,0.070946835,0.0,0.0,0.03380322,0.0,0.0,0.058730777,0.0,0.0,0.4102176,472.06213,215.60396,0.6688594,445.81772,231.28471,0.9501327,478.6007,234.15202,0.9751926,437.555,252.1918,0.75147116,484.42203,258.47104,0.90717703,0.0,0.0,0.49851722,486.1332,271.5549,0.70370376,448.8891,276.43732,0.9880392,470.41418,277.68567,0.99186206,448.28693,309.28046,0.97651094,468.1412,310.38297,0.9825965,448.341,339.1478,0.9582456,465.55725,340.68915,0.96612877
0.0,0.0,0.14276245,0.0,0.0,0.08525648,0.0,0.0,0.08240133,499.43054,203.89516,0.52016413,512.89435,203.37917,0.5625737,493.20798,222.19476,0.95382166,522.6747,220.87769,0.9534762,486.02225,245.31934,0.7394717,530.9947,243.78935,0.74390584,0.0,0.0,0.48223072,0.0,0.0,0.49538898,499.3341,267.21643,0.9844141,518.94885,266.62076,0.9847647,502.35605,302.18668,0.98121566,520.89856,301.7056,0.98092365,503.48453,337.70108,0.9733508,520.41077,336.7731,0.9730059
400.25778,205.03981,0.6607119,402.4386,202.05382,0.61512953,0.0,0.0,0.38615346,407.6681,202.91747,0.65246856,0.0,0.0,0.2679268,414.70624,218.35587,0.95659363,402.43204,218.63855,0.91971236,423.16312,236.61078,0.8267955,391.55734,235.91422,0.57142186,422.7449,240.08769,0.7311388,388.1279,236.24481,0.5020345,412.97723,262.32855,0.9772825,408.4085,262.23447,0.9674741,403.25687,297.43768,0.97600865,416.91156,297.34503,0.961018,399.65146,331.36914,0.96188825,424.9853,330.09012,0.945693
372.46558,199.15865,0.68663365,374.53546,196.23318,0.6773167,0.0,0.0,0.4399246,379.7897,197.13069,0.65162367,0.0,0.0,0.23916443,385.4976,213.53897,0.9404743,368.70743,214.46825,0.8905641,383.22076,234.08331,0.8015081,363.0574,234.08138,0.51277447,371.19595,236.6994,0.70845675,0.0,0.0,0.4610397,382.44287,259.488,0.94481224,371.49716,259.66592,0.9230448,378.5093,296.55655,0.9262624,368.32196,296.87778,0.8851002,382.0178,333.1014,0.884077,372.11487,332.7769,0.84081185
288.9928,185.52924,0.8935485,292.57086,181.72765,0.76613176,285.596,182.15005,0.9016689,0.0,0.0,0.36721355,281.0345,184.96799,0.7958954,303.65845,207.46588,0.8952718,275.18286,208.54265,0.9766236,0.0,0.0,0.34357843,271.18573,235.72615,0.8653799,0.0,0.0,0.2924534,274.10483,261.30115,0.72802526,300.6999,260.7959,0.8454815,282.35855,261.33084,0.9317163,301.40186,300.2325,0.68356246,282.20468,300.0973,0.8416277,299.5795,337.23013,0.6252574,283.7553,336.84692,0.7669472
