272.3849,184.19113,0.5029645,0.0,0.0,0.10514995,271.5719,179.07748,0.5427986,0.0,0.0,0.15382189,261.70996,178.66563,0.85971546,229.67581,203.90112,0.8854314,253.94604,205.93945,0.98829156,216.4433,245.27652,0.61552334,269.94415,244.57364,0.97251296,228.28099,261.0177,0.5542133,292.68216,259.9784,0.91998804,233.9592,278.12552,0.96439946,253.5644,280.70932,0.9879683,227.51903,335.237,0.9525817,275.35413,335.93207,0.9832339,222.06813,379.9702,0.9089369,294.36032,382.33713,0.9516549
0.0,0.0,0.05129782,0.0,0.0,0.013755208,0.0,0.0,0.059332624,0.0,0.0,0.20790032,312.64783,203.9368,0.8091345,283.4521,225.57164,0.93234605,320.4505,225.7886,0.9834477,280.26642,253.59558,0.59533316,331.47156,255.20665,0.94493103,0.0,0.0,0.34370804,335.2486,270.60193,0.76284796,292.17996,282.07297,0.9845084,317.24765,282.24802,0.9931885,291.59857,322.48337,0.95633626,316.83124,322.19376,0.97988486,290.20563,361.12085,0.9098721,314.20462,361.47943,0.9479184
0.0,0.0,0.14705944,0.0,0.0,0.087350614,0.0,0.0,0.084548466,0.0,0.0,0.4716367,691.3751,201.2501,0.50665736,673.7873,217.59503,0.9642661,697.71027,216.40038,0.9706965,670.78143,237.80635,0.82545596,702.94965,237.08984,0.8551157,671.96857,253.68333,0.6221694,702.7115,253.84056,0.660951,680.0587,254.22354,0.9873976,695.9186,253.82588,0.9891468,682.31616,282.8951,0.9736008,695.61816,282.58325,0.9755584,685.3366,310.6994,0.9513755,696.6335,310.1498,0.95390564
0.0,0.0,0.2624417,0.0,0.0,0.067638,0.0,0.0,0.29287088,0.0,0.0,0.34387478,578.2986,194.61235,0.9229597,551.8047,214.2263,0.979711,584.4533,214.7064,0.9954952,544.7938,240.07098,0.7576411,591.7892,243.44812,0.972047,551.3054,248.44719,0.5264893,592.97986,257.3191,0.8651421,559.2866,269.7693,0.9936604,581.87085,269.98285,0.99717677,559.049,312.83344,0.9829791,582.7564,312.3844,0.9917344,562.5015,354.42114,0.9594052,585.9031,354.87857,0.9756259
0.0,0.0,0.059492122,0.0,0.0,0.029962633,0.0,0.0,0.04455715,0.0,0.0,0.388786,379.0052,194.1546,0.608494,353.29312,217.30907,0.9427061,386.97775,216.18207,0.9546371,343.33517,246.22437,0.72309744,396.0837,243.76056,0.80004615,0.0,0.0,0.43245646,396.22574,256.07715,0.5132932,362.1537,270.8877,0.9852481,383.15726,270.84656,0.9869118,369.60507,312.64667,0.9771427,380.74832,312.79514,0.97865504,372.45258,354.3145,0.95461243,374.82504,354.5215,0.9562751
0.0,0.0,0.1174595,0.0,0.0,0.06425399,0.0,0.0,0.07373244,0.0,0.0,0.46277267,168.29822,206.63083,0.52249634,146.03964,221.91551,0.94441694,172.23738,222.19994,0.9489706,137.35284,243.26117,0.70438516,174.59666,241.50131,0.7112091,0.0,0.0,0.45400476,0.0,0.0,0.44511235,151.11613,264.57236,0.9767085,168.75342,265.17044,0.97650707,146.11458,299.91714,0.95917886,165.63806,300.6854,0.9540316,143.44478,333.76627,0.9299865,162.28801,334.6499,0.92317605
513.21985,197.41528,0.8996272,516.57007,194.56462,0.8781387,510.81995,194.81845,0.7678242,522.04083,197.23877,0.78447706,0.0,0.0,0.44299096,529.4396,213.81523,0.98643434,502.47165,215.4134,0.97479886,533.6833,232.3035,0.9331386,499.0049,232.94998,0.7966334,519.92065,227.8308,0.8828358,507.94275,223.98093,0.73438907,525.1123,254.16396,0.9826319,506.6673,254.94652,0.97571975,530.4079,287.5295,0.9634841,508.69598,288.16504,0.9439743,532.1285,317.3448,0.9175075,511.8408,317.31943,0.88724524
445.61603,202.87886,0.75580937,447.0331,200.63913,0.51356494,443.60046,200.45163,0.7382345,0.0,0.0,0.2762991,439.08237,201.73483,0.69773763,449.86212,217.34479,0.92327386,433.46655,216.26895,0.97167337,451.393,235.26309,0.5558908,426.24615,234.22517,0.87255824,0.0,0.0,0.48820126,427.07745,249.28464,0.773132,447.45267,253.76917,0.9556071,437.24652,253.51004,0.9742526,445.84076,282.86368,0.9371848,436.88852,282.4321,0.96225446,446.8264,311.50385,0.9110758,437.41824,310.96268,0.9380343
0.0,0.0,0.24665923,0.0,0.0,0.27911443,0.0,0.0,0.08090729,642.491,214.46696,0.7374307,0.0,0.0,0.19871476,639.93884,229.01299,0.96032566,657.91284,228.59311,0.8804521,632.7483,247.2338,0.87507427,0.0,0.0,0.44899914,628.4078,258.98166,0.7176579,0.0,0.0,0.3366345,642.5849,264.8589,0.9780099,654.24725,264.6358,0.9589302,643.49304,294.0005,0.9766371,651.5881,294.3654,0.9510164,647.09216,323.09985,0.9668035,652.18567,322.63474,0.9426631
496.12955,210.12303,0.7222761,496.70932,207.63477,0.56076205,493.75833,207.74388,0.71907514,0.0,0.0,0.26075912,488.06082,208.79834,0.6134907,497.84314,221.65083,0.93317854,482.29968,221.95944,0.9530577,499.36508,236.92712,0.6891904,477.29953,238.28441,0.8310013,496.3722,238.41765,0.6543339,485.12277,240.48221,0.78020525,497.87488,258.09595,0.9677848,487.8929,258.77057,0.97352797,497.99567,288.31393,0.945785,490.04437,288.68655,0.95570457,496.74945,315.88876,0.89237994,490.62805,316.89136,0.90734476
0.0,0.0,0.12343926,0.0,0.0,0.06119661,0.0,0.0,0.11502372,0.0,0.0,0.18174042,0.0,0.0,0.43471295,176.80096,224.30286,0.8438989,191.95265,224.3938,0.8798423,0.0,0.0,0.47340062,197.94426,243.26952,0.654544,0.0,0.0,0.3256102,0.0,0.0,0.4617241,180.37016,266.50064,0.94078326,191.13004,266.83948,0.94998854,180.65466,300.1264,0.9190813,194.02345,299.82043,0.9340078,180.17003,330.73846,0.8644885,192.37769,331.29556,0.8840188
