0.0,0.0,0.15550469,0.0,0.0,0.14031956,0.0,0.0,0.030086527,407.39127,85.2431,0.8606014,0.0,0.0,0.30303705,391.64755,135.26494,0.9775695,471.05545,130.31061,0.91810805,371.1189,211.73509,0.918135,475.3974,208.53139,0.61217624,388.43463,218.12482,0.75065845,0.0,0.0,0.41510037,405.2868,270.95435,0.9832187,459.22055,268.96942,0.9675259,401.72467,397.5835,0.9315158,452.2916,396.10733,0.87884337,410.83386,477.34067,0.5973442,454.21176,476.07718,0.50532186
0.0,0.0,0.14929482,0.0,0.0,0.093915656,0.0,0.0,0.07732182,203.70047,199.45493,0.61047214,217.83499,198.71797,0.5660616,197.15636,217.50314,0.9763274,227.48785,215.85435,0.97588694,189.426,243.19562,0.8837313,237.96974,240.28554,0.8676307,188.76628,266.77106,0.70287913,237.80605,262.0968,0.67778397,203.02509,263.01663,0.9924892,223.27142,262.30103,0.99249893,202.25253,295.41946,0.98692733,224.56197,294.93896,0.9857113,201.07524,327.79837,0.9771005,224.05527,327.00668,0.9755603
621.8648,116.81937,0.9542574,627.82916,111.29479,0.7652571,614.53595,110.19206,0.94175845,0.0,0.0,0.32151005,597.44653,113.15138,0.8761642,633.61725,160.32741,0.9693634,578.483,158.28572,0.99284077,644.07996,217.51506,0.8236938,575.8581,221.99582,0.9751781,640.2494,211.15616,0.76411515,622.72485,213.93506,0.9491776,626.85406,265.21054,0.9875644,594.94836,267.47278,0.9942503,613.23737,355.26907,0.98206747,621.27637,364.47748,0.99239963,582.1317,434.7612,0.9337785,633.1822,449.66748,0.9610832
555.5682,181.27687,0.90651846,557.3487,177.52054,0.5224445,551.15955,177.32982,0.9526864,0.0,0.0,0.076186255,538.2584,181.17712,0.95078117,556.78064,205.94177,0.94668466,525.04596,204.57109,0.9961175,561.8309,233.2067,0.565571,521.6742,232.20448,0.9907871,560.0694,220.49983,0.56598765,545.2033,214.86008,0.972717,553.8908,265.26465,0.9906583,529.191,265.60764,0.9978689,556.783,319.2469,0.9857858,511.118,320.0938,0.9967417,565.0897,373.2791,0.97085154,500.78888,376.06848,0.9900817
0.0,0.0,0.16932166,0.0,0.0,0.13228677,0.0,0.0,0.08525202,743.4503,195.31563,0.68015933,0.0,0.0,0.48693985,736.7022,214.87646,0.9672723,766.58234,215.18678,0.96279484,727.09576,238.42514,0.8540066,772.57874,238.54874,0.8004577,727.0982,252.24448,0.6494093,770.51636,252.97122,0.57703197,739.72076,262.2513,0.986876,758.4115,262.313,0.98533964,741.6815,298.5778,0.9788938,753.58984,298.86853,0.9734542,744.8695,333.58527,0.9609841,749.801,333.35037,0.9534597
0.0,0.0,0.22555828,0.0,0.0,0.16365753,0.0,0.0,0.12939025,82.365204,220.57626,0.64343584,0.0,0.0,0.47612768,78.6005,230.76509,0.9827602,94.81739,230.7121,0.97967976,73.99199,243.7941,0.8587556,100.09748,243.71822,0.81370527,73.187874,255.41986,0.68091154,99.97444,255.15088,0.6138643,80.793175,255.14095,0.98999983,90.98707,255.14621,0.9891398,81.249725,274.51373,0.9757557,88.800415,274.26913,0.9733575,81.97467,292.3502,0.9575326,87.821976,292.18567,0.9547038
0.0,0.0,0.13105085,0.0,0.0,0.08137098,0.0,0.0,0.07509777,0.0,0.0,0.48502767,0.0,0.0,0.4767808,314.70563,225.17223,0.95146906,336.14276,224.85503,0.94732904,310.3994,240.99481,0.7882486,340.79993,240.82837,0.76832753,310.89886,252.15428,0.5789639,340.66336,251.503,0.5605974,317.13956,256.01642,0.98372275,332.6292,255.88687,0.9832303,314.064,279.85397,0.9742494,336.8157,279.85074,0.9720151,310.40503,303.12503,0.96328783,338.29736,302.82724,0.96094346
0.0,0.0,0.16256407,0.0,0.0,0.106442645,0.0,0.0,0.11506621,0.0,0.0,0.43862048,0.0,0.0,0.4584444,113.58056,229.30959,0.9605534,128.379,229.65443,0.96280354,109.08348,241.47183,0.76182276,132.60019,242.08868,0.7827934,109.54948,251.46785,0.57205224,132.85701,251.96104,0.58523023,114.89166,253.5528,0.9836685,124.382774,253.74313,0.98426396,115.538124,272.55392,0.9695165,123.69696,272.5381,0.9707345,115.593216,290.1201,0.9546147,122.51837,290.4411,0.9564223
0.0,0.0,0.09266217,0.0,0.0,0.056273747,0.0,0.0,0.0774431,0.0,0.0,0.14187631,0.0,0.0,0.24362956,838.7568,224.5115,0.57543594,848.75806,224.70314,0.6613818,0.0,0.0,0.3257103,0.0,0.0,0.44636723,0.0,0.0,0.2637502,0.0,0.0,0.33907306,841.5103,259.25455,0.78590655,848.08527,259.6711,0.8204777,843.5822,291.62048,0.76060796,847.55096,291.93472,0.79040366,845.2171,323.26035,0.75081015,845.77673,323.9776,0.77528423
0.0,0.0,0.16147639,0.0,0.0,0.09680915,0.0,0.0,0.1244785,0.0,0.0,0.45583868,153.94019,217.8498,0.5367816,140.92694,227.70773,0.9732395,157.45352,228.31909,0.97612596,135.10774,240.53658,0.80149156,162.14056,241.13394,0.8475967,134.9035,250.04308,0.59876853,162.13812,250.56906,0.65095514,141.88701,253.52403,0.9880434,152.07869,253.72609,0.98875844,142.59648,273.71222,0.972604,150.76971,273.67514,0.9749382,141.90088,292.2724,0.95285505,148.75615,292.6258,0.9562514
0.0,0.0,0.113590345,0.0,0.0,0.039059766,0.0,0.0,0.10881437,0.0,0.0,0.14217222,262.66272,221.03963,0.56634444,247.28127,230.86084,0.84939826,264.4819,230.7364,0.927419,242.10095,245.34465,0.50187373,266.5431,244.66719,0.8223589,0.0,0.0,0.36305952,266.6308,254.05412,0.64641523,249.82379,258.5552,0.9488867,261.40714,258.42075,0.9681247,251.10637,277.94693,0.91559166,260.7763,277.536,0.9481368,251.32442,296.3466,0.88088536,260.2356,296.56674,0.91610765
0.0,0.0,0.19539426,0.0,0.0,0.15868646,0.0,0.0,0.10370735,700.0994,205.87383,0.55262905,0.0,0.0,0.3769041,697.17993,219.16129,0.9270226,717.1507,218.27843,0.912899,694.5053,235.1017,0.6922769,725.7842,234.33394,0.6091758,0.0,0.0,0.47651953,0.0,0.0,0.41086006,703.13153,252.13513,0.94870394,715.83716,251.81369,0.94623053,706.8655,280.7049,0.9167836,716.0494,280.59186,0.90856916,710.21405,309.69623,0.88241005,714.6393,308.91766,0.8742469
0.0,0.0,0.09040786,0.0,0.0,0.08253337,0.0,0.0,0.03856337,289.2954,215.82114,0.50102377,0.0,0.0,0.15832137,288.07098,225.64682,0.9207733,301.96194,224.87563,0.88881785,283.87695,238.2108,0.7362254,304.7609,236.84312,0.52616745,279.78488,242.43843,0.54165137,0.0,0.0,0.36010027,291.37805,251.54358,0.97689337,300.7895,251.12726,0.97253674,287.59515,274.5244,0.9734105,298.45395,274.11038,0.9655605,288.03116,298.22098,0.96258014,298.11917,297.1112,0.954658
0.0,0.0,0.2747774,0.0,0.0,0.17150396,0.0,0.0,0.19353977,0.0,0.0,0.29797834,0.0,0.0,0.35646453,661.4996,217.78542,0.84986466,663.8991,217.09726,0.8729036,665.1435,236.92165,0.53946817,671.24445,235.78252,0.6253019,0.0,0.0,0.41799027,0.0,0.0,0.48015612,663.2325,258.25818,0.91193914,664.977,258.18515,0.9233378,664.6653,291.87762,0.8644838,667.4487,291.85654,0.8784941,667.6563,322.96155,0.8205953,669.1517,322.64374,0.8329305
