0.0,0.0,0.11122919,0.0,0.0,0.04506761,0.0,0.0,0.07217074,0.0,0.0,0.49091005,262.68997,201.44867,0.7337198,231.57199,222.48207,0.97878784,271.61633,224.72644,0.98818856,217.8682,251.39085,0.86159366,284.8563,257.98465,0.93703324,213.99902,271.0462,0.6429855,283.53033,280.1751,0.770289,235.36731,287.4832,0.9936214,260.524,288.05167,0.9955497,235.36644,331.15576,0.9817312,255.60596,331.63657,0.9862569,241.63078,374.98447,0.9483793,254.57555,376.43408,0.9581755
0.0,0.0,0.11374851,0.0,0.0,0.06290198,0.0,0.0,0.07934462,0.0,0.0,0.44351095,689.81067,197.4939,0.5749785,669.5888,214.87001,0.95254946,696.9333,214.67497,0.9731742,665.59503,237.55972,0.7383135,703.5747,237.78085,0.8673026,0.0,0.0,0.47994107,706.2524,260.4033,0.63105106,675.9881,257.14966,0.98272645,693.1116,257.4798,0.987146,680.92786,289.92676,0.9602061,690.90027,290.288,0.9678353,685.8892,321.61353,0.9300838,688.3923,321.6579,0.93937653
0.0,0.0,0.23414165,0.0,0.0,0.05500063,0.0,0.0,0.30646557,0.0,0.0,0.072777525,16.487333,146.37553,0.67868066,0.0,0.0,0.40443018,23.101591,184.74055,0.8416948,0.0,0.0,0.1732368,46.536236,237.22128,0.7777652,0.0,0.0,0.19582763,47.10459,275.7489,0.67774063,3.845254,282.1427,0.53775454,19.391987,282.71866,0.7610686,0.0,0.0,0.46384624,16.562162,354.69653,0.70591164,0.0,0.0,0.30779707,0.0,0.0,0.45237437
121.61164,173.50182,0.9437639,126.31048,169.7591,0.8707213,117.61441,169.54901,0.8785984,135.35237,173.22302,0.6920106,113.80508,172.85811,0.6735041,146.7092,198.91646,0.98300594,108.28137,199.47961,0.9869227,151.47496,226.64693,0.92932314,98.42054,228.76064,0.95383567,133.59026,243.55406,0.87401766,88.18803,259.61902,0.90973467,140.05238,266.42258,0.99190056,113.163475,265.29718,0.9932662,141.28696,320.27762,0.9832744,103.98985,318.41483,0.9868515,139.1721,369.00485,0.9548613,95.74044,370.14206,0.96262234
0.0,0.0,0.2611041,0.0,0.0,0.09757434,0.0,0.0,0.19610016,506.29593,189.78941,0.5348625,523.6462,190.59488,0.8411752,492.93015,213.22623,0.985181,530.55896,213.70758,0.9893889,483.17178,245.87381,0.83277804,539.9966,245.21376,0.888108,488.43906,258.9412,0.5919444,538.13715,254.7049,0.65469444,499.5023,273.11813,0.992474,525.0224,273.68988,0.993697,504.07104,317.99765,0.9817416,531.8362,318.38397,0.98369455,504.5559,359.66245,0.95708084,532.01056,361.06415,0.96033007
0.0,0.0,0.14349651,0.0,0.0,0.100948386,0.0,0.0,0.078640655,639.9534,207.75189,0.5737938,0.0,0.0,0.49485964,632.39594,226.19571,0.9595967,659.8413,226.92879,0.95465165,622.3618,247.27171,0.80745703,667.13776,250.06026,0.76451063,619.695,266.99792,0.5856099,666.55566,270.2115,0.54110616,636.2531,269.65054,0.98676795,653.4843,269.98654,0.9860036,636.0898,301.54742,0.9829928,649.0209,302.15726,0.9804223,640.5826,333.3698,0.9759137,648.68164,333.96075,0.9731662
0.0,0.0,0.04607023,0.0,0.0,0.020552529,0.0,0.0,0.03492454,0.0,0.0,0.37123963,313.1702,190.03783,0.64615726,288.49478,214.23387,0.9062792,324.15164,212.46712,0.9483181,286.00116,247.59914,0.550289,337.2806,243.64064,0.77050567,0.0,0.0,0.28394496,0.0,0.0,0.45034313,299.5784,274.17896,0.97984034,325.218,273.8808,0.98597777,298.2108,320.1997,0.9791293,331.84802,319.70862,0.9841218,297.00677,371.7399,0.9704611,335.59607,370.8814,0.97553396
0.0,0.0,0.13807817,0.0,0.0,0.088856705,0.0,0.0,0.07121405,471.8398,182.11671,0.5592274,0.0,0.0,0.4878836,462.7019,204.44734,0.9535578,495.52686,204.92035,0.9244016,454.97632,235.17609,0.71059537,497.25778,235.70389,0.5018952,0.0,0.0,0.41362137,0.0,0.0,0.26070026,465.2618,262.9742,0.97456133,487.0984,263.1556,0.96623856,466.58356,306.95602,0.9578239,486.26196,307.56256,0.940634,469.36172,348.06134,0.9273105,483.67902,349.2189,0.9071603
547.79456,203.81862,0.781179,550.0922,201.3714,0.7540327,546.2061,201.41548,0.53577983,554.7995,203.51785,0.70890766,0.0,0.0,0.2732317,561.89545,217.64645,0.9749247,541.544,218.96492,0.93533623,566.6759,233.2249,0.9205409,544.02246,235.6968,0.66266775,553.4986,221.83344,0.86505383,550.04266,222.8967,0.621001,558.68726,254.69449,0.9757717,545.53076,255.2469,0.9594069,556.33887,284.93616,0.9640939,546.61273,285.63107,0.9339602,558.75183,313.6445,0.92622155,552.10803,313.73105,0.8846378
417.6463,207.38329,0.69806737,0.0,0.0,0.4601065,415.95578,205.17076,0.67661077,0.0,0.0,0.2588102,412.3145,207.11456,0.63686967,423.81116,221.71782,0.91348046,405.65515,222.00917,0.9671058,425.18246,238.73044,0.5921687,399.1348,239.84233,0.88895226,422.32596,251.85004,0.535651,398.55228,256.2546,0.80747044,418.79996,256.7078,0.9602229,407.68817,257.03638,0.97707397,415.70877,283.27515,0.94461787,408.2363,283.54132,0.96707815,414.012,308.74948,0.9247394,408.40903,309.07397,0.948004
0.0,0.0,0.3357114,0.0,0.0,0.28343183,0.0,0.0,0.17775182,0.0,0.0,0.42181534,0.0,0.0,0.20703632,51.126064,205.76584,0.8279126,48.76835,205.41869,0.7246195,56.08512,242.73997,0.61541456,0.0,0.0,0.382869,0.0,0.0,0.468579,0.0,0.0,0.29947984,45.494392,272.91034,0.85853314,44.49332,272.26135,0.8147327,40.3822,323.68683,0.8091276,38.54156,323.35507,0.7486455,40.127842,368.7158,0.69501114,35.96434,368.12164,0.6386797
812.2002,232.0833,0.6270121,0.0,0.0,0.41744676,811.3089,230.44705,0.5532006,0.0,0.0,0.2830615,808.80084,231.59785,0.5235668,812.9506,240.88211,0.92255235,803.74615,240.4716,0.9548641,812.9564,252.31288,0.73448056,796.1329,251.55197,0.86830944,813.0738,261.78177,0.6816771,794.47943,261.42355,0.8033252,809.13434,263.4439,0.95880777,803.65344,263.39896,0.96901435,808.72925,279.9359,0.93402016,803.21875,279.9888,0.94797647,808.26154,296.4779,0.9146008,802.3268,296.8167,0.9282542
203.89534,200.28186,0.7567426,206.45074,197.52605,0.52039826,201.35002,197.07497,0.76175106,0.0,0.0,0.2435073,195.49852,198.63965,0.6968829,209.5307,218.67787,0.8544884,187.50764,216.9376,0.9463165,0.0,0.0,0.35272413,184.26524,239.18092,0.7779064,0.0,0.0,0.32016987,194.50067,248.82211,0.65249276,203.0284,261.75983,0.8684492,188.50456,261.12524,0.92549145,197.40141,297.9668,0.8138559,184.2604,297.26562,0.89092714,195.34158,331.51736,0.77204174,182.70558,330.74197,0.8431386
