0.0,0.0,0.3034067,0.0,0.0,0.068869196,43.660934,132.98392,0.5107947,0.0,0.0,0.13735007,38.449505,134.92548,0.90167946,0.0,167.7834,0.5495475,44.99098,172.08011,0.93378705,0.0,0.0,0.108660996,53.992306,225.7373,0.76973385,0.0,0.0,0.07887729,43.945316,245.01755,0.5110644,1.9614489,271.71402,0.6590093,39.267056,273.23975,0.85994935,2.3388722,352.88892,0.734758,48.839706,349.49484,0.89618623,7.27531,427.65454,0.6786217,63.70764,423.08188,0.8093806
0.0,0.0,0.21272992,0.0,0.0,0.07255587,0.0,0.0,0.11849543,0.0,0.0,0.34712312,361.1737,178.71425,0.59548163,322.0131,206.70505,0.95054024,370.2152,203.19275,0.9677537,310.91025,244.02336,0.876624,391.05112,218.31859,0.9260315,311.65356,276.81784,0.75976366,380.88898,198.45528,0.849906,326.74887,282.2099,0.98929834,356.6972,281.4396,0.99105084,328.61182,332.11932,0.9715901,345.7346,332.51538,0.9773476,338.43768,372.3851,0.9070485,345.298,370.1344,0.9201755
0.0,0.0,0.11831884,0.0,0.0,0.09091823,0.0,0.0,0.05062179,154.25713,205.76389,0.6387932,0.0,0.0,0.38754117,147.52246,221.16632,0.9618316,173.862,221.62135,0.9451108,139.10277,240.64748,0.80875975,174.9741,242.31606,0.64786005,144.27036,250.12306,0.5607279,0.0,0.0,0.3960775,152.53024,264.32605,0.9829038,170.59337,264.73706,0.978007,146.16829,299.40155,0.9698355,167.91447,300.14264,0.9553181,143.6413,333.8064,0.9453106,166.54767,333.86578,0.9270311
0.0,0.0,0.14094448,0.0,0.0,0.10770223,0.0,0.0,0.05348386,387.98282,197.4346,0.7171887,0.0,0.0,0.46814585,385.00333,214.5717,0.97386724,416.85944,213.98431,0.9629052,380.95776,235.7268,0.8508992,428.559,240.47144,0.7395754,380.67572,240.63881,0.6082198,0.0,0.0,0.48682037,391.67252,269.30103,0.9916734,414.33286,268.52652,0.99033,390.27036,312.60382,0.9896909,420.33612,311.821,0.98680764,390.9493,355.38205,0.9810214,425.815,353.25778,0.977231
0.0,0.0,0.09148148,0.0,0.0,0.05286557,0.0,0.0,0.059909414,0.0,0.0,0.41691676,699.2889,204.13228,0.5103524,680.48694,219.15172,0.9601941,705.15594,218.72365,0.9719857,673.5871,236.58624,0.832853,711.0554,238.08434,0.8853413,674.85767,248.63695,0.63334715,711.2033,252.8728,0.70506734,686.48627,255.28606,0.99025905,702.143,255.25005,0.9920797,690.4184,282.28217,0.9808864,699.9177,282.33197,0.98295987,694.00555,309.0984,0.9656831,698.3315,309.0486,0.9681487
0.0,0.0,0.08202858,0.0,0.0,0.043029673,0.0,0.0,0.0551744,588.99396,195.95457,0.5481712,606.1325,196.72414,0.67769355,579.2214,215.50453,0.9685628,614.331,217.33202,0.9820123,568.1116,241.91214,0.8125325,622.19727,245.04123,0.9068468,567.8641,262.3267,0.55129653,621.451,264.94794,0.6855804,583.68,270.0188,0.99123114,606.6828,270.93915,0.99346477,580.8565,309.40103,0.98059344,604.0959,310.41708,0.98367923,580.2786,347.04016,0.9554366,601.29706,348.24402,0.96038866
544.4732,204.74384,0.9179444,547.27875,202.35873,0.8292966,542.6882,202.19853,0.8842495,551.9875,203.66565,0.57018614,540.1797,203.18533,0.7527031,556.9019,218.52975,0.979786,534.5035,218.5086,0.99210584,559.80774,236.83305,0.8409965,529.0729,237.47906,0.95280766,555.40015,249.46106,0.7814844,529.40204,253.2777,0.9041836,552.912,257.37476,0.9796531,538.4467,257.36963,0.9879005,553.3277,286.79236,0.94734794,537.64105,286.45273,0.96584606,554.66455,314.13242,0.89286405,538.35,313.34308,0.92075586
485.9396,199.34467,0.9007383,488.75916,196.57027,0.8758505,483.85263,196.84218,0.76258963,494.52774,198.48232,0.7636451,0.0,0.0,0.41171172,501.74298,214.7243,0.98513365,479.9199,216.66554,0.9773424,504.2106,229.18323,0.9441252,475.21725,233.0921,0.84931225,491.42706,218.83003,0.9160533,482.48343,225.00346,0.81563735,499.26895,257.34595,0.99120706,485.38098,257.93976,0.98847336,499.65012,292.52863,0.9892524,488.23013,292.64832,0.9834818,499.42023,326.43417,0.9788067,491.37183,325.696,0.9708417
460.414,198.71407,0.8806135,462.2503,196.22307,0.7758031,457.95782,196.23715,0.81991524,464.61826,198.22057,0.5466665,452.8411,198.0347,0.655008,468.83325,213.976,0.9773031,446.74414,214.50612,0.98433703,471.0354,232.25154,0.8590752,442.27295,235.54366,0.9045857,464.85043,242.61662,0.8022591,444.30212,252.46957,0.8436941,465.17435,252.26633,0.98509085,451.16125,252.51884,0.9876819,465.6105,281.86615,0.976435,451.92023,281.8501,0.9787744,466.5595,310.62933,0.9600351,455.20273,310.46664,0.9626186
0.0,0.0,0.09579444,0.0,0.0,0.09473189,0.0,0.0,0.035893563,637.43976,214.91083,0.5249856,0.0,0.0,0.17247367,636.5267,229.23482,0.9135551,654.4992,228.11322,0.84177023,631.8324,247.9981,0.79568124,660.683,246.418,0.53615165,627.6334,261.9659,0.6142792,0.0,0.0,0.39592782,641.02106,263.8102,0.9735034,652.5462,263.15353,0.9630105,639.10547,292.21906,0.9721533,647.6326,291.9726,0.95733744,641.9211,320.2886,0.9633332,647.4743,319.1342,0.94967085
0.0,0.0,0.18523155,0.0,0.0,0.20663144,0.0,0.0,0.05194904,209.23915,215.59138,0.741195,0.0,0.0,0.19896789,209.5145,229.61221,0.9582601,230.04784,227.43639,0.87530667,204.9849,249.43208,0.8650788,0.0,0.0,0.43230292,203.35304,255.32172,0.6659828,0.0,0.0,0.29161063,223.17145,265.55536,0.9492432,237.82634,264.80228,0.91080374,223.39595,287.444,0.8873645,241.50629,286.91034,0.7951617,225.38266,315.02335,0.7947469,245.42761,312.61655,0.69900364
