473.77972,168.28276,0.9165917,474.27533,164.21935,0.5382803,469.57742,164.01169,0.93477476,0.0,0.0,0.103979304,455.40488,165.70575,0.9296894,465.29837,188.44908,0.96881974,440.94156,189.6958,0.99362236,477.29758,213.23947,0.758722,439.14392,219.83965,0.97931653,484.00888,211.58289,0.7503924,470.94452,215.34924,0.9558813,459.89148,254.16695,0.9864914,443.6155,256.3743,0.99442446,461.60947,304.89453,0.96472114,453.8194,308.0521,0.98589885,446.5817,354.0072,0.89991575,443.39127,359.90198,0.94811094
551.26965,162.00284,0.68918604,553.23004,158.2434,0.6091276,0.0,0.0,0.39702597,556.7175,162.46461,0.8002018,0.0,0.0,0.47457218,553.9259,187.99594,0.9827884,578.57404,186.32907,0.96054393,538.4736,221.13574,0.9288705,589.878,220.14835,0.8230264,534.0049,214.97144,0.82563835,602.179,218.45932,0.69156796,557.4948,248.28372,0.9879633,572.5646,247.29785,0.98233664,552.97797,293.36496,0.9804613,571.79346,293.14615,0.9739698,547.43945,339.7386,0.9499583,564.9868,340.42236,0.9420694
254.28084,205.06082,0.62718886,0.0,0.0,0.3824855,252.92738,202.28845,0.5498075,0.0,0.0,0.3028382,249.17899,204.41037,0.61095333,246.1483,221.95584,0.9326627,241.78822,222.60277,0.9675099,234.82816,241.84045,0.657093,227.08861,241.92769,0.8398736,223.16508,253.25667,0.5634559,216.25082,255.43175,0.7237968,244.05869,265.69287,0.96658605,241.52881,266.38092,0.97649413,246.84291,300.52643,0.94601125,245.49956,301.15753,0.959025,243.5501,332.5607,0.9121944,242.34827,333.8773,0.9290057
331.80695,209.00398,0.68287295,0.0,0.0,0.3710852,329.5078,206.48279,0.68435884,0.0,0.0,0.18045746,323.15463,207.8804,0.71450984,332.5527,223.25842,0.927507,314.89178,223.71707,0.9764371,336.43475,242.92825,0.6091801,311.47403,245.23863,0.91277117,338.66586,260.19406,0.53790873,319.63916,261.60062,0.82568306,330.7232,263.32132,0.9705988,319.15097,264.07413,0.98400646,332.17697,293.5314,0.9470149,318.07675,294.2171,0.971015,328.6318,320.69345,0.9157953,312.35992,322.03906,0.9463328
758.0436,131.74348,0.843227,0.0,0.0,0.36833468,752.1549,125.77812,0.8772283,0.0,0.0,0.13459942,732.69525,132.42253,0.8758781,732.9702,164.84526,0.8675895,714.6977,170.37122,0.9794398,731.85333,213.65898,0.5916167,705.4371,223.62227,0.9622629,755.1236,239.19891,0.5837827,754.5028,248.75508,0.92905533,730.9753,261.7692,0.96053964,715.9796,267.82452,0.9853439,767.02423,336.668,0.9539129,738.1289,347.02423,0.98364913,761.8781,426.08072,0.8926106,712.4618,438.3647,0.9412312
691.20966,126.15319,0.9184342,693.4198,119.7241,0.5746045,684.5294,119.251274,0.93796986,0.0,0.0,0.19195795,666.34375,125.63954,0.91919756,677.11847,169.77815,0.88436997,649.7183,171.18951,0.9894028,671.312,230.69789,0.5233427,645.5733,232.00377,0.96967536,687.8543,221.10718,0.51534873,694.7162,218.8628,0.92998654,677.6618,279.6447,0.944607,658.39,282.80554,0.982288,683.6325,364.4432,0.9277878,673.09705,369.64877,0.9766717,665.4876,447.26022,0.81626177,655.99207,453.17966,0.9038252
92.570435,214.9502,0.7664794,94.04503,212.8963,0.69209737,90.69208,212.9579,0.7371539,0.0,0.0,0.44786805,87.62452,213.90517,0.5744051,100.6692,224.39767,0.9745234,82.5845,224.64288,0.9756021,105.50657,236.54704,0.85249335,76.77353,237.39058,0.8777639,103.05969,244.19128,0.8065648,79.376595,245.26085,0.8307663,97.46223,251.8095,0.9862002,86.481606,252.01999,0.9868896,97.14486,272.88608,0.9736043,87.166435,273.05664,0.97510386,95.42609,293.30783,0.956345,87.79386,293.63553,0.95851487
692.8862,123.07864,0.8926315,0.0,0.0,0.31300735,686.5944,116.73205,0.9542827,0.0,0.0,0.019399092,664.49524,122.85464,0.9642404,669.8896,164.30058,0.891379,642.4544,168.25496,0.991364,0.0,0.0,0.3904226,635.3052,231.08066,0.9823684,0.0,0.0,0.41915435,683.2624,218.5216,0.9473919,675.2382,276.95435,0.8571215,656.19086,281.57986,0.96081483,0.0,0.0,0.16120808,0.0,0.0,0.47009373,0.0,0.0,0.027744243,0.0,0.0,0.08776312
0.0,0.0,0.2110885,0.0,0.0,0.07864913,0.0,0.0,0.2088357,0.0,0.0,0.14618689,353.4686,205.09406,0.57194185,345.79388,217.20872,0.850543,354.80276,216.65485,0.9365869,0.0,0.0,0.48438686,360.2996,233.15715,0.8336099,0.0,0.0,0.37991658,363.57706,245.28171,0.681322,350.70255,250.1323,0.95762855,356.878,250.1674,0.9747501,352.50797,279.08917,0.9447632,355.3157,278.77682,0.9673418,350.63696,306.6607,0.92602056,349.60602,306.61258,0.9495555
123.349396,207.87985,0.72368556,124.92664,205.93666,0.6383194,122.12888,206.0113,0.5559377,127.4934,207.24644,0.55449927,0.0,0.0,0.3919648,131.86386,218.22366,0.96669555,116.60064,218.94171,0.9552083,136.11827,230.6039,0.8767788,114.964714,231.64583,0.78045744,132.1155,238.96667,0.81771463,118.94827,236.4706,0.717993,128.92899,245.85252,0.97906154,119.17394,246.20201,0.97490567,129.35802,267.66266,0.9689214,119.491585,267.968,0.95991206,129.57619,287.59885,0.9505405,119.48117,287.72073,0.94057673
