0.0,0.0,0.364033,0.0,0.0,0.17558917,0.0,0.0,0.11477815,302.43457,133.91373,0.7083445,331.46652,133.44458,0.60322195,286.04578,171.44171,0.9941451,342.89886,171.62198,0.9877437,258.8882,222.70267,0.9825059,363.5492,225.42299,0.9436569,237.92825,262.2335,0.9412073,362.7877,269.6628,0.8740381,293.98248,269.81912,0.9983492,330.9436,269.71353,0.9973732,286.18265,339.10187,0.9942602,325.26025,334.50513,0.9910256,292.86084,416.36142,0.9640168,325.37952,404.4837,0.95409864
0.0,0.0,0.11151417,0.0,0.0,0.06330424,0.0,0.0,0.10125179,0.0,0.0,0.4431838,83.236916,209.69283,0.6264267,65.75305,223.254,0.9781211,88.10525,223.59872,0.98249096,58.092083,241.85692,0.8122512,94.13741,241.36876,0.88779056,59.08695,257.0167,0.5927062,93.71117,256.82825,0.69854325,68.50124,257.76746,0.9940996,83.25898,257.82275,0.99481153,68.313774,285.08597,0.9871568,84.67339,284.86304,0.9891424,67.15694,310.7669,0.97547525,83.85987,310.8569,0.97859085
419.20114,157.19417,0.9686254,423.3296,152.48196,0.9025062,413.79523,151.87492,0.9571537,427.03043,157.30824,0.54826945,403.14902,155.32298,0.8634258,428.0552,190.46616,0.99079645,392.3798,188.03647,0.9966228,435.03345,231.6713,0.92777795,378.68268,228.23457,0.97997254,443.57297,268.82156,0.895369,375.63898,267.2413,0.9554818,418.19138,268.7812,0.99512935,396.9264,268.43988,0.9971186,413.26566,327.83008,0.9844274,407.74976,327.8549,0.9895174,406.62482,380.60645,0.9445203,407.94888,381.0305,0.95802635
0.0,0.0,0.1019561,0.0,0.0,0.11519724,0.0,0.0,0.028806163,657.7593,180.98398,0.85173506,0.0,0.0,0.37524125,652.7281,202.82794,0.9837609,688.63043,200.51422,0.9645586,647.0651,233.59367,0.9257982,697.8914,229.83307,0.71654886,644.4407,258.07602,0.7194036,0.0,0.0,0.43576828,659.4827,257.50543,0.99262285,683.5838,256.43365,0.9888016,656.4796,301.70404,0.9861973,680.8612,301.35394,0.97532415,659.1533,344.5192,0.9676654,683.1837,342.92877,0.95047486
504.87497,174.4079,0.8752576,509.15875,170.71112,0.7459012,501.0324,169.84924,0.8147746,0.0,0.0,0.463949,493.58273,173.16992,0.6191104,513.7002,200.28952,0.96001583,487.8344,198.2786,0.974378,518.1223,224.78833,0.789017,483.89636,225.43634,0.87067986,512.39014,209.8972,0.7441804,492.48618,221.64934,0.8033143,503.6549,267.9841,0.9880051,486.72324,267.03052,0.99032646,500.87152,322.24066,0.987931,488.54358,321.08612,0.98923814,500.17807,372.44992,0.97673315,486.1628,370.7076,0.9786751
0.0,0.0,0.112087175,0.0,0.0,0.061021876,0.0,0.0,0.0645887,0.0,0.0,0.45784867,540.8939,179.39023,0.5573488,523.27295,198.13547,0.9488312,550.2504,197.66373,0.9736101,524.44604,223.42966,0.7635493,559.5772,226.0721,0.9044062,526.7885,242.63963,0.528311,559.4275,251.27219,0.7188532,527.8723,251.43164,0.9788093,546.05286,250.84949,0.98629874,524.6762,292.71954,0.9335865,542.4784,292.03674,0.9538158,531.9451,330.34436,0.84052724,548.7544,329.06403,0.87541664
0.0,0.0,0.04393411,0.0,0.0,0.033915658,0.0,0.0,0.030855136,0.0,0.0,0.09560964,0.0,0.0,0.09375057,0.0,0.0,0.23312062,0.0,0.0,0.25077945,0.0,0.0,0.2081645,0.0,0.0,0.21284361,0.0,0.0,0.18511543,0.0,0.0,0.18468659,0.0,0.0,0.33159798,0.0,0.0,0.34868106,0.0,0.0,0.31573102,0.0,0.0,0.32506886,0.0,0.0,0.29134655,0.0,0.0,0.3036303
0.0,0.0,0.3309397,0.0,0.0,0.115026064,0.0,0.0,0.32337058,0.0,0.0,0.2745263,131.88095,210.32552,0.8056719,114.87036,225.14534,0.9562618,135.10817,225.57074,0.9840896,108.61588,243.63364,0.68281674,140.82164,245.1566,0.92727643,109.991295,256.3508,0.5177504,142.69814,259.0779,0.80225235,116.7853,260.8374,0.9824933,129.92842,260.8232,0.99030054,118.35974,286.86566,0.96811175,127.606186,286.4809,0.9821733,117.85783,310.61346,0.9497871,123.85517,311.18433,0.96709925
0.0,0.0,0.09479065,0.0,0.0,0.050135665,0.0,0.0,0.06676081,0.0,0.0,0.3960672,803.05316,198.87769,0.569687,779.4862,217.66934,0.9208041,809.8315,217.89297,0.93556166,768.87286,240.79033,0.6658647,817.5013,242.76237,0.7554248,0.0,0.0,0.4187608,817.93164,263.07715,0.50448334,782.3674,263.2912,0.96826327,801.53784,263.3649,0.9720524,784.57446,294.22107,0.9525307,799.8949,294.49103,0.95679975,783.3722,328.82727,0.93401676,794.145,329.3849,0.9385242
0.0,0.0,0.15691856,0.0,0.0,0.084392615,0.0,0.0,0.10770198,0.0,0.0,0.43076345,178.42123,206.41296,0.5501805,163.07452,222.51514,0.96164674,184.19693,222.30835,0.97905135,157.81055,242.52882,0.8205754,191.3001,241.9748,0.91243184,154.06558,257.33432,0.6406561,192.9236,257.78342,0.7618116,167.87138,258.0188,0.98794156,180.87755,258.1005,0.99112964,171.35515,285.40506,0.9719815,179.4519,285.4096,0.9774584,174.59195,310.61215,0.9462392,176.18843,310.4108,0.95378804
0.0,0.0,0.13022722,0.0,0.0,0.05799627,0.0,0.0,0.10418909,0.0,0.0,0.40572432,777.4743,192.347,0.694993,748.7081,207.2492,0.9376042,779.8662,211.56003,0.95250005,732.7289,228.96832,0.58089346,779.99805,237.23004,0.70032996,0.0,0.0,0.32489485,0.0,0.0,0.40917116,743.44824,252.72281,0.975415,763.77234,254.61182,0.97849256,741.6999,288.42828,0.97071373,762.7325,290.70724,0.97302383,739.69855,322.44434,0.95838076,758.0673,326.2729,0.9607173
