0.0,0.0,0.20545498,0.0,0.0,0.1319179,0.0,0.0,0.03741822,361.82303,116.09008,0.83193684,0.0,0.0,0.40842664,348.2307,158.9405,0.9945868,418.29465,162.80086,0.97769713,323.4879,216.64099,0.9873236,434.9546,223.91827,0.8995948,299.1095,270.59967,0.9558308,427.59772,275.8349,0.82010716,356.72446,276.25803,0.9987509,402.38907,278.39905,0.9973558,351.02573,352.15796,0.9969367,390.54153,360.5355,0.9938526,367.51648,425.12253,0.97976214,389.3339,434.32257,0.9690953
0.0,0.0,0.2839121,0.0,0.0,0.26089972,0.0,0.0,0.086853385,561.45465,175.75702,0.796373,0.0,0.0,0.33102617,558.98334,198.43317,0.9879623,583.04865,198.50557,0.97961676,548.9473,228.7322,0.95315146,590.113,229.99455,0.8572297,536.68646,256.84662,0.8610376,589.3119,256.22534,0.70757383,558.80646,255.04288,0.9940708,573.6005,254.29686,0.9925472,554.35754,294.29306,0.9845366,566.09247,294.23102,0.9776145,560.0837,332.27878,0.95801455,567.2969,331.962,0.94588375
0.0,0.0,0.17795232,0.0,0.0,0.08525053,0.0,0.0,0.14252838,77.49395,205.96495,0.50457567,89.962944,206.00192,0.74758476,68.59742,222.16322,0.9721771,95.424736,221.8245,0.9823942,63.15993,243.06349,0.79774773,101.462715,240.79237,0.88707054,63.162365,259.62836,0.5632153,99.73596,254.53926,0.6754118,72.36698,260.0559,0.98798543,90.26796,260.1138,0.990368,70.72635,289.11182,0.9751789,87.49587,289.29562,0.9780788,70.632095,315.9804,0.95429945,86.48352,316.73773,0.95754856
0.0,0.0,0.08491225,0.0,0.0,0.030209431,0.0,0.0,0.06938399,0.0,0.0,0.27599537,752.5538,188.53201,0.66111743,726.3758,205.79654,0.94795346,760.178,205.03381,0.9718949,717.3336,231.34273,0.698016,772.0289,228.46227,0.8773983,0.0,0.0,0.45247188,772.2715,238.57034,0.655457,730.6877,256.2273,0.9865955,751.7055,255.75658,0.99076617,735.2343,295.34766,0.96746516,748.84485,294.9323,0.9772758,734.3312,331.37766,0.9349526,738.9213,331.6541,0.9498526
0.0,0.0,0.13589641,0.0,0.0,0.13648611,0.0,0.0,0.04877184,171.41254,203.1379,0.732946,0.0,0.0,0.31552055,168.7472,219.54861,0.9779482,191.13799,218.38954,0.9622709,163.96518,239.55045,0.918786,196.69225,239.75186,0.780995,163.17642,254.03065,0.7649046,195.39302,256.5737,0.578014,173.71706,258.02148,0.9907141,188.02467,257.40335,0.9877707,175.08826,287.01987,0.9818217,184.56296,286.85812,0.97269803,177.4572,315.96323,0.96289515,183.68869,314.71524,0.94970775
0.0,0.0,0.06251919,0.0,0.0,0.05659394,0.0,0.0,0.025746742,816.2943,191.08786,0.70348555,0.0,0.0,0.3940928,807.62537,211.0253,0.961647,841.92474,211.85188,0.92955095,798.8189,238.05919,0.81839144,847.75116,238.3822,0.57939386,796.4989,259.0849,0.5158035,0.0,0.0,0.29938352,809.2227,263.81808,0.98155147,832.2679,264.15433,0.97387797,804.12244,300.6809,0.9675093,827.5713,301.71304,0.94773394,807.25397,336.56628,0.93691295,829.3528,337.5818,0.9102108
0.0,0.0,0.17460667,0.0,0.0,0.06359879,0.0,0.0,0.17032114,0.0,0.0,0.3344883,128.15523,208.12872,0.7819641,110.469215,223.0289,0.9645323,132.88191,223.08473,0.9866698,105.71519,241.71928,0.74307966,137.88722,244.02672,0.93425995,107.855934,252.37457,0.5247729,140.11594,258.90512,0.7811675,114.90293,260.49997,0.98907614,130.2842,260.5168,0.99351573,114.29836,288.18414,0.97645414,128.99977,287.8907,0.9849517,114.914154,313.68057,0.9579889,128.32974,313.81445,0.9692022
0.0,0.0,0.107156284,0.0,0.0,0.030836327,0.0,0.0,0.10838656,0.0,0.0,0.21460137,513.2555,191.47702,0.74714845,490.75436,208.42184,0.9156591,518.4833,210.279,0.96895534,479.375,231.87123,0.5478073,530.1614,233.34132,0.88492036,0.0,0.0,0.3602232,532.3209,250.10112,0.68564427,492.87888,258.1182,0.9803634,511.29224,258.7002,0.9893751,488.11554,296.0161,0.9701563,511.01596,296.36224,0.98357683,478.33972,331.35223,0.9525867,502.02716,333.1638,0.9696091
0.0,0.0,0.0655609,0.0,0.0,0.100834176,0.0,0.0,0.010766599,682.8351,178.2775,0.7546367,0.0,0.0,0.06856053,682.58374,198.2681,0.95888567,712.09766,196.051,0.80305636,675.9625,230.61913,0.93422127,0.0,0.0,0.36141342,668.2499,248.34654,0.78678846,0.0,0.0,0.25083756,690.1968,258.25885,0.9877154,709.4023,256.74442,0.9688344,686.9893,307.18423,0.9840842,698.3354,306.38315,0.95160776,698.83093,355.42166,0.95888656,702.64014,353.0331,0.9089026
448.3044,180.33159,0.87601185,451.32703,177.43008,0.80956656,445.27826,177.54605,0.80279493,455.59625,180.35739,0.60457426,440.82697,180.60582,0.57417786,460.66238,198.30878,0.9543733,436.7968,199.82614,0.95376694,466.78293,217.01288,0.72627705,434.14417,221.64804,0.71191263,462.49445,229.01308,0.62827396,441.46954,237.25739,0.6076332,457.73965,240.00755,0.9076246,442.4237,240.72292,0.90878636,456.40485,272.87646,0.7975651,444.2709,273.26575,0.7940915,452.86563,300.8528,0.6745431,445.52573,300.89923,0.67123973
0.0,0.0,0.24490893,0.0,0.0,0.054015744,0.0,0.0,0.3072724,0.0,0.0,0.06997279,641.64954,207.62312,0.73744124,626.1877,216.21956,0.8363275,638.4343,218.04634,0.96182704,0.0,0.0,0.43594852,642.8703,231.99629,0.92939186,0.0,0.0,0.38419965,646.14734,231.14734,0.83503693,619.34,250.4701,0.96147877,627.4302,251.25584,0.983441,626.49524,280.39676,0.9466817,631.57025,280.8006,0.978288,620.7023,308.9345,0.92083573,623.7103,310.73975,0.95860153
