0.0,0.0,0.2034483,0.0,0.0,0.079707794,0.0,0.0,0.05550009,316.20297,138.17453,0.64277387,346.28317,137.17647,0.54473937,304.36423,176.47258,0.99162465,362.32306,175.66763,0.9890371,296.31314,233.32257,0.9777009,385.41327,235.25774,0.9621979,286.17474,277.4076,0.9321386,382.5775,283.20752,0.90584075,314.24548,280.30182,0.99868804,355.8884,280.37433,0.99842227,300.14926,352.83807,0.9964198,358.13736,354.91068,0.99593073,295.29733,423.94516,0.97672856,364.08163,425.81235,0.9753091
0.0,0.0,0.07884517,0.0,0.0,0.0737256,0.0,0.0,0.028001498,668.47675,180.61284,0.84093285,686.52106,179.47322,0.52877474,661.87573,201.76953,0.9878684,700.4867,200.0621,0.98367184,653.7909,231.98137,0.92011493,713.25006,228.8107,0.8344243,647.12964,252.16835,0.68811256,704.07135,247.76341,0.5345629,668.2172,256.4758,0.9950335,693.95184,255.5769,0.99416816,660.9715,303.30826,0.9861437,692.6586,303.24042,0.9803442,659.03265,350.17432,0.9645351,691.50604,349.21582,0.95399654
0.0,0.0,0.07063181,0.0,0.0,0.029976632,0.0,0.0,0.053672794,0.0,0.0,0.40615946,762.6339,187.66508,0.642114,735.8714,202.77974,0.95783174,767.41907,205.26628,0.9678936,725.8703,224.41199,0.7217092,771.987,231.00554,0.795666,0.0,0.0,0.4257904,0.0,0.0,0.4877178,738.718,252.04698,0.9881715,760.07776,253.28165,0.98920727,735.19586,290.12878,0.9761044,759.92004,291.2421,0.9757958,736.6999,326.58194,0.9570253,761.36957,328.3802,0.9558922
0.0,0.0,0.11014092,0.0,0.0,0.099907786,0.0,0.0,0.037817303,537.209,178.9366,0.7924932,0.0,0.0,0.4392678,533.74414,200.46442,0.98330736,562.42633,199.3099,0.97931653,527.85956,231.66325,0.9253915,569.6272,230.19197,0.860828,524.14435,259.4272,0.7584917,569.6886,257.1328,0.6435235,538.6154,256.00925,0.99549085,558.995,255.53777,0.9949929,533.7207,297.9013,0.9917936,562.8807,297.9121,0.9891038,530.96045,339.46344,0.9819589,565.95953,338.28134,0.97772664
0.0,0.0,0.22489476,0.0,0.0,0.10763078,0.0,0.0,0.1867543,72.79468,208.51746,0.5124718,83.50776,208.234,0.7772361,65.078094,224.5112,0.9756756,89.36393,223.69357,0.98546314,60.526634,244.49484,0.81072795,96.21771,242.50102,0.9045555,60.595806,260.40805,0.58981425,96.63312,257.36877,0.7172473,69.61354,260.08466,0.9884475,85.82514,259.87405,0.99111474,69.51893,287.69574,0.9747532,84.36902,287.5159,0.9788889,69.99613,313.44885,0.95385116,84.06552,313.6818,0.9587989
0.0,0.0,0.12724705,0.0,0.0,0.07621791,0.0,0.0,0.076164514,0.0,0.0,0.4708989,0.0,0.0,0.48200673,163.01996,219.28525,0.9580363,185.51756,218.52971,0.9686608,158.86632,239.67197,0.7996713,192.64017,238.97388,0.84773505,157.67415,254.29326,0.5862712,195.14392,255.32507,0.6399763,170.4353,256.00748,0.98630476,184.56995,256.04425,0.98797554,174.60188,284.68213,0.97204494,185.08727,284.6913,0.973304,178.0544,311.28595,0.95045817,183.03503,310.5885,0.9518004
0.0,0.0,0.10212712,0.0,0.0,0.06966415,0.0,0.0,0.059923805,795.0523,197.5426,0.647796,810.9683,198.2457,0.61267066,784.6745,217.83862,0.9651158,819.2827,219.69089,0.96676064,772.692,241.79208,0.8023192,824.13513,246.24034,0.7974584,771.4398,260.56247,0.5289676,821.99194,265.24063,0.51973456,786.51965,265.00995,0.9856447,809.6049,265.76105,0.9859644,783.82275,299.83713,0.97566277,808.7943,300.87918,0.9732947,783.71124,333.604,0.96195406,808.8009,334.86008,0.95903444
0.0,0.0,0.12890637,0.0,0.0,0.055312537,0.0,0.0,0.11324894,0.0,0.0,0.3657493,134.16734,207.1553,0.69202703,115.340355,221.50931,0.95649606,138.31021,222.1383,0.9778652,108.677345,239.65796,0.7532643,143.10152,241.28435,0.9025679,108.56681,252.72362,0.5382669,145.05907,255.81902,0.72357446,117.80231,258.10974,0.98874307,133.03026,258.44406,0.99204564,116.524254,285.64032,0.98062027,130.64838,285.924,0.9851129,115.50899,311.4137,0.9674721,128.01257,312.20636,0.97275597
481.8376,175.87572,0.9292373,485.95578,171.97012,0.8689404,477.87253,171.79645,0.8911555,491.84372,175.04276,0.57197225,470.99265,174.26134,0.6566564,499.02673,200.04976,0.9793371,461.75223,198.40242,0.9857529,510.0915,229.49289,0.8798591,450.20905,222.96225,0.9189589,510.66824,244.43774,0.82816195,457.80493,227.74368,0.86640495,491.61115,263.9821,0.9920682,467.39114,263.69855,0.9934683,491.8737,314.75235,0.98872584,468.35175,314.5142,0.98974293,489.28784,364.56705,0.9737245,465.64627,363.9854,0.97526675
405.0296,156.06613,0.92905647,407.35992,152.20685,0.86787266,400.71368,151.69534,0.88345945,408.4776,156.29268,0.58369803,389.01166,154.09474,0.6616365,411.37994,184.52803,0.97802395,375.78073,183.57576,0.9623747,419.2449,220.49666,0.8658146,373.0748,223.17943,0.69583577,428.9858,261.857,0.75325423,385.01178,260.58926,0.5633179,405.84018,257.17136,0.94477874,383.20883,257.69748,0.924014,403.50208,310.42517,0.73880017,387.7052,311.65527,0.6576182,0.0,0.0,0.45755693,0.0,0.0,0.3921936
0.0,0.0,0.15386589,0.0,0.0,0.12612699,0.0,0.0,0.10791805,0.0,0.0,0.2036366,0.0,0.0,0.15979773,0.0,0.0,0.40183625,0.0,0.0,0.4243167,0.0,0.0,0.22539389,0.0,0.0,0.23651385,0.0,0.0,0.20384146,0.0,0.0,0.20441265,0.0,0.0,0.37261152,0.0,0.0,0.39275673,0.0,0.0,0.33270732,0.0,0.0,0.3411102,0.0,0.0,0.34258524,0.0,0.0,0.35153088
