0.0,0.0,0.08134587,0.0,0.0,0.03271622,0.0,0.0,0.056936033,0.0,0.0,0.31842157,662.2254,198.3454,0.6162598,638.0899,221.85373,0.96150565,669.6263,220.3856,0.98050576,632.31616,251.75081,0.8616483,678.86426,249.80164,0.9459009,629.8694,275.34494,0.68969345,677.65875,273.0693,0.826698,646.32733,277.67548,0.9910171,666.89343,276.84946,0.9941164,647.25555,315.2349,0.9742339,660.85034,314.26,0.98185074,654.8966,345.8571,0.9314652,663.5585,345.5304,0.9467376
0.0,0.0,0.1267915,0.0,0.0,0.061467815,0.0,0.0,0.08669281,0.0,0.0,0.49753246,302.13043,170.38226,0.65662146,269.28946,195.98894,0.9629343,307.77625,198.31209,0.97763467,258.60605,234.7723,0.80171716,313.6313,235.11246,0.8913691,258.84607,267.1097,0.559238,310.78696,263.17633,0.6675399,272.832,267.90793,0.9880149,296.4294,269.40146,0.99053603,284.476,321.58417,0.96943486,295.25363,323.06885,0.9736911,285.75967,370.2284,0.91276747,284.24374,372.58566,0.9216137
0.0,0.0,0.35307992,0.0,0.0,0.25490963,0.0,0.0,0.17424655,496.41672,201.30534,0.7181045,511.62088,200.87221,0.6167706,488.01013,219.82092,0.980891,520.2852,219.62138,0.97690964,476.08682,240.0169,0.8449602,523.4509,243.15175,0.7775165,479.05832,247.93428,0.6275189,520.0992,253.13727,0.5535477,495.63528,266.0581,0.98912114,516.5508,265.9321,0.9885002,497.47946,304.213,0.98467237,514.75604,304.22546,0.9824948,498.5127,343.68973,0.97151864,512.86774,343.3072,0.96903104
559.65594,191.66805,0.90838456,562.17554,188.50252,0.8114392,556.41364,188.76257,0.8661726,566.1132,190.84746,0.52464163,551.1739,191.25684,0.71047616,570.569,210.38483,0.9764741,544.81445,210.93065,0.98864603,573.9876,233.09186,0.8340307,536.6888,234.48894,0.927337,574.9727,249.26874,0.77859026,545.9735,250.17015,0.86951053,568.2228,257.81006,0.9830941,552.15027,258.29617,0.9884786,567.77106,295.69904,0.96377003,554.91943,295.9362,0.97292084,562.73987,331.78516,0.930333,553.7137,331.88177,0.94423956
325.92496,186.56331,0.8860679,330.12708,183.3082,0.9166525,324.0893,182.96388,0.64909655,338.54126,185.32301,0.87599677,0.0,0.0,0.19131094,347.9685,204.97542,0.984088,319.0933,204.8655,0.92613155,355.56265,228.87613,0.9557844,315.92816,227.38771,0.51768386,344.94577,237.95451,0.9185754,325.1443,231.28943,0.5179069,341.8798,255.05148,0.9839849,322.42908,254.71135,0.96154475,345.5843,296.1784,0.97974247,322.41043,295.72687,0.9432345,346.53583,337.4544,0.9597986,321.57437,335.7502,0.91467035
0.0,0.0,0.13759543,0.0,0.0,0.165985,0.0,0.0,0.040712494,423.8321,215.14955,0.80742157,0.0,0.0,0.24811563,420.09952,232.36298,0.97044206,447.03995,232.2415,0.9110821,411.34045,253.7597,0.8938851,454.96997,256.10437,0.52264506,406.5045,268.14017,0.68952817,0.0,0.0,0.32886586,423.66888,275.64255,0.98166466,440.6215,275.3249,0.96630603,423.76694,306.84235,0.9712913,436.96573,307.15567,0.9412709,429.60104,337.19373,0.9509801,438.33136,336.36346,0.91723543
179.48093,200.47174,0.8713515,183.21448,197.1994,0.89116913,176.9181,197.17218,0.628064,190.5275,199.45903,0.8478509,0.0,0.0,0.2160642,200.76384,218.35497,0.98501354,171.3878,219.18729,0.94020176,211.10509,241.15811,0.9424846,170.8428,241.93462,0.5414681,200.32825,239.13246,0.8935037,178.58139,237.65108,0.52204394,196.7807,267.26483,0.9852836,178.3149,267.4526,0.9687038,194.61674,311.43668,0.97792405,182.68489,311.56323,0.9460038,195.59958,355.13086,0.9560029,191.22958,354.08063,0.9145965
0.0,0.0,0.11408053,0.0,0.0,0.057244044,0.0,0.0,0.08147501,0.0,0.0,0.32106563,0.0,0.0,0.48391357,144.41016,221.20607,0.8863456,166.93057,222.47668,0.89098173,135.57246,240.2765,0.5131876,164.15283,242.67027,0.5361107,0.0,0.0,0.299166,0.0,0.0,0.30603486,145.3348,263.94455,0.9480844,161.0748,264.85654,0.9467786,142.26784,298.77817,0.93025655,159.57848,299.8638,0.92420644,140.93013,331.72952,0.8999906,157.85007,333.2802,0.8932913
0.0,0.0,0.11150819,0.0,0.0,0.064535476,0.0,0.0,0.07990185,0.0,0.0,0.33845,0.0,0.0,0.45064765,683.6658,221.57,0.9111091,703.3628,221.39128,0.93036985,679.605,236.8544,0.6814256,708.08954,236.80708,0.7611934,0.0,0.0,0.47918868,706.65796,249.43141,0.5532002,687.6147,251.0467,0.9658343,700.4879,250.99818,0.9705869,688.39825,274.4414,0.9418971,698.21436,274.40564,0.9469256,689.5643,297.22473,0.9138124,695.9823,297.27786,0.9187368
0.0,0.0,0.38359216,0.0,0.0,0.38784668,0.0,0.0,0.15559284,467.45248,199.82808,0.61012834,0.0,0.0,0.10906069,470.44052,214.72858,0.9056863,470.1522,213.35852,0.81666255,471.2857,234.59001,0.70970964,0.0,0.0,0.327675,462.86194,238.18283,0.584147,0.0,0.0,0.2834802,468.0388,255.22252,0.9361059,468.34283,254.40074,0.9084559,466.93393,288.77435,0.8993387,467.2268,288.2578,0.84735256,470.58298,321.41757,0.83159053,469.17267,320.31546,0.7727522
