0.0,0.0,0.19539264,0.0,0.0,0.10695852,0.0,0.0,0.050413705,282.16437,148.4691,0.72604847,0.0,0.0,0.42476615,266.85568,179.8205,0.989717,327.30905,183.9346,0.97533935,244.3303,221.11414,0.976334,339.46863,232.21732,0.9119263,237.0601,256.07413,0.932564,332.5455,271.87112,0.83410877,276.22128,269.07367,0.99825865,315.00772,270.714,0.997165,272.68304,329.50803,0.99684864,301.2368,333.9891,0.99505687,277.63004,384.91345,0.98671514,296.5685,390.2813,0.98258936
469.88174,145.1346,0.9244069,470.9365,140.71327,0.53364724,465.3561,140.33136,0.92008144,0.0,0.0,0.17592429,447.7636,144.81252,0.9092897,466.2524,179.43202,0.96667606,428.49023,181.17836,0.9968881,475.538,225.19572,0.855982,419.3731,230.61047,0.9929222,486.70157,265.83228,0.8200678,419.3211,274.0054,0.98095185,467.32712,264.78558,0.9944989,440.94327,266.619,0.99822694,476.32523,329.74017,0.9864277,438.52173,331.1582,0.99565816,477.5073,388.97797,0.9540509,432.2862,391.79056,0.9776044
0.0,0.0,0.089396015,0.0,0.0,0.06961274,0.0,0.0,0.036249693,804.47797,197.30432,0.7477064,820.9026,197.86906,0.5127497,792.3752,218.19762,0.97579294,828.6854,218.72394,0.9583886,776.5836,246.19882,0.8597818,830.893,243.4851,0.6666776,776.5038,264.79803,0.5884028,0.0,0.0,0.36942056,795.8965,271.6002,0.99074125,822.06964,272.27075,0.98718345,789.18317,311.34528,0.9843946,829.3042,312.65646,0.97482973,781.79065,348.33145,0.97012156,831.55426,349.61627,0.95775497
0.0,0.0,0.32733077,0.0,0.0,0.29505163,0.0,0.0,0.15321238,654.03033,182.92485,0.8373751,664.627,182.58995,0.59087914,647.8715,203.8755,0.9842771,676.2123,202.76726,0.97938716,640.92224,231.98726,0.8778171,684.83093,229.72688,0.77338505,641.35425,253.7642,0.6599456,681.9776,250.88368,0.5183693,654.4792,255.24849,0.9884741,672.6251,254.92033,0.98632556,653.2965,297.70807,0.9803504,667.3821,297.7893,0.9726547,656.9697,340.81958,0.9596766,666.0611,339.91562,0.9480485
0.0,0.0,0.27991858,0.0,0.0,0.118335545,0.0,0.0,0.2569867,0.0,0.0,0.41857517,85.31332,210.05531,0.7924861,67.58801,224.7899,0.97031295,88.8306,224.6382,0.98461956,61.617565,243.76555,0.7769646,94.31266,242.69632,0.9111073,61.014145,258.5714,0.5772322,94.46046,256.8756,0.7478122,68.97147,259.04276,0.98543906,82.97918,258.92792,0.98957086,68.48611,284.3519,0.9687095,79.86326,284.21603,0.9759704,70.16248,307.21494,0.94569695,79.78692,307.94168,0.9543535
558.1022,165.33455,0.93450797,562.905,161.9896,0.7925785,553.1647,161.42792,0.88837886,566.58875,167.24338,0.5326679,543.00024,165.54675,0.787652,568.96466,195.95406,0.9829967,531.2734,193.1953,0.99265385,576.6174,227.04396,0.9196819,526.1917,222.0007,0.9710457,564.77313,208.55508,0.8713161,539.9083,202.58876,0.9393651,555.95844,265.85788,0.99477285,533.17444,265.1031,0.99630475,547.3884,325.26093,0.99228585,549.21014,325.48636,0.99499196,533.4081,376.84457,0.97828263,562.9311,379.2608,0.9839315
0.0,0.0,0.14847243,0.0,0.0,0.06813713,0.0,0.0,0.12800384,0.0,0.0,0.39291963,130.76917,211.64648,0.69671226,113.43012,225.40091,0.95854974,135.63223,225.37866,0.97806954,108.10478,242.09073,0.7552985,140.25667,242.49747,0.89772344,107.70756,254.25919,0.5381881,140.30043,255.81781,0.7170858,116.94569,257.89462,0.98744684,131.75441,257.99744,0.99097705,117.32518,283.38638,0.9776429,130.50328,283.45065,0.98267627,117.13151,307.31464,0.9636492,128.81516,307.66077,0.96935666
0.0,0.0,0.13304515,0.0,0.0,0.07412352,0.0,0.0,0.08750951,0.0,0.0,0.43604186,177.9977,208.2648,0.5094032,162.73935,222.17314,0.9583224,182.56537,222.56718,0.9708553,156.26169,240.27512,0.8054222,188.46736,240.80785,0.8658949,153.86586,253.39972,0.6119119,188.54372,254.66129,0.6792162,164.85663,255.86606,0.9881346,177.87962,256.1134,0.9899921,163.39583,281.94266,0.9776718,176.9516,282.26956,0.97921044,162.14465,306.77563,0.96183366,173.96344,307.13245,0.96348596
374.6442,206.82791,0.8351097,376.41663,204.43303,0.6726566,371.89218,204.1201,0.8090217,0.0,0.0,0.38629785,365.44235,206.18933,0.7072945,379.3984,223.80174,0.95002687,359.83862,223.04982,0.9741899,383.9498,240.4993,0.65665865,360.37018,242.09738,0.83729726,383.57767,246.2467,0.5874561,368.93787,249.85844,0.74111825,377.35367,262.74005,0.9645542,364.7198,262.74283,0.9756682,374.91904,296.5615,0.9449095,364.6023,296.57635,0.9598709,373.2187,331.43222,0.9295986,363.72632,331.66458,0.9440449
0.0,0.0,0.12394552,0.0,0.0,0.054216687,0.0,0.0,0.10528828,0.0,0.0,0.18748043,0.0,0.0,0.45091683,499.77756,205.99712,0.7652597,519.2393,206.64618,0.81194293,0.0,0.0,0.36538926,0.0,0.0,0.4902426,0.0,0.0,0.22581519,0.0,0.0,0.28987205,502.37778,252.19844,0.8207772,515.15656,252.98392,0.8383482,506.14728,290.32397,0.6690178,516.9555,291.0468,0.69618875,506.66748,323.28018,0.5461984,513.2296,324.9554,0.5722362
