603.2714,184.771,0.9477864,606.6142,181.34605,0.91501665,600.0675,181.31436,0.8955067,611.7029,183.28828,0.7226749,595.1149,183.33212,0.6302871,619.7872,204.16277,0.9895503,588.28436,205.04066,0.9910088,628.4433,229.16771,0.95058936,582.5146,231.54663,0.94302297,622.8455,251.04578,0.9256979,581.4849,255.20169,0.9107189,613.2714,255.18147,0.9930057,593.34033,255.40527,0.99329776,613.61,293.5186,0.98486984,594.8196,293.48453,0.9832954,610.52905,327.94995,0.9632239,595.55585,327.7883,0.96081656
0.0,0.0,0.19984181,0.0,0.0,0.13426605,0.0,0.0,0.092235714,224.35782,176.53792,0.5057809,0.0,0.0,0.3305747,215.51122,199.02846,0.93337417,251.17395,198.92662,0.8708021,206.50838,231.58087,0.83781147,256.53888,228.25766,0.6485212,202.03435,258.8163,0.68274456,250.70728,248.91466,0.5119425,221.7915,257.50937,0.97969157,246.8107,257.60962,0.9705368,216.83507,311.4864,0.9781236,247.22775,312.98456,0.9696618,217.09224,359.63837,0.95829576,250.79155,360.769,0.9492454
370.89844,204.11127,0.8345327,371.2893,201.31863,0.558924,368.18143,201.27026,0.81597024,0.0,0.0,0.3416676,361.94345,202.9497,0.8372985,364.74344,220.41806,0.9659466,358.1395,219.74919,0.98978615,368.06052,237.99695,0.7099144,351.59525,237.84799,0.93892664,372.01715,237.57903,0.6489772,353.06226,241.354,0.8725677,363.08536,264.4646,0.98738784,361.81488,264.42557,0.9933795,355.51093,301.14716,0.9857277,368.67328,300.8398,0.9917424,351.33334,338.07788,0.97896427,374.4186,338.2746,0.9858828
472.0115,207.13976,0.909515,474.6359,204.63019,0.8494759,470.01447,204.83913,0.8356556,479.0199,206.5371,0.68150735,467.28445,207.01292,0.6288215,485.16827,221.46638,0.9871497,461.6998,222.5961,0.9897858,490.09378,237.71867,0.917214,454.93216,239.19414,0.9271189,484.00565,237.64229,0.8707819,462.63858,238.7989,0.8772857,482.01834,258.91354,0.98868364,466.62518,259.47842,0.99013174,482.4463,287.93387,0.97511625,465.165,288.27887,0.9759355,481.3856,315.21677,0.9458185,465.38193,315.20087,0.9466652
318.02286,213.83124,0.7898335,319.4239,211.85992,0.6765349,316.41843,211.68854,0.7589778,0.0,0.0,0.42326787,313.14465,212.45639,0.6230668,323.33496,224.48425,0.98148865,308.0619,223.87825,0.9839663,329.08432,236.77191,0.86000746,302.6194,236.04918,0.91184783,330.5048,241.56952,0.8094979,304.12442,241.38492,0.86387426,317.04602,254.70264,0.99097097,308.4929,254.4595,0.99174786,314.8766,279.6439,0.97912395,308.77173,279.20715,0.9817324,311.174,302.906,0.9596812,306.50244,303.06824,0.9639639
0.0,0.0,0.23262736,0.0,0.0,0.13766134,0.0,0.0,0.27719727,0.0,0.0,0.069827706,0.0,0.0,0.27862906,0.0,0.0,0.15606664,0.0,0.0,0.44394776,0.0,0.0,0.06717853,0.0,0.0,0.42219833,0.0,0.0,0.09835342,0.0,0.0,0.37912542,0.0,0.0,0.19906864,0.0,0.0,0.3705042,0.0,0.0,0.27129263,0.0,0.0,0.46455833,0.0,0.0,0.39219606,844.82385,331.1402,0.55182344
282.8165,218.47803,0.8179574,284.3519,216.5161,0.7211455,281.1713,216.45305,0.7854431,0.0,0.0,0.46485904,278.37302,217.32805,0.6471443,289.9413,228.37819,0.979514,273.388,228.1822,0.98281074,296.28082,239.9114,0.8357907,266.50952,239.83923,0.89831465,298.8979,251.08992,0.7726779,265.1662,251.52045,0.8383273,285.8654,254.46074,0.9823533,276.4828,254.44931,0.98392767,284.09015,273.90292,0.9539579,277.043,273.66208,0.9601765,282.2939,291.77063,0.916793,276.63858,291.8009,0.92606235
0.0,0.0,0.11393864,0.0,0.0,0.06770867,0.0,0.0,0.11229708,0.0,0.0,0.25443113,0.0,0.0,0.44723314,184.59145,224.78558,0.8635528,200.63185,225.36655,0.8976592,0.0,0.0,0.48309207,202.6646,239.86574,0.6515046,0.0,0.0,0.30722833,0.0,0.0,0.42632714,186.74295,252.63313,0.9381055,196.6266,252.92957,0.94763446,188.337,275.09467,0.89880323,195.29689,275.23746,0.91573673,188.54767,295.98465,0.87934625,192.33446,296.534,0.89523596
0.0,0.0,0.3415108,0.0,0.0,0.21812099,0.0,0.0,0.33546108,0.0,0.0,0.36442083,138.6828,218.62726,0.6227114,132.06796,228.26236,0.9620504,140.14854,228.40344,0.96932316,129.49557,238.11722,0.7734055,144.00038,237.96962,0.8637784,133.35078,243.31012,0.6229732,146.26967,242.8243,0.7275103,133.9974,251.66946,0.97038203,139.4791,251.89604,0.9739053,134.64894,267.1446,0.9123053,142.31136,266.963,0.92621285,132.52518,281.77805,0.8466263,141.24689,282.16943,0.8654493
413.77972,227.8738,0.83354104,415.53668,225.99251,0.81005204,412.45544,225.99228,0.7325993,419.10956,226.689,0.6645441,0.0,0.0,0.44562012,423.32474,235.81856,0.98027325,409.39972,235.93169,0.972976,427.34192,246.13426,0.89453727,406.1316,246.03268,0.8302722,424.27783,252.40312,0.85384154,407.02353,251.89511,0.7923672,421.0783,258.64835,0.9828904,412.5616,258.61325,0.9803648,419.73865,276.62082,0.9628678,412.80106,276.45517,0.9564005,419.96704,293.35693,0.9324809,414.34647,293.11038,0.9238834
