0.0,0.0,0.0019458504,0.0,0.0,0.0011939633,0.0,0.0,0.0002110824,594.6098,0.0,0.55359834,0.0,0.0,0.036681205,580.71783,51.466064,0.900597,698.2469,40.40726,0.7496216,545.7682,177.47238,0.85143316,689.7489,162.1468,0.59039456,588.5558,163.95923,0.57091886,0.0,0.0,0.313269,600.43445,265.8958,0.9662588,687.10175,259.31442,0.95078504,569.1537,448.8278,0.64114237,689.14606,440.01584,0.56551385,0.0,0.0,0.056577075,0.0,0.0,0.048031516
0.0,0.0,0.122835524,0.0,0.0,0.06716467,0.0,0.0,0.07171138,244.75417,189.9225,0.5470166,261.6112,189.64424,0.6256301,237.39307,209.95921,0.97194666,271.70316,209.8864,0.9795736,228.68289,237.95665,0.854836,282.14035,239.45572,0.8999819,228.27434,261.3634,0.64780855,282.6652,263.60928,0.71539307,243.99252,263.81882,0.99184835,266.79016,263.59323,0.9932933,240.81143,301.91168,0.9849775,264.90982,301.70596,0.98645717,238.90215,339.27728,0.9706727,262.85007,339.08508,0.97294575
461.14658,150.3365,0.94251144,465.0479,145.72601,0.80276805,456.25717,146.34938,0.90797025,470.3786,148.8654,0.52419305,449.61765,150.43115,0.8037736,481.32578,178.5773,0.9754625,438.8617,181.39647,0.9930019,489.6313,215.12593,0.884887,437.3937,222.33371,0.9769207,480.2976,216.39172,0.8485252,469.21255,219.01692,0.9527601,471.3983,254.78648,0.9898038,444.28772,255.58594,0.9943303,462.75775,320.44296,0.97698545,448.78522,321.68268,0.98793346,448.48364,377.23404,0.92208403,447.2364,379.44482,0.94849634
0.0,0.0,0.2190761,0.0,0.0,0.112855084,0.0,0.0,0.18266803,0.0,0.0,0.44753015,87.47824,218.8713,0.68956834,73.45037,230.65097,0.9651066,91.07099,230.80183,0.98173714,68.4382,244.94614,0.78430724,96.77108,244.44577,0.9079827,67.78679,258.5779,0.5914319,97.642166,257.10236,0.74959683,74.85866,257.4614,0.9849861,86.22885,257.7213,0.9892424,75.21371,278.2846,0.96946645,84.1206,278.61145,0.9763425,75.38606,297.64243,0.94889957,82.2039,298.25226,0.95686686
0.0,0.0,0.14337763,0.0,0.0,0.07697046,0.0,0.0,0.14000052,0.0,0.0,0.40218708,392.65488,203.7634,0.651563,374.27527,217.08487,0.97321284,396.46848,218.15338,0.98008806,366.28174,235.7523,0.78307235,402.2366,236.45908,0.88541335,369.02124,250.07617,0.5772824,402.9368,250.71162,0.70859665,376.9854,253.51697,0.992084,391.0824,254.00354,0.99322814,378.1579,282.3976,0.98340815,392.3897,282.44135,0.98654395,377.3715,309.73267,0.964989,390.7785,310.41397,0.97033983
0.0,0.0,0.43863687,777.5548,212.57533,0.50742185,0.0,0.0,0.13584785,784.6014,212.93777,0.83072567,0.0,0.0,0.15937655,787.4298,227.06891,0.97350943,796.57666,226.04153,0.913399,780.54535,245.28693,0.9159537,798.5896,243.97968,0.5192404,769.9688,256.0449,0.80624497,0.0,0.0,0.42163858,789.2162,265.22006,0.9719945,795.7299,263.79214,0.9490813,783.14484,291.7034,0.9402786,794.1412,290.66928,0.87885344,783.9592,315.63678,0.8869074,795.59863,313.15915,0.8163183
0.0,0.0,0.13431664,0.0,0.0,0.07402756,0.0,0.0,0.11271057,0.0,0.0,0.42708,162.86732,216.12764,0.58882356,148.7086,226.46796,0.97383285,166.64641,226.98459,0.978508,142.67447,240.58112,0.79024595,171.86086,241.04578,0.8650206,142.64911,250.63506,0.56632006,172.17337,251.16524,0.6600729,149.9777,254.30219,0.9882504,161.19614,254.45541,0.98945147,149.81375,276.93546,0.96969193,159.71681,276.85187,0.97382075,148.08228,297.6208,0.9444112,156.69939,297.9602,0.9506344
0.0,0.0,0.13760188,0.0,0.0,0.059728045,0.0,0.0,0.121613845,0.0,0.0,0.26339757,123.119156,217.62393,0.6127553,108.312004,229.27353,0.9329829,126.21808,228.61734,0.9687529,103.7257,243.30812,0.7272985,129.8922,243.43263,0.91049737,103.030495,255.32086,0.55688673,131.10898,257.6749,0.7774794,110.40276,255.88058,0.98130506,122.03256,255.58551,0.9879524,111.61711,276.41656,0.96328425,120.08619,276.0824,0.97549284,112.089485,294.29526,0.9429761,117.59874,294.25055,0.95733035
0.0,0.0,0.095436506,0.0,0.0,0.043511346,0.0,0.0,0.07330301,0.0,0.0,0.24195084,0.0,0.0,0.49442288,290.76898,230.34659,0.8899243,312.77588,228.96274,0.9234673,287.29102,246.7165,0.6284651,318.3075,245.1433,0.79226613,0.0,0.0,0.43741485,317.86996,259.159,0.5975781,294.10953,260.9967,0.9664533,308.5431,260.21356,0.973531,292.5982,284.0897,0.94705397,303.92587,283.3229,0.95770717,293.1602,306.69977,0.9276834,301.83743,306.06076,0.93849385
0.0,0.0,0.08174883,0.0,0.0,0.062049802,0.0,0.0,0.05886825,0.0,0.0,0.09819002,0.0,0.0,0.10178672,0.0,0.0,0.21278991,0.0,0.0,0.2952461,0.0,0.0,0.18059593,0.0,0.0,0.2698073,0.0,0.0,0.18249303,0.0,0.0,0.24201183,0.0,0.0,0.24873406,0.0,0.0,0.30474827,0.0,0.0,0.18709569,0.0,0.0,0.22338374,0.0,0.0,0.14210963,0.0,0.0,0.16701935
516.73096,198.62097,0.88868785,520.9465,195.1558,0.7949455,513.3007,195.34592,0.88219184,0.0,0.0,0.4483947,507.87564,198.55476,0.7234311,532.8374,218.92863,0.9201127,499.10992,218.83495,0.97181183,0.0,0.0,0.49688303,486.59015,237.4022,0.8387179,0.0,0.0,0.4373877,490.8786,232.35088,0.72457033,522.5608,269.1592,0.9079053,500.85797,268.77505,0.94729596,518.1036,311.62076,0.821753,496.89902,311.01056,0.8873756,513.26105,353.72278,0.7465272,497.14114,353.0091,0.81502235
0.0,0.0,0.05605905,0.0,0.0,0.053778213,0.0,0.0,0.024013,0.0,0.0,0.48024243,0.0,0.0,0.17090183,341.3302,220.25706,0.86946106,361.00266,219.38603,0.7487503,334.8184,237.40202,0.6951522,0.0,0.0,0.36489224,0.0,0.0,0.47125614,0.0,0.0,0.23862289,342.9744,253.21507,0.9529057,356.02594,252.7316,0.9265739,337.7161,280.47336,0.94851696,351.77832,280.40024,0.9111299,338.33356,303.87238,0.93157196,351.35995,303.2032,0.89704716
