0.0,0.0,0.102084205,0.0,0.0,0.036047805,0.0,0.0,0.07096322,0.0,0.0,0.34881353,303.03955,204.08325,0.6777995,272.47604,222.3258,0.96694314,310.4446,224.43102,0.97993547,263.057,250.66127,0.83556825,323.48734,255.74469,0.91883713,260.10748,271.0041,0.63322777,318.8929,277.16165,0.7520289,274.68585,282.3713,0.9911184,298.84818,282.81085,0.9934676,275.7444,323.9489,0.97819066,293.91785,324.13113,0.9831094,282.2581,365.3527,0.9413369,293.63788,366.97562,0.9513029
0.0,0.0,0.3464533,0.0,0.0,0.08375851,0.0,0.0,0.22613569,0.0,0.0,0.33810636,189.69547,172.9136,0.7017165,147.84564,199.88048,0.9786379,189.49779,206.11324,0.9817498,124.48347,245.08731,0.942238,200.69283,247.516,0.95676047,127.70546,283.2685,0.88262683,207.2618,275.18167,0.9048079,161.14044,285.1612,0.99643075,183.7297,287.9534,0.9966878,174.61285,338.00092,0.99246675,168.58539,343.3711,0.9930461,184.64215,389.44998,0.9733459,152.26022,397.00488,0.97386
1.6306663,165.18059,0.54422665,5.8416405,161.20456,0.7752786,0.0,0.0,0.16600631,16.226437,166.1332,0.8067013,0.0,0.0,0.0424255,27.117178,195.3128,0.95045614,0.0,0.0,0.18600011,29.388657,231.35898,0.9240438,0.0,0.0,0.031385154,8.156896,249.26855,0.8126357,0.0,0.0,0.053105265,21.722284,271.37073,0.8964429,0.0,0.0,0.47625187,31.873373,330.83875,0.9000274,19.39163,331.2291,0.50220555,40.26729,391.4221,0.8198076,27.543734,385.4822,0.52305704
0.0,0.0,0.15808675,0.0,0.0,0.08051162,0.0,0.0,0.10009488,543.7661,198.90933,0.508599,559.2462,198.47397,0.666405,534.9372,219.1859,0.97236246,567.5433,218.70488,0.9775138,526.0309,243.6769,0.8398865,575.13104,246.032,0.87622714,532.84,255.19469,0.6158207,574.20593,261.42578,0.6694969,541.9848,271.53735,0.99125284,563.5611,271.26416,0.99234337,544.4486,312.8439,0.98523384,561.92236,312.5003,0.98618746,544.23755,353.52777,0.96969754,559.312,353.2632,0.9711546
0.0,0.0,0.122747235,0.0,0.0,0.059554942,0.0,0.0,0.09295054,0.0,0.0,0.38247466,691.4755,200.88882,0.6326709,672.4884,217.93106,0.9511922,698.17645,216.96819,0.9705895,668.50146,240.13805,0.7507262,704.6612,239.05867,0.87677884,668.4564,261.2347,0.5137665,705.4501,260.05417,0.67051685,678.2444,257.57306,0.97896284,694.5571,257.20166,0.9845503,681.36273,287.53882,0.9489,690.4791,287.13223,0.960841,686.33936,314.43832,0.89875615,690.11444,314.25085,0.9155863
0.0,0.0,0.14136894,0.0,0.0,0.086912625,0.0,0.0,0.06925288,0.0,0.0,0.47669587,0.0,0.0,0.38658103,339.31967,213.2124,0.9302414,361.15793,212.92862,0.9198501,334.85364,237.55902,0.6806577,377.5847,234.40251,0.6047315,0.0,0.0,0.47535658,0.0,0.0,0.40158784,345.0268,271.30225,0.9826989,361.01758,271.30957,0.9815029,341.25848,316.44717,0.98399633,367.53476,316.3391,0.98134077,340.9698,361.69202,0.9745524,370.2196,360.75964,0.9713082
478.00272,209.13182,0.86531574,480.5528,206.82582,0.8135844,476.42935,206.6477,0.7511857,485.17294,209.28622,0.63404393,0.0,0.0,0.45733365,490.86456,224.24258,0.97282773,469.47342,224.63115,0.9672354,496.5422,239.36052,0.89890563,465.7287,240.25089,0.84157014,488.9519,237.30502,0.8544776,471.383,238.13925,0.79484385,488.1963,261.57178,0.98158044,474.06848,261.84918,0.9791711,490.0927,290.46246,0.97307813,474.66043,290.5509,0.96649206,491.87527,317.261,0.957928,475.68628,316.7244,0.95037395
0.0,0.0,0.13916487,0.0,0.0,0.109249845,0.0,0.0,0.066942304,0.0,0.0,0.4549811,0.0,0.0,0.27078617,642.0674,226.80032,0.9214638,661.7913,226.61801,0.9087598,636.7086,244.96597,0.754857,665.07153,245.43738,0.6636516,633.30743,256.30835,0.57351345,0.0,0.0,0.48735797,645.35736,264.06342,0.97273886,658.25104,263.83493,0.9711467,646.0516,294.3937,0.9596386,656.6218,294.35477,0.95333844,649.27057,324.56796,0.94194967,655.76385,324.15793,0.9357858
406.12665,211.87944,0.76175094,408.30576,209.14682,0.7465584,404.95862,209.19878,0.5292794,414.28314,209.78194,0.66887087,0.0,0.0,0.25577798,421.3399,223.7476,0.9574471,405.68927,224.58261,0.9130581,427.67456,240.73332,0.8699096,402.59238,243.19997,0.61464435,425.19855,249.56732,0.80536634,401.99698,253.90245,0.57901895,420.27756,261.942,0.9758605,410.87207,262.16928,0.96334547,421.92813,293.71588,0.9780667,413.36356,293.72894,0.9631751,423.9253,325.84488,0.9725627,415.40576,324.79596,0.9595205
522.9436,197.1031,0.6909591,524.5575,194.31578,0.62836856,521.78986,194.57506,0.5554453,0.0,0.0,0.46811396,0.0,0.0,0.31723028,531.05963,208.70459,0.9060302,518.90674,209.01439,0.9005467,530.14136,227.9457,0.6404876,512.0534,227.98401,0.5916504,523.5474,232.9855,0.5684188,512.6099,233.608,0.52575034,529.32874,250.12166,0.9159622,522.0184,250.2351,0.91404754,528.59015,286.8258,0.8193546,522.35425,286.60266,0.80828977,528.705,322.30502,0.6844948,523.177,321.96127,0.67150736
