0.0,0.0,0.05806516,0.0,0.0,0.063944824,0.0,0.0,0.018431848,820.2674,196.81007,0.76856333,0.0,0.0,0.33687496,813.1191,225.58063,0.9430284,851.3911,222.0015,0.8669216,805.7536,263.6326,0.7625233,0.0,0.0,0.35087287,0.0,0.0,0.40100685,0.0,0.0,0.14806205,827.6741,292.83673,0.95712554,853.91125,291.79034,0.93005216,820.5694,350.15274,0.91761965,849.09705,349.88794,0.8458285,821.465,405.1577,0.83024067,850.4899,403.67346,0.74303615
0.0,0.0,0.13301662,0.0,0.0,0.09838474,0.0,0.0,0.054118168,747.60834,183.27998,0.7404482,770.83923,182.69469,0.5283366,738.7116,210.62929,0.97896224,783.97626,209.5365,0.9806718,727.5135,246.90657,0.8897101,790.4294,244.67047,0.86766595,732.9979,273.67932,0.6772871,787.44727,274.22037,0.62742054,747.90656,278.8351,0.9909932,776.316,278.43674,0.99103653,757.0259,327.8234,0.97727466,771.8204,327.4631,0.97408175,766.08154,381.11813,0.93570966,769.09985,379.81595,0.92969
0.0,0.0,0.110126056,0.0,0.0,0.059691153,0.0,0.0,0.06253491,0.0,0.0,0.44569573,538.52155,197.0311,0.5294584,514.73535,218.37918,0.9505577,545.90564,217.40358,0.9483703,507.80658,246.96715,0.7734771,552.6853,244.73523,0.7565357,507.71426,270.9975,0.5348446,549.2245,265.19916,0.5163357,518.8361,270.5181,0.98605216,539.9881,270.18436,0.98603904,517.4312,313.7657,0.9812943,540.41675,313.74838,0.98014784,516.3708,354.12625,0.9666941,540.3121,354.58694,0.9653999
0.0,0.0,0.104299806,0.0,0.0,0.050554253,0.0,0.0,0.05944195,0.0,0.0,0.49920407,322.5841,202.5576,0.6350117,295.30096,223.38919,0.98300755,331.37943,220.3789,0.98760194,284.17972,254.49126,0.92833966,343.35785,250.337,0.9439811,283.893,278.93405,0.789266,341.98895,275.1854,0.8148192,302.66064,270.2856,0.99575555,325.2368,268.8936,0.9965377,308.11725,315.4791,0.9881048,323.33466,314.205,0.98932976,310.22266,359.83865,0.9650164,319.78412,359.0483,0.96788657
0.0,0.0,0.11495986,0.0,0.0,0.065773174,0.0,0.0,0.07975826,387.08124,195.95193,0.5203265,402.05136,196.79118,0.599245,378.54398,218.94324,0.95478076,408.65903,220.33665,0.9723468,369.44885,247.91328,0.7956682,415.13055,248.99905,0.88181496,366.87198,275.09558,0.5828617,416.09033,276.04694,0.6819652,380.19104,271.3686,0.98784024,399.23798,272.07266,0.99039954,381.7098,309.8553,0.9807343,395.76468,310.65707,0.9826382,383.971,347.2788,0.9657828,392.99457,348.54822,0.9678326
0.0,0.0,0.07297783,0.0,0.0,0.0655797,0.0,0.0,0.03124117,582.6773,215.94617,0.62129146,0.0,0.0,0.33692533,578.7306,235.5272,0.9616624,604.6443,234.87553,0.95301783,571.96704,259.41226,0.8815309,611.7804,259.822,0.81269574,569.23096,276.69843,0.6878763,613.74286,278.12915,0.5951903,582.7553,283.0743,0.9874692,598.4304,282.8277,0.9860366,587.7872,318.14874,0.9737288,594.91754,318.4599,0.9673857,592.61255,352.29346,0.94170696,592.4281,351.79517,0.931441
0.0,0.0,0.119627245,0.0,0.0,0.072370626,0.0,0.0,0.07953208,456.1328,230.04997,0.5025258,467.27252,229.84424,0.5606939,450.54977,245.25821,0.9647258,473.53482,245.41672,0.97305423,445.0818,264.4639,0.82325876,480.803,266.44177,0.8680695,444.551,281.82626,0.60423857,483.7528,285.69034,0.6612728,455.00363,280.79446,0.9868037,469.67468,281.08124,0.9885338,457.9742,307.3082,0.97208,468.95334,307.65942,0.9736125,460.70367,331.75726,0.94831073,467.61533,331.9166,0.9497261
0.0,0.0,0.13036408,0.0,0.0,0.10145457,0.0,0.0,0.0788699,626.9093,231.86787,0.6258388,0.0,0.0,0.460336,622.9545,244.00711,0.97359914,643.3515,243.72778,0.9677653,618.24115,259.84244,0.8076719,649.7691,259.249,0.7403544,618.73755,271.55524,0.5742557,0.0,0.0,0.49848008,626.9083,274.63306,0.98728704,641.0951,274.55148,0.9861925,623.23645,299.61407,0.9749118,643.79675,299.41293,0.9722782,623.3727,324.02164,0.95314866,645.8441,323.6831,0.94985914
0.0,0.0,0.12762085,0.0,0.0,0.07369554,0.0,0.0,0.13007282,0.0,0.0,0.3250081,441.3374,217.69075,0.5582727,423.3688,229.75642,0.89604235,444.3624,230.49892,0.92576456,416.4346,245.7756,0.5242202,448.28534,245.72699,0.70673823,0.0,0.0,0.3549232,0.0,0.0,0.49200854,425.6033,263.95578,0.95596474,440.00433,264.27713,0.9627903,424.8561,292.22247,0.9325643,442.5482,292.09436,0.9456329,424.29816,319.65073,0.8889038,442.1055,320.0804,0.905513
213.47212,242.5973,0.6878053,214.8364,240.92732,0.63512975,212.80186,240.89845,0.53043836,218.18167,241.22337,0.5346194,0.0,0.0,0.3146994,223.18146,250.47807,0.96891105,209.83742,250.48581,0.9610711,228.53087,263.32462,0.86041075,205.03685,262.76917,0.80544794,227.86488,276.16837,0.8129588,202.52576,275.44095,0.757226,219.88712,274.59076,0.9859159,212.15811,274.40802,0.98440033,217.65735,294.41565,0.9779074,211.53212,294.0529,0.9751117,216.96227,313.16995,0.9647778,212.05219,312.66428,0.96160674
