0.0,0.0,0.35443124,0.0,0.0,0.116359375,0.0,0.0,0.2856122,177.65317,179.72293,0.52296233,195.59593,180.95004,0.8944245,163.62256,202.5585,0.98876476,202.66823,204.99599,0.9936744,152.68494,233.65462,0.85644096,212.4743,242.03429,0.9350515,160.28375,257.4617,0.6397537,211.83147,271.84695,0.7613674,166.70277,266.41504,0.99327374,193.339,267.0256,0.99515957,164.11316,312.94043,0.9787659,193.26184,312.97113,0.98369265,162.03368,355.83487,0.94257665,192.1576,357.5299,0.95277125
0.0,0.0,0.4007254,0.0,0.0,0.113963634,0.0,0.0,0.35921058,0.0,0.0,0.40248019,106.735504,178.34154,0.91228974,77.030304,202.31587,0.9877024,112.724045,201.52734,0.9949109,65.99603,235.111,0.8531433,123.1595,231.74182,0.9586176,66.38199,254.13882,0.67148095,120.23423,246.88979,0.8423689,82.6341,264.5334,0.99464154,106.39981,263.98776,0.9967534,83.82901,312.02032,0.98399067,106.76504,311.08246,0.9898788,84.80847,357.19742,0.9550248,106.100815,358.0615,0.96790475
0.0,0.0,0.33756623,0.0,0.0,0.05995922,0.0,0.0,0.4526782,0.0,0.0,0.09858132,369.87714,196.58086,0.8930679,354.5067,207.57535,0.93641627,366.3499,210.87473,0.9932433,359.34644,226.12769,0.5361946,375.78772,230.41563,0.9821156,0.0,0.0,0.45759073,386.49612,239.14082,0.9314503,348.07068,256.70813,0.9905071,357.4457,258.18988,0.9972408,342.21722,293.03384,0.9828734,359.36212,293.7119,0.9949174,341.99292,328.91666,0.96958333,363.8986,331.32397,0.9873082
852.1681,99.882904,0.7303464,0.0,0.0,0.2590018,845.0171,87.91328,0.83212703,0.0,0.0,0.04331554,817.0301,84.30642,0.79954904,0.0,0.0,0.38009435,777.68945,136.32355,0.9069586,0.0,0.0,0.15825939,771.3599,212.59743,0.8555872,0.0,0.0,0.17704527,841.83923,190.86694,0.7397074,848.1262,297.37628,0.5204875,798.9441,299.10706,0.78296816,0.0,0.0,0.27717766,773.02673,420.50607,0.53443116,0.0,0.0,0.094973534,0.0,0.0,0.16583012
0.0,0.0,0.19616728,0.0,0.0,0.21376957,0.0,0.0,0.07295748,253.81639,171.24995,0.8811168,0.0,0.0,0.47831738,248.49303,195.47293,0.97592926,281.94284,195.13625,0.9594124,241.45552,224.21732,0.829311,291.6591,222.65091,0.58888096,239.20142,240.3558,0.5505253,0.0,0.0,0.31636256,253.28653,252.24927,0.98677003,276.02472,251.91904,0.9818045,245.33922,299.8099,0.98709106,271.88388,299.89133,0.9780954,246.06047,350.55203,0.9798589,273.1752,349.43677,0.9697054
0.0,0.0,0.14683165,0.0,0.0,0.12185484,0.0,0.0,0.039810877,435.17297,119.70053,0.6563243,0.0,0.0,0.27997476,419.38885,157.55473,0.9486888,493.6286,149.35104,0.88496107,404.64362,219.65056,0.8639837,517.91406,203.36066,0.63984567,413.17795,238.27107,0.7011289,0.0,0.0,0.49433717,431.96002,268.0855,0.98911065,478.91284,266.36047,0.982167,426.73785,351.38504,0.9885306,466.7755,354.74173,0.9828736,437.0667,434.036,0.9664945,461.7341,440.5463,0.95857537
664.9507,210.69164,0.72178495,0.0,0.0,0.3446102,662.84393,207.94878,0.7530476,0.0,0.0,0.25007167,656.38446,209.5921,0.88279885,649.5936,223.90414,0.9429315,653.81824,225.28189,0.9848585,649.5173,242.95845,0.5609237,655.1426,245.2044,0.92793864,0.0,0.0,0.4816509,660.848,258.7899,0.8325615,648.23193,260.34302,0.96541905,653.003,261.30377,0.9831754,646.9866,287.15784,0.94628763,662.908,287.7027,0.9734903,641.3746,314.4791,0.93741834,665.3291,316.16522,0.9627501
301.94733,202.0678,0.6288967,0.0,0.0,0.497798,300.34027,199.31313,0.5266849,0.0,0.0,0.3587696,0.0,0.0,0.3761131,304.32468,213.84938,0.93403435,293.85275,214.1777,0.91864884,310.05832,232.98447,0.7307446,296.95706,233.93024,0.6958987,310.05896,242.37195,0.66458845,304.72772,242.31306,0.63630545,299.95227,253.78426,0.9635545,293.09708,253.90028,0.96008384,298.7537,286.17188,0.94309855,292.99,285.9595,0.9394326,296.46674,316.0908,0.8896784,291.90198,316.9309,0.88503337
234.59218,202.54585,0.6587228,235.7248,199.7697,0.5033594,232.41052,199.93205,0.6427074,0.0,0.0,0.29081437,227.88678,201.45631,0.5553641,236.47552,216.44794,0.8834156,222.56042,216.95694,0.9178768,236.69598,237.66364,0.50810593,217.00516,238.48592,0.69430786,0.0,0.0,0.42285168,220.10355,255.62727,0.5721112,233.03566,255.99672,0.89615506,224.76494,256.36795,0.91328204,232.7701,288.6206,0.77573043,225.5527,288.72324,0.8095321,229.76416,317.4011,0.64551735,224.61543,317.9599,0.6813331
0.0,0.0,0.019164588,0.0,0.0,0.010379126,0.0,0.0,0.011700109,0.0,0.0,0.10541192,0.0,0.0,0.15471636,729.6891,197.08153,0.51585245,0.0,0.0,0.48952803,0.0,0.0,0.32411647,0.0,0.0,0.30036163,0.0,0.0,0.19853573,0.0,0.0,0.18343934,736.47375,261.25488,0.86288446,754.9385,261.5708,0.85594934,733.6244,309.5087,0.8720594,751.5549,309.86435,0.8620536,728.459,356.0135,0.8157034,745.3921,357.08374,0.81021243
