561.7179,158.11438,0.9175574,563.0721,153.39023,0.5429567,558.3854,152.37975,0.9239211,0.0,0.0,0.17196295,543.99915,151.43211,0.89765245,555.79895,178.46402,0.9386885,520.8989,177.95737,0.995216,562.5401,216.154,0.79327774,519.4465,215.64598,0.9917447,581.6639,213.2809,0.7759074,562.1476,202.11218,0.9783705,554.55206,258.707,0.9898689,526.8005,260.92792,0.9969584,577.2675,317.8537,0.98387724,526.3457,318.30838,0.9953055,579.9639,377.54715,0.96270686,513.7194,377.4303,0.98297
295.74576,199.04933,0.9097621,297.2286,195.91196,0.7062291,292.61136,195.54163,0.90254,0.0,0.0,0.2927655,282.97894,196.92291,0.84191585,296.98526,217.87883,0.97940683,271.54816,217.12413,0.99389195,301.44333,242.63646,0.8514604,267.82568,243.61208,0.9713775,295.09518,257.30325,0.8158287,278.90857,258.1612,0.9401319,294.5896,268.48032,0.99383646,275.34885,269.159,0.9967091,302.21268,306.53036,0.98908395,267.55612,307.5856,0.9936945,311.39142,340.04062,0.9788544,261.93527,342.24628,0.98595816
0.0,0.0,0.11999437,0.0,0.0,0.08097838,0.0,0.0,0.053171735,466.33466,170.63123,0.5492573,0.0,0.0,0.3824258,460.57178,189.80719,0.9647889,485.32022,190.79573,0.9482027,455.684,214.82219,0.86189735,490.69232,219.56438,0.7230949,457.62988,212.70352,0.66515505,0.0,0.0,0.49968916,465.42038,242.1695,0.9901546,482.7427,242.71452,0.9872967,460.54004,285.62625,0.9855063,480.02582,286.36038,0.9781681,466.13583,326.25092,0.9670588,485.35803,326.70114,0.95502114
671.8882,203.6017,0.75958496,0.0,0.0,0.31530058,669.7617,200.71463,0.8263207,0.0,0.0,0.092617296,661.8449,201.92274,0.87773794,664.4163,218.46329,0.91999024,651.90216,218.90887,0.991343,661.4859,240.57861,0.5287872,642.7976,243.32002,0.9787517,663.87134,257.05118,0.5331585,646.06287,266.2886,0.9468859,659.8943,262.9472,0.9848542,651.4861,263.8648,0.99558395,666.0912,295.11664,0.9811187,653.1921,296.025,0.9943763,666.92554,328.49405,0.9756055,647.25073,330.73892,0.9899941
711.98566,206.65839,0.87589735,714.40265,204.33504,0.9030943,711.0712,204.4362,0.61320597,721.1713,205.09999,0.8692496,0.0,0.0,0.18855298,731.6861,217.9516,0.9892758,710.3905,218.3535,0.9523764,741.0241,234.24269,0.97884107,706.12463,232.43192,0.71675926,732.6296,242.59866,0.9601664,707.6263,235.2886,0.71592534,726.34265,252.23567,0.989907,712.39746,251.70197,0.97615314,727.43134,278.82422,0.98209894,709.191,278.20914,0.9505205,729.7185,304.53818,0.962444,710.2239,303.09076,0.9212586
367.1179,205.49603,0.8775006,368.18472,202.38626,0.58041066,363.44754,202.50858,0.9138608,0.0,0.0,0.16318835,354.9882,203.95985,0.8969592,370.18417,222.40688,0.9385376,347.60928,221.93323,0.9925929,373.7356,243.31314,0.56499994,339.30664,244.00102,0.977643,380.75894,259.15634,0.553812,339.72858,262.80777,0.9452728,367.79037,266.95297,0.97759956,354.02637,267.1082,0.99304867,367.38168,300.71854,0.9615297,356.02444,300.77637,0.9877571,360.84482,332.73578,0.9397897,349.29156,333.54633,0.97403926
101.44366,209.1399,0.91597027,103.62646,207.06825,0.8274475,99.45412,206.94604,0.88327765,106.15298,208.54999,0.5702179,95.80621,208.1052,0.7523466,109.54031,220.95131,0.9822223,90.06964,220.37663,0.9923442,113.276215,235.75142,0.8781292,82.17948,234.44554,0.9589454,110.1731,244.98544,0.83515286,80.55878,246.00269,0.9224269,103.910904,249.58765,0.9850616,92.12385,249.19861,0.9905041,100.6324,272.71146,0.96593565,91.689224,272.11017,0.97613186,97.409706,294.03766,0.939033,92.463,293.37198,0.9526857
0.0,0.0,0.1239574,0.0,0.0,0.051216897,0.0,0.0,0.11024574,0.0,0.0,0.10437121,0.0,0.0,0.2573925,0.0,0.0,0.33878538,845.0653,73.246414,0.58388096,0.0,0.0,0.19287421,0.0,0.0,0.4675181,0.0,0.0,0.16653107,0.0,0.0,0.35212532,0.0,0.0,0.45799693,847.3888,195.14952,0.57876223,0.0,0.0,0.17923062,0.0,0.0,0.25581047,0.0,0.0,0.07379585,0.0,0.0,0.094105214
134.11424,204.69589,0.8202706,136.15866,202.87282,0.7521545,132.74011,202.77435,0.6795511,139.16652,204.53574,0.6380175,0.0,0.0,0.46057644,142.70076,215.58609,0.9750547,126.006355,215.53537,0.9684354,144.88165,228.53093,0.88816833,120.378174,227.67938,0.81977624,138.87384,232.85306,0.82756233,122.608116,230.45717,0.75486374,138.2203,244.29402,0.9762271,127.737595,244.25772,0.9728159,135.16089,267.84055,0.9555489,127.33864,267.83383,0.94444716,134.37631,288.9412,0.9177431,127.9688,288.5281,0.90254587
619.807,212.58932,0.81531835,0.0,0.0,0.49188069,617.56116,210.29033,0.83982986,0.0,0.0,0.22604084,610.8143,211.6949,0.8698751,613.93176,224.8769,0.945832,605.59125,224.99767,0.9873259,614.821,239.90173,0.61062396,605.4277,241.26448,0.94884104,619.0281,248.01083,0.56010336,613.66,249.6754,0.88953286,615.2557,255.46748,0.9651985,609.9726,256.16315,0.9842688,616.9912,277.95676,0.93939775,612.92096,278.5036,0.97226316,613.53656,302.73135,0.92259616,609.9735,304.07953,0.9563875
0.0,0.0,0.12267278,0.0,0.0,0.10269287,0.0,0.0,0.06732737,0.0,0.0,0.380183,0.0,0.0,0.20514171,311.23566,221.09248,0.86413354,323.54105,220.15536,0.8436607,307.17767,238.24402,0.5671552,0.0,0.0,0.44835082,0.0,0.0,0.3771374,0.0,0.0,0.2899184,314.98682,253.25209,0.9453636,323.16153,252.8618,0.9417835,315.37604,280.5324,0.9190341,322.86057,280.2298,0.90851945,318.5373,306.46844,0.9018384,323.84048,305.92273,0.8928581
0.0,0.0,0.15183462,0.0,0.0,0.08318481,0.0,0.0,0.15976155,0.0,0.0,0.27396536,258.62387,211.08783,0.5861417,242.85042,221.63474,0.9153654,259.39706,222.30359,0.9406251,233.86807,236.41745,0.56180006,261.1399,237.8061,0.73959005,0.0,0.0,0.3597222,261.0926,250.46333,0.5095897,245.28758,249.70541,0.9562129,255.0183,250.29121,0.9632324,245.65709,272.64548,0.9146861,254.694,273.2086,0.9304035,244.72975,294.0917,0.88233894,251.68684,295.17438,0.89961743
0.0,0.0,0.08876227,0.0,0.0,0.039479483,0.0,0.0,0.05972857,0.0,0.0,0.08070373,0.0,0.0,0.14340529,0.0,0.0,0.2649922,0.0,0.0,0.3385137,0.0,0.0,0.22699712,0.0,0.0,0.28657258,0.0,0.0,0.23737189,0.0,0.0,0.28507438,0.0,0.0,0.3380211,0.0,0.0,0.36722386,0.0,0.0,0.23870853,0.0,0.0,0.25222087,0.0,0.0,0.10429085,0.0,0.0,0.10791187
