0.0,0.0,0.10401578,0.0,0.0,0.065269776,0.0,0.0,0.053022977,232.91669,190.22144,0.7148454,250.05177,189.82994,0.633328,223.94061,210.86996,0.9880755,259.66144,210.64348,0.9905138,212.67421,238.26036,0.93699133,272.45935,237.79637,0.9352978,208.2226,261.06543,0.78471565,271.30878,261.70996,0.7650006,231.95634,261.9566,0.99563026,255.03017,262.10452,0.99597794,232.42656,300.3372,0.9842045,256.55542,300.60522,0.9826177,234.75995,336.4319,0.95576227,257.28113,336.62238,0.9523759
0.0,0.0,0.0199363,0.0,0.0,0.012927688,0.0,0.0,0.0034439494,528.8655,0.0,0.6561104,0.0,0.0,0.117068686,521.4325,66.344444,0.8793128,624.9164,55.441704,0.8133755,490.23605,178.61288,0.72847295,634.3454,164.90189,0.65270084,0.0,0.0,0.4932284,0.0,0.0,0.44964424,549.4012,266.4445,0.9512769,613.18616,260.9406,0.95225483,549.4251,432.7001,0.72644025,594.30273,432.3088,0.7623656,0.0,0.0,0.17432208,0.0,0.0,0.202697
0.0,0.0,0.0737089,0.0,0.0,0.09166131,0.0,0.0,0.016590612,822.9726,180.78564,0.8002311,0.0,0.0,0.19104913,818.4811,202.75294,0.97124565,854.0,201.07811,0.9092485,810.7173,236.8467,0.8922405,0.0,0.0,0.44205612,804.03687,264.22073,0.6426305,0.0,0.0,0.23350377,825.3351,263.18372,0.9868187,850.07874,262.30435,0.9741037,822.2824,309.08585,0.97539777,843.5455,309.16577,0.94259924,829.2627,354.73877,0.9476837,845.2168,353.77527,0.90382564
0.0,0.0,0.18903202,0.0,0.0,0.10462172,0.0,0.0,0.1486819,0.0,0.0,0.47218063,84.767235,217.99026,0.65145826,70.71428,229.59868,0.9659176,88.91707,229.69757,0.97987384,65.81864,243.20357,0.8108526,94.92709,243.03801,0.9035788,65.24569,255.17899,0.6230769,95.906494,254.2929,0.7447245,72.57769,255.67612,0.9857319,84.36025,255.89265,0.98915756,73.05942,276.06595,0.970155,82.49058,276.38077,0.975305,73.993904,294.88846,0.94888806,81.65676,295.37723,0.9547067
0.0,0.0,0.172401,0.0,0.0,0.13902502,0.0,0.0,0.078384876,362.88327,206.74385,0.7079851,0.0,0.0,0.47589895,358.74008,221.16853,0.97695833,379.1736,221.24393,0.967162,356.11383,238.11404,0.8782477,382.87167,239.82567,0.7746346,354.60556,250.84111,0.6855579,382.69763,252.80144,0.5527,362.3407,255.64981,0.98943615,377.6523,255.73347,0.9875174,356.53583,282.216,0.98007387,381.5042,282.5368,0.97359776,355.38318,307.04315,0.96630913,388.1444,306.79123,0.95840734
0.0,0.0,0.16409808,0.0,0.0,0.10135153,0.0,0.0,0.10688808,116.05988,217.61742,0.5551659,125.96418,217.70456,0.5376352,110.486534,228.80052,0.98390806,129.68942,229.1117,0.98399353,104.10311,242.69858,0.853703,134.41971,243.07283,0.8584555,103.55433,254.32857,0.6532862,133.71396,254.84615,0.6517837,111.6612,255.26572,0.9921595,123.886795,255.41919,0.9921565,111.562546,275.22137,0.97908473,121.82963,275.15652,0.97920954,111.011185,293.28186,0.96377623,120.0299,293.48175,0.9642678
0.0,0.0,0.13828814,0.0,0.0,0.09700752,0.0,0.0,0.08865066,0.0,0.0,0.48670217,0.0,0.0,0.43166438,144.13275,226.80368,0.956992,162.0389,226.8237,0.95615935,138.84328,240.2625,0.7502088,167.47194,240.67906,0.72930896,139.15733,251.28041,0.53090066,0.0,0.0,0.49975342,146.74823,254.11978,0.976708,158.29811,254.141,0.9766996,147.59763,275.69724,0.9426421,157.47897,275.643,0.9415811,149.02737,294.94357,0.9017736,157.51053,295.0246,0.9012045
665.05865,206.70753,0.8984094,668.4202,204.05075,0.8510028,662.3522,203.81448,0.81726664,673.13135,207.28467,0.670167,656.87573,206.83751,0.541059,676.46185,224.18242,0.9733619,650.89124,223.64705,0.97062725,676.7273,241.31953,0.88285756,643.9907,238.95775,0.8443392,663.506,235.73227,0.8261467,649.16174,232.68687,0.7851007,670.7199,262.90182,0.9685846,652.6709,262.6686,0.9667309,672.9237,291.7076,0.9397007,649.4674,291.4446,0.92931163,676.5773,318.82477,0.89989376,648.70355,318.07043,0.88644445
0.0,0.0,0.14622688,0.0,0.0,0.09410253,0.0,0.0,0.08991517,0.0,0.0,0.4994475,0.0,0.0,0.48611778,414.46484,225.50648,0.954907,433.81876,226.80836,0.9550286,410.1495,239.38571,0.79989845,437.92273,241.37213,0.7898972,409.2464,248.84828,0.60279834,435.95032,249.67918,0.58844215,416.78134,253.6956,0.9834658,429.9264,254.41801,0.9831398,413.6455,277.45926,0.9729663,429.58392,278.3606,0.969774,410.92462,299.64926,0.958049,428.42453,300.57684,0.9540358
0.0,0.0,0.08850953,0.0,0.0,0.08022957,0.0,0.0,0.034107108,329.5153,205.52037,0.54794645,0.0,0.0,0.217264,326.56287,217.75049,0.9370465,344.44952,217.52835,0.87346125,322.3322,234.29407,0.82788473,346.83466,235.01065,0.5545136,318.41992,247.08191,0.6342437,0.0,0.0,0.38566196,328.4091,253.07336,0.97914577,341.1771,252.93643,0.9686649,323.5429,279.39957,0.9705993,341.44952,279.7531,0.9511939,323.33087,303.5202,0.9539734,344.0251,303.29086,0.9332587
0.0,0.0,0.07126399,0.0,0.0,0.038333733,0.0,0.0,0.062063485,0.0,0.0,0.3736249,294.56238,222.24774,0.5821501,278.77243,233.17119,0.9643467,300.61618,232.97653,0.97332925,275.23306,247.6308,0.7397803,308.90024,247.03593,0.8546483,0.0,0.0,0.46508378,310.57205,257.87012,0.6010323,283.64587,261.6233,0.9824332,298.44656,261.4475,0.9854682,284.46786,284.8751,0.94476736,298.15253,284.41757,0.95535266,284.66318,305.49896,0.9036128,296.9678,305.2487,0.91823727
0.0,0.0,0.29627657,0.0,0.0,0.21959059,0.0,0.0,0.16533491,0.0,0.0,0.24605368,0.0,0.0,0.16030376,475.49258,202.80444,0.72986573,461.0439,204.07588,0.69043726,471.49377,221.00877,0.55038166,0.0,0.0,0.46453255,0.0,0.0,0.47711405,0.0,0.0,0.42372093,479.34082,265.70465,0.9042183,470.62003,266.56628,0.89829487,477.2336,323.52728,0.9133462,476.24075,324.39328,0.9031671,471.21393,383.0029,0.82966006,474.4733,383.04788,0.8177406
0.0,0.0,0.3023268,0.0,0.0,0.17326209,0.0,0.0,0.21192218,0.0,0.0,0.4115977,714.9175,209.31976,0.5329432,698.98944,222.09822,0.9307396,716.9958,222.8212,0.9297031,695.135,239.25504,0.65261495,722.3287,240.76627,0.6584783,0.0,0.0,0.45613945,0.0,0.0,0.45547783,700.9093,258.72336,0.94046485,712.60583,259.18835,0.9411334,703.1587,289.92688,0.8720072,713.1315,290.3617,0.87144935,706.8582,317.3877,0.79372334,713.6066,318.1991,0.793199
181.75417,227.74692,0.5573981,0.0,0.0,0.4986365,0.0,0.0,0.3927815,185.2255,227.04588,0.50802046,0.0,0.0,0.27826858,187.23878,236.39774,0.94036734,179.91118,236.1124,0.9215957,189.092,247.15242,0.7616391,176.55629,246.1509,0.6468837,186.37346,250.9077,0.66100925,176.82361,249.80019,0.5558217,184.46034,259.78098,0.9465925,180.65134,259.56577,0.9395494,183.8685,280.0083,0.89993507,180.84557,279.63635,0.88401216,184.05219,298.73187,0.85856223,180.87524,298.40573,0.84238756
0.0,0.0,0.22220384,0.0,0.0,0.21549743,0.0,0.0,0.0801233,770.98584,205.994,0.5477332,0.0,0.0,0.15905638,773.6271,220.81464,0.9121887,782.53217,219.78471,0.810294,774.7919,240.72876,0.77529895,0.0,0.0,0.43203723,772.3545,255.2788,0.61289346,0.0,0.0,0.34168398,776.40656,257.89316,0.9475714,782.665,257.3235,0.9190287,776.99207,285.77515,0.9313967,782.56793,285.49936,0.8889421,779.6305,311.34564,0.89683354,784.7021,309.85416,0.85488683
765.68756,209.59186,0.5644324,767.09454,207.24431,0.5043053,0.0,0.0,0.39308012,769.1304,208.02582,0.5066585,0.0,0.0,0.2731939,773.1634,220.60567,0.9232633,764.151,220.73323,0.904223,776.81354,237.83775,0.7148336,761.3617,237.62082,0.60718286,774.2935,248.87735,0.61389285,762.01886,248.64505,0.5186158,771.7281,254.38124,0.9384155,766.57556,254.34082,0.93203443,772.54736,281.7474,0.8902384,767.9607,281.51074,0.87562734,774.5182,306.1426,0.7997622,770.68365,305.78128,0.7809652
