0.0,0.0,0.20248155,0.0,0.0,0.14746188,0.0,0.0,0.049702995,418.9056,78.85476,0.776155,0.0,0.0,0.26699153,411.98956,128.87999,0.9486518,476.40442,124.18319,0.9137367,383.67786,206.04454,0.8459287,485.7799,204.92911,0.74177194,402.41788,214.77678,0.66416895,481.6949,216.46474,0.54698616,425.11154,273.64725,0.9664119,464.20328,269.81665,0.95995665,424.5811,405.89804,0.87225366,442.73642,399.15164,0.8607478,0.0,0.0,0.43992087,0.0,0.0,0.43751463
0.0,0.0,0.09164899,0.0,0.0,0.060637955,0.0,0.0,0.047084678,207.6266,199.95305,0.6876911,222.99266,199.28458,0.6022349,200.00182,218.25586,0.9853697,231.24919,217.31949,0.98894405,191.89636,242.80312,0.9232215,240.85663,240.73654,0.9307246,190.55098,265.51962,0.7522095,240.79044,262.7317,0.75542337,205.66281,263.92206,0.99506843,226.56052,263.796,0.9956741,202.17792,296.60806,0.98417616,226.75604,296.87384,0.98343647,201.6342,327.3428,0.96068794,227.71275,327.3278,0.9589408
613.0687,114.57155,0.97678363,617.08405,108.85276,0.8488694,605.09424,108.437904,0.976947,0.0,0.0,0.3219232,586.0091,113.08834,0.9422659,625.5466,157.9193,0.97155523,568.8076,156.0776,0.99636555,635.5932,209.73993,0.7848323,565.59076,211.41898,0.9846659,624.3846,208.07329,0.75003123,608.1306,209.5257,0.9670659,623.5799,257.8658,0.99047893,587.6839,258.92313,0.99658453,614.3901,346.34235,0.9829465,597.68463,350.42728,0.9941858,592.9113,427.78354,0.9407139,596.9537,433.6703,0.96963567
548.95905,180.40286,0.88440275,0.0,0.0,0.46237934,544.33356,176.60336,0.94105124,0.0,0.0,0.06494958,530.27466,180.54695,0.94121206,550.3022,205.67291,0.9301662,515.7798,205.1985,0.993816,556.1267,232.96973,0.51267743,509.9479,233.86015,0.9857325,554.6053,224.38959,0.5082859,531.6684,222.85779,0.959996,548.70874,268.26526,0.9852364,522.6176,269.23734,0.99626404,555.8147,322.097,0.9749292,510.68777,323.5898,0.9937598,562.4476,374.3612,0.94959366,501.78464,377.87967,0.98157054
0.0,0.0,0.12379876,0.0,0.0,0.12952285,0.0,0.0,0.042045042,746.28217,194.12846,0.76760846,0.0,0.0,0.28964266,740.038,214.11006,0.9761553,769.5756,215.11354,0.94753265,729.4274,239.34431,0.90302616,775.8247,240.07278,0.6409197,721.74567,253.63133,0.7110872,0.0,0.0,0.4051294,741.7016,264.16922,0.9887017,759.71045,264.58777,0.98170024,744.7629,302.2436,0.97888523,754.98254,303.42886,0.960153,750.6411,339.7177,0.9557366,751.63153,340.55978,0.92926097
664.53613,200.13449,0.6306783,0.0,0.0,0.4314612,663.8355,197.94345,0.5197807,664.229,201.69057,0.5059783,666.0708,201.25302,0.6835424,660.3661,217.76149,0.9573822,666.5865,217.62639,0.9727518,651.69354,232.24237,0.65166384,661.21216,232.88446,0.7857681,0.0,0.0,0.48654804,659.2977,223.45622,0.6111964,663.78595,256.39725,0.95946825,668.18646,256.47726,0.96745443,661.0697,290.73138,0.9142402,667.8595,290.57944,0.92695427,663.73694,322.28262,0.85251224,669.22284,321.52432,0.86883813
0.0,0.0,0.11349522,0.0,0.0,0.068559505,0.0,0.0,0.07797675,323.1121,210.52084,0.52017,334.18036,210.88629,0.52473706,317.8373,222.43439,0.9760631,337.8509,223.12288,0.9770253,312.87622,238.56929,0.8183359,342.12906,239.10257,0.83619434,313.21307,250.19145,0.5908656,342.7197,250.73286,0.6093218,319.16766,254.10394,0.99057627,333.36728,254.46977,0.9908983,317.049,279.81616,0.97784436,335.07065,279.7963,0.9786596,315.4958,303.18372,0.95418614,334.77783,303.38882,0.9557379
0.0,0.0,0.25081828,0.0,0.0,0.1795617,0.0,0.0,0.14950955,82.947105,220.089,0.65275985,90.81943,220.02797,0.5103825,79.086555,230.57312,0.9847341,95.009384,230.60493,0.98245066,74.44587,243.9554,0.86441225,100.375694,243.96178,0.831336,73.84886,256.12582,0.6897032,100.399994,255.89137,0.63684124,80.881966,255.37088,0.9904484,90.815384,255.39107,0.98976934,81.25187,274.93134,0.97558683,88.585014,274.69223,0.9737153,81.6461,292.8246,0.9559147,87.390816,292.72052,0.9537184
0.0,0.0,0.15294811,0.0,0.0,0.094167225,0.0,0.0,0.113954596,0.0,0.0,0.41862738,0.0,0.0,0.48133388,112.80831,229.21701,0.959971,127.78868,229.83643,0.96473753,107.96224,242.30156,0.7498036,131.04648,242.94215,0.7982599,108.42171,253.34607,0.54801327,131.4685,254.06491,0.5914248,113.574066,254.45955,0.98286706,123.39531,254.77661,0.9840193,114.52113,273.7571,0.9654844,123.02725,273.77795,0.9681787,114.38167,291.09393,0.94749635,121.78604,291.53174,0.9510265
0.0,0.0,0.15903623,0.0,0.0,0.09179881,0.0,0.0,0.14961341,0.0,0.0,0.119984694,0.0,0.0,0.2880996,842.80994,224.35257,0.5178185,844.6629,224.72134,0.7193943,0.0,0.0,0.25465298,832.48035,238.13965,0.55528206,0.0,0.0,0.23674494,0.0,0.0,0.44787914,844.8912,260.25287,0.7312953,846.3814,260.80167,0.8187777,845.32935,292.73407,0.6917533,845.6942,293.03937,0.77913654,846.3161,323.9337,0.6879272,845.40533,324.59042,0.7573676
0.0,0.0,0.16167021,0.0,0.0,0.09201088,0.0,0.0,0.13303812,0.0,0.0,0.4340357,154.10614,217.4676,0.57905716,140.78757,227.5935,0.97398686,157.39828,228.2772,0.97839236,134.90456,240.98123,0.79528046,162.12907,241.74251,0.8630508,135.0828,251.55855,0.58707684,162.3491,252.312,0.66920286,142.00208,253.91492,0.9882515,152.24733,254.18007,0.98936874,143.0586,274.42334,0.9725453,151.3681,274.45645,0.97603464,142.2149,293.19583,0.95291317,149.27275,293.64023,0.95783764
0.0,0.0,0.08618679,0.0,0.0,0.042566877,0.0,0.0,0.089418836,0.0,0.0,0.24696477,263.87552,221.49388,0.5777718,248.8958,232.05484,0.9240969,265.8939,232.64142,0.95056903,244.97758,245.80568,0.5967328,272.17242,246.44322,0.8030059,0.0,0.0,0.3705283,276.35806,259.17892,0.55633813,251.95248,258.43066,0.965354,262.94678,258.89816,0.9727351,254.06836,278.113,0.91759336,263.20383,278.02188,0.937882,252.45096,294.6085,0.8788939,260.5473,295.31332,0.90300983
0.0,0.0,0.09165123,0.0,0.0,0.08181433,0.0,0.0,0.047718935,296.1761,210.21683,0.5141948,0.0,0.0,0.22929442,292.9559,220.5211,0.9264802,309.88153,220.80516,0.9061743,286.9393,232.92369,0.7199021,312.31622,233.52596,0.5769126,284.57733,238.31902,0.5161628,0.0,0.0,0.38856605,294.614,248.75316,0.9752647,306.1752,248.69301,0.97202355,289.72678,272.22662,0.96328306,304.35938,272.31125,0.95616984,291.6918,296.372,0.9408072,305.19794,296.0434,0.9326444
