0.0,0.0,0.3297706,0.0,0.0,0.07227343,58.84857,136.78407,0.53132856,0.0,0.0,0.16848388,53.785667,140.12222,0.9235329,4.5092115,172.56503,0.6510603,60.592392,178.03801,0.9619426,0.0,0.0,0.14660132,70.160095,228.69249,0.84912604,0.0,0.0,0.10653907,66.558716,258.31006,0.6163278,9.550829,274.3176,0.78844726,50.756104,276.443,0.9260106,9.185821,353.2318,0.83798593,60.94178,351.1752,0.94423985,7.787538,427.1283,0.78800005,71.00186,424.2633,0.88562995
0.0,0.0,0.113544084,0.0,0.0,0.08685395,0.0,0.0,0.049142227,154.34007,205.6273,0.6216227,0.0,0.0,0.37728265,147.74059,220.85526,0.95671433,173.92563,221.53926,0.93849665,139.37038,240.25638,0.7857874,174.80595,242.28549,0.6255771,144.28572,250.3387,0.52870977,0.0,0.0,0.37502483,152.38528,264.02597,0.9805046,170.24928,264.51227,0.97509694,146.46808,299.28076,0.9661393,167.63412,300.09415,0.95070714,144.12167,333.90558,0.9397912,166.02802,334.04077,0.92074263
483.12112,197.84003,0.909622,485.89526,194.92648,0.8701601,480.55,195.32957,0.80992246,491.39575,196.55534,0.71896344,477.55496,197.93951,0.5083461,499.17227,212.95715,0.98488104,475.62924,215.08502,0.9843761,502.94226,229.50713,0.93441314,471.2996,232.87161,0.9030441,490.92532,226.07724,0.9053876,478.70715,230.56323,0.86669487,497.31006,256.3357,0.9919139,482.2369,257.0447,0.9915331,497.2483,291.48196,0.98926884,483.82883,291.63577,0.986984,495.91162,326.00552,0.97908497,485.91766,325.5053,0.9758218
0.0,0.0,0.07020559,0.0,0.0,0.033116076,0.0,0.0,0.053280752,0.0,0.0,0.4311553,606.4799,196.48972,0.6666555,580.5687,215.4155,0.9563566,614.3835,216.77357,0.9803711,568.73193,240.64651,0.7776175,622.85223,243.91272,0.9248363,570.6282,257.26117,0.5265272,624.0884,262.62192,0.7371541,586.0895,269.25827,0.99045485,607.66473,269.99533,0.99379337,586.0178,308.9515,0.9797202,604.039,309.6703,0.98542976,587.81866,347.41364,0.95391214,600.598,348.18927,0.96344924
0.0,0.0,0.097924285,0.0,0.0,0.05676842,0.0,0.0,0.062264796,0.0,0.0,0.43990892,698.7956,203.95221,0.5203967,679.8766,219.5313,0.96286315,704.8117,218.61299,0.9718194,673.1298,238.15155,0.83617276,710.9785,238.1535,0.87445194,674.0633,252.55025,0.6302607,710.5819,254.2571,0.68106365,686.40094,255.61864,0.98951495,702.52374,255.44136,0.9910986,689.86096,282.46387,0.9780448,701.8763,282.39993,0.9796107,692.2915,308.41547,0.95975125,700.8218,308.23553,0.9615825
0.0,0.0,0.15747224,0.0,0.0,0.03420334,0.0,0.0,0.1743058,0.0,0.0,0.15812382,368.44214,182.07866,0.75741506,330.19107,207.01038,0.82920325,376.78848,204.84898,0.96103066,325.6264,233.97476,0.5126111,397.2977,216.22148,0.9142908,0.0,0.0,0.3821755,393.14832,193.27818,0.78719294,342.06522,275.2615,0.97518754,371.81354,275.07327,0.9888919,346.31573,325.14297,0.9747287,366.15277,326.30713,0.98929566,346.0533,372.86356,0.9564822,364.00095,377.12094,0.97486067
546.8477,203.37814,0.9164914,549.62177,201.07053,0.79984075,544.96326,200.81253,0.9011821,0.0,0.0,0.48219225,541.9275,201.99939,0.8096097,557.61847,218.10469,0.9759335,535.4215,218.02448,0.9935502,560.38074,235.81502,0.7939814,529.18933,237.45328,0.9653203,557.96466,247.72914,0.73750323,528.4416,255.12201,0.92279845,553.93054,257.00195,0.979677,539.79083,257.06958,0.9901461,554.3161,287.11533,0.9500541,539.7967,286.79346,0.9737579,555.37427,315.7301,0.9035432,540.36847,315.0878,0.9387994
0.0,0.0,0.031878054,0.0,0.0,0.015426861,0.0,0.0,0.023406567,0.0,0.0,0.30100906,0.0,0.0,0.49206522,392.67938,217.57346,0.8682127,423.6986,218.19223,0.9224226,386.38516,226.89972,0.50506866,435.9289,235.62206,0.73542124,0.0,0.0,0.27784118,0.0,0.0,0.45288217,401.31036,271.32254,0.9774594,422.9387,271.1652,0.9835286,394.03357,312.93414,0.9726522,423.06476,312.41754,0.9780703,395.51355,354.95288,0.95871645,425.99866,353.33246,0.96432054
457.8646,200.43933,0.8579807,459.12686,197.90533,0.72865814,455.45255,198.16342,0.79474086,0.0,0.0,0.49980706,450.73172,200.18893,0.6533659,465.113,215.9073,0.97045094,445.9521,216.95667,0.9806188,466.61328,235.4215,0.8220573,442.76733,238.9116,0.89004546,460.17108,248.41644,0.75727576,444.38788,256.72018,0.8200177,463.14932,254.77011,0.97851324,450.89728,255.35995,0.9828604,465.33145,285.1466,0.96483994,452.95035,285.5438,0.96999264,466.63522,314.36987,0.940641,455.0295,314.8165,0.9467555
0.0,0.0,0.10559781,0.0,0.0,0.06585865,0.0,0.0,0.06353335,0.0,0.0,0.33090663,0.0,0.0,0.35640627,635.116,226.0931,0.88909596,653.09454,225.63382,0.9001792,631.6986,244.15688,0.6457492,656.455,244.43823,0.6924177,0.0,0.0,0.45495817,655.34503,258.65924,0.50139004,638.323,261.64886,0.96654207,650.2484,261.32303,0.9698221,636.8855,290.5714,0.9609941,645.76575,290.33463,0.96317846,640.0282,319.031,0.94633055,646.3947,318.5821,0.94838506
0.0,0.0,0.19246331,0.0,0.0,0.21920383,0.0,0.0,0.052222457,209.33913,215.53062,0.7444024,0.0,0.0,0.18237895,209.9243,229.57793,0.95801663,230.03773,227.4324,0.86776656,205.17088,249.38295,0.8701559,0.0,0.0,0.4168606,203.07086,255.01982,0.67863417,0.0,0.0,0.28699446,223.2257,266.3053,0.9497484,237.53423,265.5184,0.9088436,223.49533,290.26877,0.88803184,240.8716,289.7277,0.7904387,225.55591,317.87637,0.79134226,244.40955,315.45236,0.6892494
