0.0,0.0,0.21582279,0.0,0.0,0.1997334,0.0,0.0,0.030309098,493.7924,34.961704,0.9137355,0.0,0.0,0.2646507,478.77603,102.615,0.98353255,565.6011,94.00641,0.9379951,448.39795,192.8755,0.93429536,576.87695,186.27512,0.6770371,474.0923,211.98753,0.8041072,0.0,0.0,0.49293998,498.43787,273.58063,0.9833619,553.7546,270.83826,0.9692254,502.3471,429.3995,0.83662266,544.06976,428.5106,0.7419196,0.0,0.0,0.2379928,0.0,0.0,0.1826694
0.0,0.0,0.09444728,0.0,0.0,0.06823645,0.0,0.0,0.04944407,226.02675,191.18831,0.6978949,242.81967,190.73952,0.59425956,216.9872,211.10521,0.9833082,252.49759,211.61674,0.9867533,201.79874,233.92255,0.90957487,262.4044,239.76015,0.9162068,204.41283,249.58679,0.70806,265.58826,262.8085,0.7160436,225.96991,263.82794,0.99344057,247.21179,264.214,0.99409455,229.59619,300.1721,0.97973365,240.60736,300.7815,0.97870785,236.40187,334.76617,0.9486535,236.54807,334.67053,0.94626725
0.0,0.0,0.3115053,0.0,0.0,0.21224722,0.0,0.0,0.09086342,793.5946,187.55132,0.6559701,0.0,0.0,0.28632748,789.4115,209.92056,0.9810651,822.6116,207.72798,0.9535385,786.3326,243.93933,0.96236205,836.86707,237.67514,0.8679789,786.1232,273.39325,0.91212624,842.8976,260.46158,0.7918308,798.2061,266.1046,0.9937996,822.85504,266.2966,0.9897668,785.1022,309.92044,0.98721015,825.5044,314.41986,0.9801222,779.02344,349.35733,0.95694834,831.3971,355.6429,0.9445502
663.5276,205.99107,0.89974165,666.6685,203.39674,0.8560008,661.20337,203.36374,0.81476337,671.78723,206.79771,0.6797937,657.45105,206.98059,0.52273047,675.6482,224.10112,0.97614413,653.7666,224.31244,0.9748844,679.28687,240.08774,0.89096004,644.5052,239.32066,0.86172485,672.99304,238.82637,0.83957285,644.10486,238.39363,0.8069312,669.286,263.2312,0.98082894,654.43695,263.05966,0.98018265,669.8312,292.2236,0.9702106,649.8215,291.9217,0.9653497,672.60065,320.24442,0.9552063,646.7834,319.45462,0.9492372
0.0,0.0,0.20282428,0.0,0.0,0.12797566,0.0,0.0,0.18679735,0.0,0.0,0.44172812,85.3971,219.68681,0.6049444,71.66929,230.2606,0.9680678,88.578384,230.7365,0.97403073,65.34428,244.2172,0.76223874,92.47831,244.02318,0.8464835,65.87503,255.76851,0.5752127,92.3645,255.8213,0.6689109,73.390564,256.16577,0.9852653,84.52516,256.23038,0.98705834,73.95523,276.19742,0.9691993,84.15427,275.9932,0.97369057,72.92293,294.75934,0.9559967,82.629684,294.80582,0.9611993
0.0,0.0,0.12006641,0.0,0.0,0.07469459,0.0,0.0,0.081510454,0.0,0.0,0.47500998,0.0,0.0,0.48394686,110.15932,231.72545,0.9742808,128.0947,231.924,0.9751374,103.75562,245.53947,0.8142141,133.14322,245.81549,0.8272013,102.91864,258.03586,0.5902338,133.29675,258.49295,0.5995912,112.60028,257.1947,0.9887251,123.86414,257.3699,0.98891664,113.218796,277.08795,0.9717239,121.96584,277.03607,0.9723681,113.09716,294.8991,0.95419514,120.25463,295.05225,0.9554002
0.0,0.0,0.111968555,0.0,0.0,0.07364514,0.0,0.0,0.07675921,0.0,0.0,0.44348422,0.0,0.0,0.44348863,141.94,228.05649,0.9564978,160.17616,228.11142,0.9583707,137.11069,241.62292,0.7406425,166.47523,241.71832,0.75799316,137.76686,253.26561,0.5140001,166.59975,253.29825,0.52286357,145.41742,254.53098,0.98037326,156.92441,254.55865,0.9811164,147.57384,275.33203,0.95661485,155.63252,275.1775,0.9581799,149.18417,294.33377,0.93110013,154.9403,294.34152,0.933496
0.0,0.0,0.17065579,0.0,0.0,0.12920684,0.0,0.0,0.09910317,350.21542,204.70027,0.5425873,0.0,0.0,0.39385933,346.63293,217.57613,0.9518643,365.3342,217.2726,0.94543815,341.98303,235.67506,0.71098804,372.1156,235.52466,0.6378345,0.0,0.0,0.48403212,0.0,0.0,0.41155356,350.60065,250.83873,0.9724875,362.29614,250.69176,0.9710599,350.80682,279.1441,0.94082266,359.85995,278.86633,0.9356902,351.9573,306.3679,0.8948606,358.5171,306.14548,0.88932717
0.0,0.0,0.119211525,0.0,0.0,0.08821731,0.0,0.0,0.06667503,274.09937,219.91223,0.58192813,0.0,0.0,0.43528235,271.8061,231.28506,0.9746391,289.74246,230.1715,0.97094643,269.58304,246.7283,0.80772215,297.51657,245.5263,0.7612167,270.1525,259.28757,0.5510281,0.0,0.0,0.49238166,277.30356,260.23077,0.9845355,289.72952,259.77768,0.98398304,277.67267,283.5879,0.9547054,289.77097,283.1038,0.95187634,280.58206,305.10483,0.92292,291.35992,304.31134,0.919835
0.0,0.0,0.18119775,0.0,0.0,0.10159532,0.0,0.0,0.17442296,0.0,0.0,0.28101727,187.25528,223.98613,0.5533125,178.07043,233.66478,0.9367009,188.53314,234.09465,0.955065,173.71495,246.48409,0.6619089,193.3088,246.95343,0.8132729,174.99713,256.473,0.50629807,196.68536,257.04434,0.65086913,180.85428,257.99854,0.9808444,186.99385,258.39896,0.9841724,184.5938,277.74323,0.974374,188.90297,277.77325,0.97974086,185.40793,297.02332,0.9660235,188.37952,297.58453,0.971876
0.0,0.0,0.2864487,0.0,0.0,0.24704428,0.0,0.0,0.15321079,743.6445,205.63571,0.5622659,0.0,0.0,0.3391269,742.1538,219.3377,0.92242086,758.00366,217.86397,0.90622133,739.4993,235.53201,0.6838074,763.85724,233.30783,0.58769935,0.0,0.0,0.49164844,0.0,0.0,0.416243,748.302,252.32993,0.94535047,758.7784,251.65038,0.9427146,749.77844,279.4883,0.9109302,758.3982,278.97745,0.9006114,750.8108,305.96567,0.88504136,756.0435,304.60233,0.8761061
0.0,0.0,0.1314522,0.0,0.0,0.08754671,0.0,0.0,0.09044816,0.0,0.0,0.46124056,0.0,0.0,0.43471354,372.43237,230.47153,0.9589412,387.603,230.57814,0.9585517,367.88098,243.95927,0.770336,393.12274,244.09361,0.77887183,367.67722,254.42252,0.55437124,394.24503,254.33281,0.55903727,374.2373,256.70694,0.980317,383.64487,256.74164,0.9804937,374.44363,278.83606,0.95443624,381.58752,278.6385,0.95510817,373.91125,298.65436,0.9132305,379.14334,298.67487,0.9147714
0.0,0.0,0.12079127,0.0,0.0,0.09535815,0.0,0.0,0.064059,0.0,0.0,0.46211037,0.0,0.0,0.2926103,405.4155,228.5131,0.9228208,422.5027,227.55313,0.8819069,403.59607,243.00201,0.77662694,427.1006,241.9146,0.6147716,403.00162,251.90663,0.58204806,0.0,0.0,0.4374304,408.4241,254.1739,0.95956504,419.66312,253.60071,0.9492697,408.16885,275.623,0.9271267,416.47784,275.30573,0.903547,409.191,294.1551,0.87969095,414.37918,293.55026,0.85256326
0.0,0.0,0.097421795,0.0,0.0,0.079632886,0.0,0.0,0.05350881,0.0,0.0,0.40808284,0.0,0.0,0.2116501,319.68475,225.49913,0.90972304,332.86615,225.14877,0.88978094,316.38382,238.83702,0.6895152,337.55228,238.16556,0.57800406,0.0,0.0,0.49787357,0.0,0.0,0.39899856,321.36462,252.1372,0.97310376,329.41025,251.86778,0.970372,320.5257,277.58792,0.96520764,326.06506,277.20258,0.96021926,321.15555,302.1111,0.9488078,323.8355,301.54462,0.9437924
