0.0,0.0,0.09020204,0.0,0.0,0.031605262,0.0,0.0,0.08734332,0.0,0.0,0.33557633,408.63574,187.01796,0.77585983,380.4115,207.16278,0.96379834,414.5824,207.04262,0.9863941,374.30774,237.35115,0.77717775,428.17175,231.2731,0.944662,376.4761,256.57785,0.5365345,427.3323,241.09496,0.7816887,385.21,262.55972,0.9924549,406.58786,262.95682,0.995503,388.4591,304.764,0.98345274,400.7997,305.26407,0.9892904,393.62534,346.3711,0.95977473,397.65527,347.95868,0.9700168
0.0,0.0,0.07450603,0.0,0.0,0.04345084,0.0,0.0,0.04368872,0.0,0.0,0.4633042,764.12714,209.71077,0.5078963,744.6204,224.7907,0.96417135,772.9364,223.87001,0.9779172,742.1471,247.03595,0.8683899,780.93256,244.61803,0.9253683,742.2646,265.5318,0.69093496,779.167,261.62006,0.7795953,750.98346,265.95844,0.9921449,770.39526,265.6936,0.99409556,752.0329,298.25867,0.98129314,771.93823,298.0013,0.9844976,751.9845,328.56467,0.95665365,772.3723,327.93738,0.96204346
0.0,0.0,0.16402778,0.0,0.0,0.10198119,0.0,0.0,0.097228095,487.66687,216.2548,0.5673832,499.61722,216.51259,0.58152527,479.2129,233.09093,0.9654108,506.3338,233.7353,0.9650702,468.13266,253.95549,0.8092247,513.83466,255.82939,0.7988286,468.0044,273.2815,0.5877425,514.8567,274.2427,0.5749679,484.0159,274.26688,0.98649096,501.7825,274.70633,0.9865565,481.76306,302.52222,0.9790102,500.42834,303.1056,0.977423,483.13474,331.78058,0.96876335,501.3366,332.4428,0.9670108
725.4385,180.94775,0.9379811,728.67084,177.67824,0.7352587,722.10205,176.884,0.92369795,0.0,0.0,0.38334188,710.9668,178.8189,0.8695795,728.328,206.89615,0.9708236,696.8312,204.54184,0.9946408,732.20276,241.37302,0.8597563,683.6915,237.7177,0.98301226,737.00354,271.01086,0.8019606,677.32043,270.4273,0.9581513,722.936,267.9615,0.9913685,701.1334,267.64032,0.99611217,728.14825,317.9041,0.98253655,697.57477,317.456,0.992415,730.51105,360.02902,0.95653844,697.3213,362.56247,0.9748663
212.64702,167.19936,0.96285737,217.62852,163.64767,0.9286483,208.05716,163.09271,0.91356015,225.46858,166.5253,0.78010994,201.77667,165.3563,0.69855314,235.44069,192.23747,0.9900608,194.80702,191.52132,0.9828047,246.73009,215.83685,0.94514287,182.74626,223.71495,0.89948744,227.19382,196.71161,0.88679117,182.38231,244.4882,0.8338691,231.07327,259.013,0.9921061,204.80486,258.23712,0.9898811,228.14091,314.39368,0.98685825,207.11359,313.85855,0.98412156,230.90813,360.92743,0.9657192,214.08669,363.49002,0.9623125
0.0,0.0,0.103481874,0.0,0.0,0.076044686,0.0,0.0,0.053307194,521.12006,212.4038,0.53170806,0.0,0.0,0.39643413,518.9755,229.3836,0.95277876,541.28326,226.88686,0.9561117,514.4246,251.99663,0.8369633,550.8669,245.63937,0.8281328,511.91476,268.12042,0.6580669,552.61444,258.74994,0.6436853,529.07306,267.41354,0.988796,543.2209,266.72925,0.9891468,531.7163,299.37723,0.9842546,542.904,298.80032,0.9830089,533.6326,330.5826,0.97349995,540.91144,328.8493,0.97175694
257.93246,194.44495,0.88972485,262.2023,191.06918,0.9181416,256.36612,190.74182,0.61726356,271.50253,192.84962,0.89049876,0.0,0.0,0.16843818,281.30197,212.3404,0.9882609,251.21883,211.9879,0.9404519,285.09885,236.62094,0.9673515,245.58018,235.94168,0.5644587,266.81894,234.62363,0.93562436,250.82558,236.39314,0.55912083,271.6999,268.40222,0.98831344,251.80008,267.31012,0.97048944,268.14227,311.9538,0.98169637,247.75114,310.7729,0.9446904,268.68924,355.14896,0.9533611,251.20618,352.5221,0.8958922
0.0,0.0,0.16801305,0.0,0.0,0.07654465,0.0,0.0,0.12170527,0.0,0.0,0.28525373,167.79218,205.2378,0.5007846,147.51376,219.42004,0.89164597,168.60411,221.46315,0.9316427,140.75528,241.41417,0.61974394,165.77164,245.68742,0.7855954,0.0,0.0,0.4601327,165.74039,265.23486,0.60174876,147.34258,264.90753,0.9708172,162.14302,265.98914,0.977089,144.72269,299.04166,0.96478814,162.32024,299.86557,0.9703629,143.12973,332.05258,0.9504585,162.171,333.28802,0.9563918
0.0,0.0,0.14871542,0.0,0.0,0.067219004,0.0,0.0,0.17189258,0.0,0.0,0.22591159,650.14716,210.29477,0.6482194,632.65125,221.71541,0.89122736,649.99817,222.86307,0.93702245,0.0,0.0,0.47958377,651.0784,240.44484,0.7568835,0.0,0.0,0.30264214,651.87915,254.14218,0.5212699,635.96765,254.37344,0.94072866,646.9635,255.26546,0.95549786,637.4276,280.5387,0.8779333,647.1808,281.14316,0.91020465,637.47186,304.8842,0.81259483,645.0989,306.21555,0.8494592
0.0,0.0,0.27831545,0.0,0.0,0.18442766,0.0,0.0,0.1677087,0.0,0.0,0.48210567,0.0,0.0,0.47697386,658.6258,219.63148,0.9233446,674.4016,219.59583,0.9088333,652.47217,239.26167,0.6157009,672.36426,239.51416,0.5466696,0.0,0.0,0.40211627,0.0,0.0,0.35246357,661.5606,257.51297,0.9333603,672.9014,257.4707,0.9291199,659.3599,285.35056,0.8895565,674.1122,285.39502,0.8803104,662.5576,310.33197,0.83894086,678.1088,310.3641,0.8312418
0.0,0.0,0.06670509,0.0,0.0,0.03847023,0.0,0.0,0.061573036,0.0,0.0,0.2857875,0.0,0.0,0.4585732,442.78317,227.40488,0.88674206,463.52795,227.79446,0.91416985,0.0,0.0,0.49239832,467.021,242.21916,0.6474306,0.0,0.0,0.2707921,0.0,0.0,0.3742071,445.8974,256.83792,0.9462956,460.09595,257.08792,0.95431346,446.34866,281.71594,0.90013206,461.7469,281.72455,0.9163606,446.75934,304.85657,0.8783973,460.845,305.05804,0.8941467
