0.0,0.0,0.17602907,0.0,0.0,0.14188337,0.0,0.0,0.035820633,477.61157,110.840515,0.86555004,0.0,0.0,0.3549129,462.39743,168.45383,0.9730123,544.8699,170.80222,0.93753964,426.03058,238.55516,0.8842128,559.7772,262.4932,0.681243,433.2871,259.70203,0.68078905,0.0,0.0,0.43211496,471.0091,320.68054,0.96354353,523.8237,321.30255,0.9468484,473.7972,442.5066,0.7233706,514.55536,442.0655,0.6507028,0.0,0.0,0.20629914,0.0,0.0,0.1771075
642.1058,160.24861,0.9654398,645.84546,157.16397,0.89936984,637.9753,156.51651,0.9229197,648.99475,162.02734,0.68145657,628.6354,160.56982,0.7723478,654.92444,189.5398,0.9914239,616.64014,189.25087,0.99026394,664.98566,222.29413,0.95786476,604.32764,222.23634,0.9530788,666.3442,252.81503,0.91736925,609.0623,248.62416,0.9155523,646.07776,254.10132,0.99341136,621.5619,253.94365,0.992965,642.87384,303.77634,0.98376065,620.1373,303.42978,0.9832351,637.6857,349.79663,0.94776237,617.9798,348.39743,0.9468465
0.0,0.0,0.20142995,0.0,0.0,0.09237967,0.0,0.0,0.17254475,0.0,0.0,0.49838096,175.46115,192.00188,0.79250467,153.46724,210.24313,0.970572,183.24603,209.71742,0.9863188,145.49551,232.49107,0.72077847,194.55905,228.71915,0.89284974,0.0,0.0,0.46586227,189.30566,235.85211,0.6692506,159.15813,256.25146,0.98983955,178.07515,256.31674,0.9931537,160.6151,294.8885,0.9835243,174.8432,295.11145,0.9877916,162.91345,335.23083,0.971974,171.24858,335.79495,0.9770553
362.23337,204.5712,0.8958895,364.635,201.98126,0.822207,359.97128,202.25945,0.8114358,368.43195,203.83638,0.6404458,356.65005,204.48613,0.6071616,373.60632,218.5675,0.9836954,351.80948,220.59769,0.9849648,380.4631,234.372,0.89766324,346.54388,238.40309,0.89253825,376.09372,240.42697,0.8448742,353.63654,244.19249,0.83374494,371.1848,257.03824,0.9857142,357.58392,258.21634,0.986503,368.7499,288.47876,0.971872,360.38513,289.65796,0.97101575,365.2797,318.51657,0.9407702,362.2434,319.72586,0.9390822
338.74103,204.61276,0.8754818,340.3564,202.60143,0.76988876,336.88864,202.61649,0.8250708,342.1421,204.13504,0.52840096,332.86026,203.93303,0.67520255,344.51614,217.2487,0.9706059,326.7338,217.31758,0.98463655,344.85593,230.3944,0.8207286,319.50146,230.83968,0.91236216,341.85135,232.5572,0.76791173,323.05655,233.31612,0.85346705,341.76236,251.8574,0.9752617,330.73065,252.08754,0.98258305,340.6405,280.51114,0.95449555,331.54245,280.5977,0.9645586,338.6951,308.4605,0.9215947,330.32904,308.46664,0.9344702
0.0,0.0,0.14189929,0.0,0.0,0.09087164,0.0,0.0,0.11941559,0.0,0.0,0.44002193,205.07312,220.17424,0.53821534,190.56918,230.04726,0.951018,209.53395,230.24562,0.95833665,186.04008,243.39395,0.69986594,214.91245,242.84215,0.78257036,0.0,0.0,0.49483535,214.93663,254.46202,0.57268614,193.7208,254.46118,0.97683877,206.42441,254.44194,0.9792413,194.90897,274.0112,0.95861006,206.67004,273.6858,0.96369195,194.88849,292.631,0.9413128,205.84366,292.39938,0.94708914
298.08386,214.65839,0.8258209,299.25195,212.69943,0.6949735,296.0228,212.55928,0.8451699,0.0,0.0,0.34634316,291.44293,213.22108,0.769319,301.8282,225.27606,0.9810628,283.84845,224.69716,0.9873821,308.0944,237.64389,0.8377376,275.58813,237.45949,0.93740994,312.5616,247.5558,0.7808041,275.91327,248.45163,0.8906445,296.06104,254.32133,0.98757917,285.93378,254.36472,0.99002975,294.4021,276.67023,0.9664021,286.40564,276.5286,0.9746582,289.6126,296.76425,0.9378016,283.5348,297.3081,0.95032865
0.0,0.0,0.1446721,0.0,0.0,0.08690767,0.0,0.0,0.15756805,0.0,0.0,0.067913145,0.0,0.0,0.20912303,0.0,0.0,0.16298658,0.0,0.0,0.39140064,0.0,0.0,0.080478944,0.0,0.0,0.3634346,0.0,0.0,0.108807325,0.0,0.0,0.32835317,0.0,0.0,0.2551581,0.0,0.0,0.41140392,0.0,0.0,0.3353636,846.36664,295.58163,0.50263065,0.0,0.0,0.43581286,846.1702,328.13663,0.5681249
0.0,0.0,0.27166137,0.0,0.0,0.23900236,0.0,0.0,0.14624763,737.07355,210.20663,0.6743293,0.0,0.0,0.35495704,734.1447,223.56253,0.9721897,748.7413,223.3087,0.95936316,727.6613,239.06203,0.83943355,750.71686,238.61282,0.69889027,723.9084,246.42879,0.6652644,747.95654,246.06421,0.51489717,736.1147,256.59235,0.980184,745.3943,256.37433,0.9758589,732.68646,280.4466,0.94621676,744.5319,280.4565,0.9321482,733.5247,303.22607,0.87186944,745.443,302.87854,0.84930223
0.0,0.0,0.12518483,0.0,0.0,0.0882045,0.0,0.0,0.113831244,0.0,0.0,0.08123162,0.0,0.0,0.12199982,0.0,0.0,0.22460845,0.0,0.0,0.2692938,0.0,0.0,0.13853717,0.0,0.0,0.21268225,0.0,0.0,0.14203928,0.0,0.0,0.19698243,0.0,0.0,0.3634919,0.0,0.0,0.39030105,0.0,0.0,0.4180868,0.0,0.0,0.45006898,0.0,0.0,0.42632285,0.0,0.0,0.45152187
