0.0,0.0,0.0024080514,0.0,0.0,0.00118493,0.0,0.0,0.00033839306,0.0,0.0,0.18587653,0.0,0.0,0.017482344,627.3232,43.741203,0.53420764,709.5453,29.723383,0.55357647,580.4522,172.09477,0.7725733,728.4973,158.82957,0.7885725,610.4064,159.6406,0.62318665,723.5272,195.94978,0.63420445,666.83655,271.56464,0.9644607,699.58856,266.7175,0.96989876,708.2874,458.68607,0.5243258,628.3294,458.15503,0.5806899,0.0,0.0,0.047019422,0.0,0.0,0.054660324
0.0,0.0,0.12157696,0.0,0.0,0.061579574,0.0,0.0,0.08008388,247.49953,187.62791,0.6604012,264.12997,187.29878,0.77557653,237.83131,208.35907,0.9885562,273.76013,207.91618,0.9940348,229.26947,236.23154,0.9128443,286.6875,235.80731,0.95762116,227.81357,260.26004,0.7199095,287.5558,260.55103,0.80953586,244.59811,262.0784,0.9959636,268.08606,262.05295,0.99710685,241.52786,300.90305,0.985388,266.6427,301.07135,0.98768705,241.39322,338.3616,0.9602388,265.05334,338.74832,0.96451914
455.7633,150.53949,0.95213985,460.0593,146.55273,0.86543643,450.53116,146.67398,0.9281833,465.70474,150.05614,0.6065006,442.43198,150.21179,0.8174923,476.01996,178.73459,0.9778425,431.2161,178.76074,0.99072707,478.79626,217.37556,0.8704323,428.0633,218.7726,0.9594312,461.02817,214.69756,0.82087284,460.46912,219.19716,0.92445856,466.68924,252.3957,0.98831314,438.984,252.40471,0.99240535,456.0718,317.141,0.9685952,442.7724,318.36606,0.98094374,437.49948,376.58694,0.89725685,440.9926,379.8224,0.9248317
511.46146,198.40018,0.87362176,513.0138,195.49014,0.72657603,508.1733,195.37292,0.8306705,0.0,0.0,0.3891129,499.16675,197.51485,0.65753543,518.55457,215.64178,0.962829,489.8876,216.13684,0.97206795,526.8273,235.0624,0.8424492,487.21463,237.72324,0.8881748,518.48096,228.76735,0.7947527,499.61917,232.47014,0.83332086,515.1137,267.72156,0.98275846,495.46548,268.66403,0.984781,522.0463,309.9859,0.9755314,498.51367,310.9997,0.97729415,526.3187,351.78177,0.95510817,501.0049,353.30322,0.9574066
0.0,0.0,0.21437669,0.0,0.0,0.108707905,0.0,0.0,0.18243892,0.0,0.0,0.45029855,87.72287,216.939,0.7033258,73.522484,228.34549,0.9659752,91.2431,228.86105,0.98230493,67.97584,242.27533,0.7844964,96.7142,242.61455,0.90923387,66.93882,255.17058,0.5878888,97.449196,254.71353,0.7484811,74.17845,255.75229,0.98555803,85.71211,256.10944,0.9896673,73.59194,277.20044,0.9706324,83.41816,277.63135,0.97719043,73.707535,297.30325,0.95043296,81.995056,298.1365,0.95802426
0.0,0.0,0.17181511,0.0,0.0,0.09203665,0.0,0.0,0.15776095,0.0,0.0,0.4151326,163.73901,214.33154,0.6502161,149.27576,225.04985,0.97243696,166.698,225.78438,0.9791971,142.74196,239.45927,0.7638032,170.96794,240.36438,0.86740446,143.30807,249.72746,0.5417508,171.15608,250.83295,0.66849244,150.26637,253.59637,0.9857577,161.11403,253.91287,0.98771673,150.06837,276.54803,0.9639328,160.28629,276.6274,0.9702486,148.15704,297.64526,0.9344451,157.35925,298.2736,0.9437148
0.0,0.0,0.1737097,0.0,0.0,0.11597401,0.0,0.0,0.1370812,0.0,0.0,0.48476005,120.75957,219.19064,0.5552374,109.04893,229.56729,0.9724176,124.58814,229.56935,0.97484916,103.683815,243.95471,0.80645585,129.02159,244.0026,0.8431236,102.5583,256.67728,0.60055083,128.81776,257.09958,0.6434814,111.287254,255.97588,0.98482853,121.65451,255.8733,0.9858986,112.08397,277.07257,0.96022874,120.55501,276.97168,0.9631822,112.501785,296.16766,0.9322486,119.65701,296.00632,0.9363751
0.0,0.0,0.15270709,0.0,0.0,0.068418786,0.0,0.0,0.114968956,0.0,0.0,0.33189794,397.62857,202.76508,0.5999289,378.36774,217.34929,0.9551096,401.24658,216.62714,0.97156274,372.6826,237.71858,0.7837421,404.8077,235.7972,0.88066196,373.09192,253.64273,0.5934719,407.3111,249.5304,0.707572,381.2328,253.25185,0.9853512,396.01398,253.00255,0.9888249,383.94366,282.07492,0.9688339,395.01154,281.86227,0.97498137,384.75366,309.88,0.9423699,392.66605,310.3282,0.9507365
0.0,0.0,0.29025704,0.0,0.0,0.36694372,0.0,0.0,0.079338424,783.52997,211.58104,0.87854344,0.0,0.0,0.2062085,782.38306,228.13034,0.96898097,803.5104,229.76768,0.8911998,771.72705,246.70894,0.86222035,0.0,0.0,0.38807812,767.8448,257.35605,0.6446089,0.0,0.0,0.25022787,780.2182,270.307,0.9355962,793.23486,269.41885,0.88214,775.26984,284.43027,0.87396425,787.2214,283.80594,0.7613841,779.8386,311.7408,0.80108345,786.2329,309.4958,0.69343555
0.0,0.0,0.022224821,0.0,0.0,0.005459927,0.0,0.0,0.021685388,0.0,0.0,0.018370824,0.0,0.0,0.1106766,0.0,0.0,0.067087255,0.0,0.0,0.4088922,0.0,0.0,0.054347668,837.23047,226.11073,0.5172334,0.0,0.0,0.05728451,0.0,0.0,0.34372294,0.0,0.0,0.11692826,0.0,0.0,0.2847773,0.0,0.0,0.038820907,0.0,0.0,0.10313444,0.0,0.0,0.0220115,0.0,0.0,0.041330583
0.0,0.0,0.07780095,0.0,0.0,0.043330662,0.0,0.0,0.052122243,0.0,0.0,0.299813,0.0,0.0,0.41109052,295.1982,230.2836,0.8878838,317.90186,228.72609,0.90670973,291.07837,245.82814,0.66563123,323.65173,242.53268,0.75236785,0.0,0.0,0.46296462,321.44592,254.17566,0.54923534,299.7061,260.47885,0.9632657,314.52197,259.83917,0.9675232,299.09232,283.74792,0.9391047,310.9734,283.22394,0.94425476,301.01868,305.96524,0.9149825,310.09137,305.21753,0.9200005
0.0,0.0,0.019927109,0.0,0.0,0.0048333006,0.0,0.0,0.015682291,0.0,0.0,0.015150517,0.0,0.0,0.075799115,0.0,0.0,0.045128632,0.0,0.0,0.22754326,0.0,0.0,0.05638,0.0,0.0,0.36392316,0.0,0.0,0.10730061,0.0,0.0,0.3751541,0.0,0.0,0.07252015,0.0,0.0,0.15858206,0.0,0.0,0.034450788,0.0,0.0,0.07046624,0.0,0.0,0.017001862,0.0,0.0,0.02636489
0.0,0.0,0.14617807,0.0,0.0,0.13756187,0.0,0.0,0.056558765,345.20828,205.42499,0.56929857,0.0,0.0,0.21564305,342.39584,215.73445,0.94715554,359.02768,215.28078,0.8942235,334.26196,228.99338,0.84491163,360.67957,229.90427,0.5749213,331.4504,233.27773,0.68125254,0.0,0.0,0.4300169,346.03003,247.12999,0.98065865,357.10178,246.69489,0.97186196,343.18463,274.2785,0.9747079,352.9716,274.21017,0.9590975,344.7103,302.32623,0.9586951,352.44778,301.6101,0.9413954
