0.0,0.0,0.34862652,0.0,0.0,0.083542936,0.0,0.0,0.4955655,0.0,0.0,0.031067034,833.68475,137.48915,0.58117425,0.0,0.0,0.20980197,806.3822,180.37802,0.8607451,0.0,0.0,0.10250532,812.34814,236.434,0.86126447,0.0,0.0,0.14008084,854.0,257.7724,0.7544484,851.5674,275.40308,0.6704001,813.3435,276.71378,0.8944512,849.7416,368.41278,0.6513405,792.60913,374.51755,0.88215995,838.6639,429.29254,0.51271665,774.5025,443.77783,0.71459454
0.0,0.0,0.24950062,0.0,0.0,0.21178035,0.0,0.0,0.0675024,307.02234,147.08705,0.7844252,0.0,0.0,0.28867227,292.97266,178.66086,0.9845776,346.3885,178.48746,0.9152715,278.5137,217.5433,0.96043587,338.72513,216.81041,0.6761335,278.05453,221.187,0.8798562,310.51572,218.34454,0.55481744,297.98648,257.2498,0.9955889,333.0667,256.9684,0.98938316,298.77527,326.51224,0.9950977,324.60703,329.5979,0.9889327,306.26852,389.12885,0.98438096,320.8776,393.43964,0.97424537
612.2619,198.98296,0.9553463,614.93427,196.46135,0.91261744,609.7026,196.38226,0.91490704,618.90466,198.4191,0.7298564,606.1429,198.12627,0.73302186,624.8839,215.20403,0.99332845,600.67896,214.73122,0.9960562,633.2965,233.741,0.95479345,593.3795,232.31955,0.97306156,635.5512,250.59612,0.9277111,590.09045,250.06761,0.94822454,619.7272,253.47174,0.99353975,604.99207,253.19844,0.9952643,618.19556,282.87683,0.97998947,605.72723,282.33435,0.98325795,617.2868,309.36676,0.94725114,607.9641,308.5939,0.95300305
0.0,0.0,0.22017875,0.0,0.0,0.11935428,0.0,0.0,0.16713105,178.98244,210.09908,0.5880942,189.8249,209.59789,0.75169486,171.7603,226.14977,0.9853609,195.95705,224.9254,0.9914307,164.81767,246.80719,0.9167365,203.92026,244.44672,0.9537696,161.53976,265.87817,0.78196496,205.75946,262.51352,0.84533775,176.70865,260.78247,0.9938782,192.16385,260.3477,0.99533516,178.42989,287.5936,0.9829858,189.35336,287.2527,0.9852498,179.17752,312.3825,0.9622002,186.99359,312.47653,0.9654381
460.27338,213.2519,0.8996885,462.76392,211.0517,0.8337912,458.50732,210.78897,0.83091855,466.20697,212.26367,0.6344318,455.16824,211.65268,0.61378455,470.9477,224.59851,0.9851511,449.30817,224.79012,0.9886052,476.74942,238.1202,0.9277682,442.3908,239.9855,0.93851125,472.13135,240.86217,0.8926447,443.42242,247.13599,0.9002293,466.20386,258.83215,0.9916014,452.36246,258.80756,0.9925494,465.92822,285.6609,0.98481107,450.1603,285.34665,0.9848375,466.212,311.09268,0.97193843,450.66614,310.46857,0.9717637
665.38745,207.13031,0.9092512,668.22504,204.52077,0.8897882,662.89026,204.69144,0.7957609,672.91113,206.79729,0.7889817,0.0,0.0,0.48086768,678.28186,222.07051,0.9862444,656.91254,222.7106,0.9761653,685.1519,237.36005,0.9346074,652.2676,236.96202,0.81668437,679.35126,235.92331,0.8884135,655.8885,231.73439,0.7586201,673.7758,257.39734,0.97439337,659.95404,257.52795,0.9655457,672.0101,281.13513,0.93492466,658.7155,281.23386,0.90409386,672.2225,302.2235,0.856971,659.8479,301.90152,0.8129392
0.0,0.0,0.12591234,0.0,0.0,0.10851117,0.0,0.0,0.052432895,0.0,0.0,0.44159767,0.0,0.0,0.19178794,248.92064,227.17714,0.8936389,266.08206,226.18457,0.8219662,245.62708,244.32637,0.71474683,0.0,0.0,0.48511845,243.05478,248.00372,0.5267062,0.0,0.0,0.3572117,255.73627,260.19867,0.96077543,267.04642,259.67752,0.9483012,256.80035,288.71365,0.9591781,265.0366,288.28098,0.94383764,258.9177,316.3135,0.94127417,263.49973,314.85892,0.9262267
414.69193,226.1917,0.84255075,416.60767,224.33005,0.83009976,413.6414,224.2173,0.7129717,420.6133,225.22867,0.717248,0.0,0.0,0.38129827,424.39178,234.99852,0.9787829,411.11557,234.54118,0.96752155,425.92184,246.41858,0.89326245,406.86755,245.04305,0.7863395,420.15265,252.05534,0.8499295,407.10733,250.62375,0.7508636,421.25363,258.56335,0.9779196,412.84598,258.1649,0.97295547,418.89157,276.96567,0.9505478,411.92038,276.5547,0.9369701,419.2084,294.30154,0.90483445,413.48087,293.71457,0.88607633
493.04578,224.02354,0.6532594,494.5995,222.17851,0.67421895,0.0,0.0,0.35202864,498.77472,223.32365,0.7214088,0.0,0.0,0.13211569,502.5936,233.94406,0.95398027,495.7629,233.96602,0.8984758,502.67758,245.9754,0.84129965,0.0,0.0,0.48009786,495.25702,247.48235,0.7629134,0.0,0.0,0.4538445,502.63705,261.21033,0.955539,498.37274,261.01367,0.93292046,503.18036,282.51453,0.91533685,500.268,282.30368,0.8666271,507.80515,302.78864,0.85839707,504.4602,301.89566,0.8020157
0.0,0.0,0.13948238,0.0,0.0,0.074762136,0.0,0.0,0.13416886,0.0,0.0,0.301018,372.7444,222.67934,0.5516537,360.2481,230.5566,0.95235646,373.96863,231.55743,0.96518165,355.06528,241.70175,0.73976237,375.86084,243.14024,0.8577345,355.25977,250.14568,0.53613865,376.3285,251.92926,0.67123526,360.70276,253.44836,0.97721183,369.54764,253.88777,0.9808204,362.85294,271.6929,0.94674486,369.3923,272.06308,0.956712,362.5715,288.049,0.9173569,367.05652,288.80106,0.9294669
