0.0,0.0,0.09364346,0.0,0.0,0.02014674,0.0,0.0,0.08583779,0.0,0.0,0.30781692,239.33803,201.18309,0.8738676,202.57063,224.49213,0.97756016,246.80238,225.62534,0.9900467,190.07535,260.2077,0.8070376,260.39987,262.25412,0.9417591,190.53915,282.99554,0.5476111,257.49075,284.53046,0.7540523,208.6477,290.8207,0.99272233,238.95776,291.18832,0.9954477,207.59695,334.58887,0.9744289,245.74596,334.43616,0.9833208,210.6352,378.81927,0.928345,252.95128,380.61536,0.94729733
0.0,0.0,0.0885047,0.0,0.0,0.040721033,0.0,0.0,0.06532653,0.0,0.0,0.46546623,460.97757,181.374,0.70274055,433.2452,204.639,0.97101563,469.392,204.58817,0.9875979,425.47763,239.33098,0.7994826,476.74896,238.91989,0.9322537,428.17065,273.78714,0.517716,478.31665,273.05148,0.72449785,438.65137,266.08914,0.9929173,461.82675,266.445,0.99543107,441.94293,313.20953,0.9795123,459.15656,313.7582,0.9852636,443.53073,358.65182,0.95071316,453.26462,359.47903,0.9608909
91.562325,192.24615,0.86622727,94.69588,188.51338,0.7841542,88.65219,188.62361,0.77285457,100.79288,191.5359,0.5286355,0.0,0.0,0.47900382,108.2312,215.84245,0.97154737,77.37148,215.69493,0.9815197,110.53181,248.34868,0.9044071,65.76782,245.03717,0.93356997,101.10431,272.86273,0.8693727,64.922485,266.81046,0.89430577,101.57234,276.66824,0.99115574,79.376945,276.4201,0.9929032,109.16901,322.53006,0.98512137,70.80797,322.2255,0.986357,109.10626,366.8196,0.9666694,57.097042,366.39087,0.9689187
0.0,0.0,0.06668425,0.0,0.0,0.030993067,0.0,0.0,0.047177985,0.0,0.0,0.4039469,516.8822,192.2444,0.6313224,488.83023,214.95241,0.96399975,524.7345,212.92996,0.9801216,482.4121,249.88248,0.82765794,536.3639,239.55525,0.91791767,482.6996,276.55518,0.59208155,530.98615,255.10219,0.72242415,496.6025,273.64874,0.99218845,519.1943,273.30862,0.9942688,501.42618,319.8314,0.9790411,515.01654,319.9151,0.9830546,502.2794,364.4613,0.94409513,506.89572,365.05585,0.9516913
0.0,0.0,0.11531666,0.0,0.0,0.05500482,0.0,0.0,0.08958597,0.0,0.0,0.3797377,684.7518,194.90329,0.6265437,665.66425,212.86525,0.9524193,692.8283,211.85567,0.9759537,661.8189,237.40865,0.71259665,699.682,234.68858,0.87823945,0.0,0.0,0.45827898,698.9419,253.9944,0.6519047,672.50415,256.65775,0.9868047,689.9522,256.44925,0.99081826,676.8145,292.1053,0.9727279,688.3998,291.86887,0.97966135,680.6082,327.38895,0.95291835,685.4433,327.05807,0.96152866
560.66626,203.22064,0.8860975,563.2794,201.16446,0.857945,559.4478,200.93459,0.75667727,568.3112,204.17778,0.7294506,0.0,0.0,0.42839658,574.6095,219.25659,0.9820347,552.7989,220.02249,0.9701359,578.07385,233.19313,0.9382524,550.42944,235.09639,0.8363056,569.3722,227.5446,0.9002514,553.96466,229.53899,0.7937129,571.97656,256.14246,0.9857561,557.16284,256.53586,0.98068845,576.04266,286.35754,0.97617984,557.9217,286.64444,0.9640672,578.21075,312.94284,0.95807713,557.733,312.51813,0.94316643
0.0,0.0,0.4534782,0.0,0.0,0.42068088,0.0,0.0,0.18817317,164.73064,182.6445,0.8413655,0.0,0.0,0.4724622,161.8077,208.19885,0.9867025,180.09142,207.52576,0.97636443,152.51044,243.5216,0.9200227,184.92897,241.44965,0.75249356,143.5627,271.67282,0.7830177,182.22574,267.22757,0.5568867,164.59714,268.7399,0.99207544,177.2504,268.37735,0.98902845,160.58243,316.5742,0.9874356,179.65602,316.78912,0.97963,153.87814,364.77057,0.9704028,175.4385,364.2294,0.958414
0.0,0.0,0.10330842,0.0,0.0,0.042441446,0.0,0.0,0.07782781,0.0,0.0,0.31299052,299.6601,188.55464,0.63583666,275.83505,214.61717,0.9296365,309.0956,213.25696,0.9569765,268.00775,246.29976,0.66405666,322.12976,246.3589,0.834035,0.0,0.0,0.41348222,324.09738,258.90506,0.5903347,287.57224,279.40265,0.97967094,308.7135,278.94324,0.9849749,294.43948,325.3934,0.9702719,305.65778,324.6163,0.9775714,297.47888,370.4124,0.9404945,299.96802,369.30157,0.95127714
0.0,0.0,0.19345216,0.0,0.0,0.06247779,0.0,0.0,0.21457109,0.0,0.0,0.17321962,648.1412,203.29488,0.69756967,631.7311,220.03212,0.87915576,648.2713,221.67662,0.95508415,0.0,0.0,0.42620844,651.21515,245.59662,0.8214076,0.0,0.0,0.28276435,653.73676,261.3339,0.59850216,632.2813,266.6481,0.9614402,642.797,267.46136,0.97746766,632.4163,303.06952,0.94708055,638.5777,303.65247,0.96806484,632.3767,338.68622,0.927807,632.1142,340.41193,0.9494775
408.42072,210.71706,0.6714393,409.75815,208.52646,0.58981615,406.90936,208.56654,0.5720397,0.0,0.0,0.4555857,0.0,0.0,0.40476614,414.19168,223.7055,0.9482294,401.455,223.81549,0.9425357,417.5363,240.67761,0.74920213,397.06168,240.6354,0.72267157,417.0353,254.09457,0.6572489,395.91812,254.45741,0.63099927,410.3914,256.97626,0.962512,403.42538,257.0094,0.96115875,409.71036,282.57233,0.921821,404.7527,282.47253,0.9183762,409.05396,305.19608,0.8701612,404.9789,305.26535,0.86605996
0.0,0.0,0.20216244,0.0,0.0,0.14526881,0.0,0.0,0.14384086,0.0,0.0,0.43170023,0.0,0.0,0.3852583,602.3808,228.00787,0.9082543,617.47595,229.03168,0.91053116,594.949,244.65257,0.57262903,618.28424,246.49895,0.55638,0.0,0.0,0.3727318,0.0,0.0,0.3536682,603.04254,262.67856,0.9316116,612.2339,263.3144,0.93147194,603.41785,288.82605,0.8589789,612.0116,289.46417,0.8562267,604.24536,312.38257,0.7855977,609.7404,313.11295,0.78365254
