0.0,0.0,0.15641709,0.0,0.0,0.10369703,0.0,0.0,0.05498962,302.3352,151.10031,0.6617068,0.0,0.0,0.3069084,285.88898,178.75032,0.9677135,340.99124,182.11737,0.90774816,273.87973,216.58862,0.91258985,338.88812,219.61346,0.7070424,284.28534,239.55084,0.7880713,325.5369,235.65623,0.5532026,291.94778,257.6647,0.9939481,329.50214,259.35632,0.98957485,291.97937,326.12094,0.9941362,327.51688,334.31842,0.99057394,289.77554,389.98618,0.9840491,325.19968,403.6888,0.97844803
612.7973,197.09073,0.96314406,615.55273,194.57689,0.9208629,610.3325,194.40523,0.9332401,619.35516,196.57927,0.7174735,606.5111,195.96213,0.77530384,624.83575,214.59471,0.9940859,600.19806,212.92654,0.9973348,633.38605,234.94151,0.95718896,590.99255,229.17899,0.98297656,636.7335,254.85341,0.9330073,582.73456,246.47768,0.96467453,617.89874,255.22856,0.99478626,603.2111,254.41008,0.99671763,613.05426,284.54593,0.98257196,601.20905,283.57913,0.9872158,614.6196,311.54044,0.95242935,605.49567,310.4878,0.96124583
0.0,0.0,0.22184056,0.0,0.0,0.10169342,0.0,0.0,0.19410837,179.10289,209.30243,0.56834835,190.46362,208.77919,0.8355808,169.64372,224.13248,0.9851864,197.1058,222.21199,0.99308574,161.27573,243.18907,0.8832496,210.85197,237.03175,0.9566073,160.99287,259.9432,0.7010384,211.26036,249.52238,0.8305031,175.61714,258.52563,0.9912425,192.94992,258.0181,0.9940744,177.966,284.04935,0.9693512,191.19098,283.6464,0.97689706,181.7072,307.82294,0.92886513,191.44812,307.9672,0.94067675
463.2359,213.93185,0.90567577,465.69705,211.77272,0.85661745,461.64868,211.62154,0.8191202,469.9183,212.91109,0.71252334,459.04916,212.43112,0.5907391,475.0981,225.22955,0.98843515,454.0067,224.64552,0.9888666,481.48688,236.96962,0.93641156,446.353,236.08037,0.9192415,474.3068,233.94109,0.89916646,452.8071,233.7195,0.8725993,469.63376,259.91068,0.9897333,455.93054,259.3795,0.9897578,468.6888,286.3498,0.9772859,453.09915,285.60883,0.9744955,468.37082,310.76227,0.94919956,453.69003,309.6021,0.9446282
662.9473,207.82979,0.9009838,665.8567,205.2867,0.87439734,660.79456,205.41064,0.7956254,670.64087,207.22868,0.7610004,657.8244,207.62329,0.50234884,676.14734,222.2402,0.98275524,653.9971,223.08803,0.97540516,681.84705,238.21349,0.90930367,648.17993,238.78975,0.8167428,678.0568,246.37285,0.8496689,650.03107,245.58519,0.74589074,671.88074,256.90848,0.970486,657.5,257.2026,0.9644621,672.0715,280.67642,0.93087447,656.04425,280.79898,0.9089179,673.5011,302.72137,0.86511695,657.84753,302.35144,0.8352751
0.0,0.0,0.1562867,0.0,0.0,0.15070789,0.0,0.0,0.09823996,0.0,0.0,0.23383224,0.0,0.0,0.11311542,0.0,0.0,0.45344582,0.0,0.0,0.36774036,0.0,0.0,0.3489084,0.0,0.0,0.21060745,0.0,0.0,0.32213157,0.0,0.0,0.21313642,845.5258,266.09912,0.5201749,0.0,0.0,0.4779802,846.7704,298.57278,0.55633736,844.9346,298.85245,0.50073236,848.9897,329.0261,0.55665773,846.0594,329.02322,0.51743287
0.0,0.0,0.13438544,0.0,0.0,0.122412466,0.0,0.0,0.062274247,242.35619,216.87949,0.6416269,0.0,0.0,0.3510959,238.31395,227.58296,0.96011025,258.67133,227.18741,0.93050873,234.31886,240.15862,0.84878606,262.3854,240.29416,0.662554,233.40729,250.00136,0.64814484,0.0,0.0,0.45873013,242.2696,253.33652,0.9797331,255.78116,253.27237,0.9720375,242.97995,273.77817,0.96505576,255.65918,274.0858,0.94732004,243.77867,293.1072,0.94813913,256.36075,292.72156,0.9293183
0.0,0.0,0.111948244,0.0,0.0,0.07411141,0.0,0.0,0.06688581,0.0,0.0,0.29623136,0.0,0.0,0.27054003,813.8558,223.13385,0.8438775,826.8146,222.72395,0.80071956,810.21063,241.48315,0.56782734,0.0,0.0,0.457992,0.0,0.0,0.3888843,0.0,0.0,0.31159,820.2973,259.90952,0.93890214,828.96515,260.173,0.92910475,823.4555,290.31226,0.9288451,830.3615,290.5481,0.9155364,827.17535,319.73615,0.9033711,831.619,319.68433,0.8904913
0.0,0.0,0.12472418,0.0,0.0,0.091112465,0.0,0.0,0.0844455,0.0,0.0,0.40197322,0.0,0.0,0.33617282,785.1225,220.44498,0.88691324,802.11926,219.96762,0.8882806,779.70764,238.69238,0.5563965,805.6654,237.7923,0.5520112,0.0,0.0,0.3470369,0.0,0.0,0.33991447,789.21375,252.64757,0.934277,799.64307,252.47723,0.9353201,790.1598,280.60992,0.88835514,798.2119,280.42734,0.8876498,792.686,307.2198,0.82985497,797.52167,306.91473,0.82930654
414.61346,226.46753,0.8439507,416.52026,224.60681,0.8341879,413.58865,224.5053,0.7069979,420.58798,225.4649,0.72964376,0.0,0.0,0.36519703,424.71136,235.31601,0.98045427,411.23026,234.87006,0.968982,426.93103,246.70967,0.90136164,406.65906,245.23888,0.79016536,421.8812,253.05609,0.85855573,405.79947,251.53105,0.7541726,421.6508,258.81723,0.9795617,413.26575,258.38864,0.97453487,418.67953,276.7024,0.95336944,411.91397,276.24368,0.9393226,419.12643,293.97427,0.9102905,413.6006,293.3139,0.89087695
0.0,0.0,0.24013676,0.0,0.0,0.16617516,0.0,0.0,0.18147653,0.0,0.0,0.43785626,0.0,0.0,0.46441677,359.7253,229.09915,0.9415144,373.73157,229.71251,0.94613916,355.2337,241.41196,0.6995032,376.0363,242.00893,0.7280939,355.65683,250.41171,0.5387953,375.1919,250.94058,0.5575767,360.41885,253.31612,0.9689442,369.33182,253.62755,0.97045654,360.26382,271.98755,0.9501581,368.21735,272.01508,0.952102,359.83636,289.57132,0.92722374,367.01785,289.98907,0.92984253
