615.7965,175.77144,0.96398354,619.15784,172.36833,0.9228435,612.19305,172.038,0.93611354,623.4801,175.09483,0.6868615,605.2335,173.89586,0.7520162,629.52405,198.48743,0.99242955,595.78906,196.50732,0.9959467,636.12756,227.95517,0.952844,586.06555,222.98329,0.9755427,634.80304,252.29547,0.92743325,584.9409,246.68185,0.95287627,620.98456,254.05374,0.99409264,599.84485,253.19528,0.99583286,615.3978,295.89447,0.98262006,595.9828,294.97296,0.98564863,614.33997,333.34775,0.9481231,598.35657,332.41162,0.95402336
0.0,0.0,0.39482677,0.0,0.0,0.20087983,0.0,0.0,0.18940488,0.0,0.0,0.49607787,215.49187,181.931,0.5242005,190.12895,203.36838,0.98143286,222.36334,202.70903,0.9625299,182.4432,236.1022,0.9549455,232.97977,232.43825,0.8831256,177.99062,265.07544,0.8976664,228.91872,255.7123,0.81640565,200.59854,255.07878,0.99478406,220.50551,254.75629,0.9920874,200.3033,302.03012,0.9912163,212.43163,300.01996,0.98700446,201.78915,344.78958,0.9742164,205.12804,337.5009,0.9675048
412.48737,192.4339,0.9015675,414.50485,189.2213,0.73470736,408.31116,188.94312,0.8838211,0.0,0.0,0.3872146,399.88184,191.14427,0.80788666,417.58835,212.98564,0.97213745,395.94778,211.68625,0.98910505,427.42578,233.66237,0.7789848,403.47928,233.77562,0.936084,428.8131,229.1411,0.7373575,420.44333,230.02101,0.8833719,416.5796,265.07126,0.9860886,402.38977,264.98688,0.9916059,416.89294,309.8218,0.97759557,407.3615,309.59192,0.98591995,412.454,352.59528,0.95584023,404.28708,352.39673,0.9689051
473.34848,205.69508,0.9202778,475.7614,203.0123,0.8655877,470.76587,203.34288,0.85862005,479.85272,204.82097,0.65566057,466.73785,205.79619,0.62732863,485.71194,219.65706,0.98286027,462.85754,221.49895,0.9861123,491.4647,236.25339,0.91186535,459.06366,238.32607,0.9221234,485.94418,234.98914,0.8714616,465.0146,233.62755,0.8794442,482.69708,257.74658,0.9843291,468.2275,258.68893,0.9861022,481.06137,289.4516,0.9679028,469.44333,290.27365,0.9687562,478.23,317.91702,0.9335258,469.65085,318.67123,0.9346585
355.98395,212.26282,0.8872928,357.77567,209.71765,0.8135944,353.4575,209.77402,0.8864495,0.0,0.0,0.48262426,349.0794,210.91011,0.76842403,363.30637,222.82617,0.9835316,343.80344,223.35226,0.98740315,368.33755,235.82994,0.8577506,340.80753,237.4282,0.9288997,365.76987,238.71098,0.8186088,349.63965,240.3417,0.89222294,359.9289,256.02112,0.9870705,347.73236,256.444,0.9890027,359.3622,283.09406,0.964892,349.376,283.2247,0.9714218,355.93835,307.5559,0.91215163,349.82004,308.32294,0.9250804
323.63596,208.87373,0.87910056,325.6763,206.65689,0.8176636,321.59372,206.8459,0.7830854,328.6911,207.83235,0.65400845,317.83505,208.27954,0.54377353,333.15897,219.36,0.98297656,313.2403,220.72116,0.9812553,338.39923,229.0566,0.91238934,305.6436,231.24637,0.878325,336.79367,226.46017,0.86497694,304.9491,227.08171,0.8255226,329.39273,251.40591,0.9899775,317.3008,252.0733,0.98932403,325.42526,277.99945,0.98622036,316.09808,278.64584,0.9834247,324.23135,304.4498,0.97601175,317.01312,305.02325,0.97207546
288.37497,219.05078,0.87064755,290.32785,217.13289,0.77152085,286.5979,217.00363,0.81328887,292.74463,217.89236,0.54861253,282.96213,217.4104,0.6514791,296.11664,227.348,0.97698396,277.4093,227.37837,0.9846563,302.3565,234.9724,0.86496574,268.6657,236.56772,0.91643894,301.36978,231.92328,0.811573,266.2889,237.82225,0.8630854,290.3416,254.05972,0.98419315,279.06323,253.9438,0.98721653,288.28375,274.61307,0.97235954,278.84634,274.3666,0.97572505,285.98523,294.0368,0.955632,279.08154,293.67447,0.95927024
0.0,0.0,0.027910404,0.0,0.0,0.009921615,0.0,0.0,0.010401244,0.0,0.0,0.045277853,0.0,0.0,0.05747824,0.0,0.0,0.36684275,0.0,0.0,0.28409687,0.0,0.0,0.451108,0.0,0.0,0.25152138,0.0,0.0,0.33273387,0.0,0.0,0.23552582,819.406,341.11597,0.5054547,0.0,0.0,0.44974437,0.0,0.0,0.11209334,0.0,0.0,0.08148866,0.0,0.0,0.024740994,0.0,0.0,0.018596
107.69602,229.03484,0.81777334,108.843,227.40091,0.74560267,105.90881,227.48083,0.8079696,0.0,0.0,0.48137665,103.24755,228.35461,0.6751756,112.72053,236.72966,0.9750617,99.17931,236.83629,0.9785848,116.38167,246.84583,0.8533091,93.14556,247.27495,0.9007326,116.59406,255.23837,0.79635173,92.212685,256.24377,0.84754574,109.87598,257.9616,0.9660455,101.93686,258.08093,0.96918976,110.67083,271.13434,0.8897158,100.35451,271.16025,0.9009549,110.43787,280.82224,0.827625,98.66577,280.99582,0.840838
664.80676,205.53574,0.94806886,667.88574,202.84978,0.9371724,661.7323,203.11264,0.9198227,673.0618,205.57562,0.79139894,657.6939,206.7176,0.68242604,680.25574,223.67862,0.9827408,653.72736,225.26437,0.9782924,685.9826,244.7794,0.7982953,651.96,247.15009,0.7457828,677.7415,253.52187,0.66051096,659.8933,255.01456,0.6061921,676.1423,261.09683,0.83079535,658.9037,261.73984,0.81785595,0.0,0.0,0.3996748,0.0,0.0,0.3808496,0.0,0.0,0.19865324,0.0,0.0,0.18892951
