517.67206,163.71698,0.92472506,519.5836,159.80084,0.5490799,513.313,159.77808,0.92548275,0.0,0.0,0.19725502,499.10062,160.36388,0.91490513,515.01666,185.4633,0.96587676,483.31537,188.03874,0.99777335,526.5227,216.54198,0.8279487,482.17023,222.51773,0.99475527,531.76495,210.90973,0.80544,517.6761,214.72302,0.98506826,510.2707,256.96304,0.9955315,493.05325,260.9819,0.99878496,499.18518,309.89432,0.9934097,512.9561,324.89737,0.9983327,468.70407,352.03625,0.98291034,512.1012,378.07596,0.99279904
637.2885,207.67639,0.89011014,637.7058,204.43457,0.5144835,633.9252,204.51503,0.9175295,0.0,0.0,0.16477004,623.95245,205.60532,0.9387605,628.09656,221.4297,0.96985704,617.13617,221.7538,0.9959305,630.08826,240.94815,0.6947886,609.05286,243.55002,0.98410344,641.8483,256.132,0.6729601,618.11163,261.86392,0.9588547,624.23694,264.0686,0.98895174,618.8199,264.8583,0.9963348,619.37976,293.31686,0.9767809,624.37915,294.32416,0.99210346,607.6917,318.74957,0.9629303,617.5783,321.56262,0.98331577
274.33856,199.02844,0.9606333,276.55414,195.57588,0.89507,270.4481,195.90825,0.9396493,279.3547,197.88004,0.5933039,262.87274,198.45113,0.81812894,285.15762,219.18565,0.99224675,253.31252,220.11519,0.9965796,293.78983,243.23177,0.9436451,240.13988,243.10164,0.9796403,293.23395,266.31137,0.91549265,234.25017,264.65396,0.9584711,277.4274,269.4172,0.9935726,258.06638,270.2466,0.99589646,275.54218,304.65018,0.9773612,262.80368,305.94653,0.98366725,264.0044,335.09726,0.932937,258.8152,337.41748,0.9462528
810.1849,99.57551,0.9385028,809.6728,92.36532,0.60860586,798.63385,94.34377,0.95067525,0.0,0.0,0.09729926,769.2523,109.8401,0.9193694,805.08453,158.10873,0.89744294,745.2755,166.39557,0.98339903,827.02673,218.3019,0.578945,739.45325,238.18874,0.9470857,821.89,157.07634,0.617512,798.315,213.09366,0.9191007,803.4453,303.74487,0.8145512,760.9871,311.39905,0.9098119,0.0,0.0,0.21267453,0.0,0.0,0.38350403,0.0,0.0,0.039375223,0.0,0.0,0.061939146
348.39667,210.10037,0.82309383,0.0,0.0,0.4826718,345.63135,207.25702,0.8547129,0.0,0.0,0.14681737,336.643,207.94684,0.8472161,345.93826,222.66699,0.93678176,327.0558,224.30716,0.98715657,351.70016,239.53308,0.5845627,316.93286,245.32263,0.9498129,356.0888,253.89124,0.55430657,315.1823,264.20538,0.8935909,344.23386,263.28143,0.97283554,333.00977,264.94995,0.9884194,345.21692,294.00375,0.95425427,338.84277,296.00122,0.9799299,341.79068,323.44586,0.9304428,338.4004,327.07922,0.9618154
101.48829,208.05217,0.89137787,103.17008,205.97884,0.7599818,99.47166,206.03067,0.86480194,0.0,0.0,0.48390454,95.4852,206.76006,0.77503866,107.898186,218.50987,0.9789546,88.9458,217.94095,0.9919686,110.79212,232.98695,0.8354725,80.776024,231.81036,0.95540076,109.44177,244.61128,0.7713706,79.719086,244.8217,0.90673536,101.62108,247.05064,0.98214173,89.70458,246.68967,0.9894916,100.28227,268.69913,0.9560362,86.84801,268.17944,0.9722124,97.36253,289.4352,0.9162314,85.29917,289.10126,0.9394694
807.55664,103.84456,0.7252167,0.0,0.0,0.22196919,800.1603,96.16811,0.68099207,0.0,0.0,0.07442119,777.34033,106.90729,0.72107965,797.84485,159.57463,0.8680506,746.5935,168.79756,0.96812797,809.4855,215.83035,0.7493638,744.96014,245.66684,0.9527646,818.0135,171.86526,0.72340286,798.82294,209.76953,0.91652894,784.3416,307.39725,0.9287262,750.0011,311.08038,0.96041363,765.4615,412.81174,0.7647166,743.7499,417.14764,0.8522184,0.0,0.0,0.32595477,0.0,0.0,0.39138675
595.2644,215.26263,0.60698694,0.0,0.0,0.37587908,593.3571,212.93672,0.644649,0.0,0.0,0.25445604,588.9062,214.049,0.7554299,590.97845,227.1156,0.95037633,583.3499,226.985,0.9735475,591.3198,242.66367,0.65912074,578.82153,243.13988,0.88900703,593.24585,254.74811,0.55737233,581.877,256.35645,0.79035425,588.1995,257.84406,0.96661645,584.0646,258.25116,0.9755745,587.1786,281.84177,0.92557454,583.98346,281.8658,0.9484598,583.7012,302.1788,0.8662482,580.3405,302.92023,0.89844024
0.0,0.0,0.07811107,0.0,0.0,0.027330844,0.0,0.0,0.08367329,0.0,0.0,0.026422538,0.0,0.0,0.21143416,0.0,0.0,0.20709217,0.0,0.0,0.43940073,0.0,0.0,0.13662776,0.0,0.0,0.49013788,0.0,0.0,0.13695523,0.0,0.0,0.36832157,0.0,0.0,0.2600431,0.0,0.0,0.40217817,0.0,0.0,0.05449638,0.0,0.0,0.10176987,0.0,0.0,0.016990947,0.0,0.0,0.029296527
130.45845,206.81808,0.8452771,132.25171,204.9324,0.73949164,129.20595,204.82695,0.752784,134.81955,206.14168,0.5631161,126.71177,205.8705,0.5924569,137.997,217.20656,0.9801128,121.89395,217.24638,0.98536795,140.2264,229.32219,0.8966401,118.290985,229.37254,0.91654396,134.4071,234.89314,0.8534978,121.360664,233.88728,0.867862,133.43085,245.12903,0.9881798,122.96127,245.0754,0.98979235,133.97108,267.395,0.97999316,121.51055,267.17673,0.98112166,132.59445,288.46295,0.9655366,119.61518,288.2054,0.96717685
