0.0,0.0,0.07452487,0.0,0.0,0.030722965,0.0,0.0,0.05424551,203.50288,197.82263,0.5638726,225.74297,198.43327,0.8142356,190.4974,222.56154,0.9833508,236.86285,223.49416,0.9910266,176.30598,255.68152,0.86335015,250.77237,256.89658,0.93970567,174.84761,277.51505,0.5879471,249.00784,275.63065,0.7293258,199.75075,287.3231,0.99434644,229.37949,287.99728,0.9960234,207.09511,332.97827,0.98090315,232.88689,333.62436,0.9855193,209.5963,376.33893,0.9440318,229.44643,377.59335,0.95409125
0.0,0.0,0.18442522,0.0,0.0,0.12133836,0.0,0.0,0.07805805,496.7888,189.56276,0.6626465,516.5602,189.00238,0.5346613,488.8071,213.40645,0.9856339,526.1436,210.21585,0.98535526,478.11316,249.0591,0.93363833,538.4206,237.92783,0.90861076,474.483,273.53384,0.80279046,531.6625,251.41776,0.7502958,496.64355,273.5849,0.99445844,519.5177,272.34482,0.9945643,503.51562,321.156,0.9836109,514.80115,320.50705,0.98213404,507.76257,366.54648,0.9491726,508.699,366.00668,0.9465094
0.0,0.0,0.11074162,0.0,0.0,0.03233304,0.0,0.0,0.085828684,0.0,0.0,0.311943,446.1982,180.6702,0.7718114,415.3947,204.17285,0.96379226,453.90994,205.85274,0.9830451,407.7513,238.03845,0.7648942,462.02655,244.77094,0.92128664,413.50598,266.0001,0.5265847,464.81873,275.8174,0.7381189,420.05576,269.51294,0.99088216,446.56805,270.02542,0.9942979,420.13007,319.45425,0.97977054,451.26468,319.57516,0.9869294,416.50772,364.1331,0.95093745,450.49976,365.39557,0.964656
0.0,0.0,0.10111302,0.0,0.0,0.05930979,0.0,0.0,0.053818524,0.0,0.0,0.4836759,0.0,0.0,0.4873274,661.80853,212.39246,0.966645,690.64417,209.9986,0.9684284,655.67505,237.09743,0.8484241,699.19946,233.15681,0.84474885,655.8146,259.15942,0.6319733,698.7398,253.72682,0.62700677,670.9771,256.40527,0.98916304,689.9215,255.34691,0.9899872,673.46936,291.59137,0.9724451,689.6385,290.6139,0.9726125,675.3158,324.46756,0.9424677,688.9661,323.29172,0.942926
0.0,0.0,0.30552185,0.0,0.0,0.15904829,0.0,0.0,0.15367869,276.4011,180.82555,0.5633134,0.0,0.0,0.46573964,268.8482,205.99431,0.9507349,313.12424,203.73454,0.9465038,261.9528,236.76154,0.85665315,327.58194,233.27454,0.86229676,277.00644,249.47919,0.74474114,325.95132,251.10513,0.75778943,281.57825,275.41238,0.98102885,309.07343,274.16068,0.9817903,287.42642,322.40005,0.9693635,302.74353,321.30276,0.972962,293.96014,368.21118,0.9255284,301.69766,370.89224,0.9325851
567.9336,203.02483,0.9016954,570.4665,200.9146,0.85807216,566.2521,200.67926,0.8027336,574.4768,203.26442,0.7050701,563.2267,202.73528,0.5236094,580.55225,217.20653,0.98620033,558.3985,217.66144,0.9826073,586.69696,231.50977,0.94053394,555.0501,233.63577,0.89228284,581.0333,227.75774,0.90497804,562.90625,230.50322,0.84766525,578.3208,254.22444,0.9907184,563.67456,254.48877,0.9891396,581.1059,284.74216,0.98376715,564.3316,284.72458,0.9787719,582.54425,313.16992,0.9675784,564.7512,312.46332,0.9604553
0.0,0.0,0.42313895,0.0,0.0,0.25694874,0.0,0.0,0.23255499,0.0,0.0,0.4614582,0.0,0.0,0.45279926,112.090385,217.19386,0.9505745,130.45158,216.58519,0.93349683,106.24578,247.29134,0.88140905,139.60057,245.31001,0.8114233,99.71408,270.61356,0.7852387,135.58487,265.02228,0.72171354,114.28673,275.243,0.9818423,125.98988,275.2325,0.9776074,113.22738,319.20663,0.9735617,123.22546,319.14597,0.968596,118.63201,361.6608,0.94272846,125.11498,359.87778,0.9371556
0.0,0.0,0.28341803,0.0,0.0,0.08770563,0.0,0.0,0.31442663,0.0,0.0,0.25218198,644.35016,205.30014,0.8322592,626.45526,221.81497,0.94789636,646.4404,223.49689,0.98578227,618.8468,245.20686,0.58422637,650.9415,248.77571,0.9261384,0.0,0.0,0.39286143,655.88184,270.36823,0.7611976,627.4685,268.3811,0.9804252,640.47015,269.01398,0.99022734,626.16797,304.4937,0.96067375,637.252,304.74014,0.97933096,625.60626,339.88034,0.9344423,633.1458,341.3124,0.95843464
0.0,0.0,0.26301226,0.0,0.0,0.20675753,0.0,0.0,0.18075252,0.0,0.0,0.3227648,0.0,0.0,0.27435017,184.67242,206.0627,0.7668335,179.19215,206.09386,0.78110236,0.0,0.0,0.43254188,0.0,0.0,0.43212652,0.0,0.0,0.3140972,0.0,0.0,0.30565685,184.38753,269.6738,0.8729304,180.69673,269.92465,0.8787709,186.55984,318.94135,0.8680494,179.97,319.29456,0.8657077,192.1547,365.5344,0.8418865,181.9554,365.701,0.8405066
404.21304,210.51118,0.62918353,405.28772,208.16989,0.50012153,402.4751,208.20834,0.5889827,0.0,0.0,0.3356611,399.36218,209.31345,0.51303726,407.11395,222.26369,0.93033963,394.76703,222.31487,0.94388,409.73947,238.07336,0.68347025,388.02945,238.18207,0.7857871,410.68686,250.79175,0.60530293,387.64188,251.8146,0.697641,404.37717,254.31519,0.96141696,397.8108,254.53717,0.96595675,404.30597,279.69223,0.93999547,399.2007,279.69113,0.94736755,402.8599,303.0903,0.89617693,398.76114,303.32117,0.90602887
