0.0,0.0,0.20319068,0.0,0.0,0.082868926,0.0,0.0,0.16326353,128.14629,189.48474,0.56187826,144.98254,189.75687,0.82264715,118.142555,211.00188,0.98553354,152.33752,211.8781,0.99399674,108.08707,236.77785,0.86975193,158.29095,239.73918,0.957019,112.31371,253.11383,0.676638,159.54219,261.64447,0.8261124,124.6726,262.3428,0.9960955,147.34637,262.6341,0.99747026,122.94332,299.05392,0.99187416,142.0163,298.93884,0.99382377,125.080894,334.0155,0.9827329,141.05777,334.38455,0.9855995
0.0,0.0,0.33086464,0.0,0.0,0.09464875,0.0,0.0,0.33614373,0.0,0.0,0.32052302,97.135345,192.06064,0.8839532,70.48502,210.36008,0.9717001,99.995865,212.47012,0.98839915,61.133327,233.5823,0.68373746,105.327126,238.16682,0.9123163,0.0,0.0,0.46721843,108.32142,256.84454,0.7298886,72.62273,261.43213,0.98941296,92.19951,262.18137,0.99352115,70.88885,296.4774,0.9823857,88.721985,296.7299,0.9888415,74.504776,330.6169,0.9695691,89.887535,332.59207,0.9779644
0.0,0.0,0.34089977,0.0,0.0,0.3734544,0.0,0.0,0.08645389,604.1874,195.10867,0.8862066,0.0,0.0,0.2906227,602.3071,214.71124,0.9868068,626.79846,213.04866,0.96101415,596.3746,243.97774,0.93800557,632.4314,239.78535,0.62657344,585.1424,268.56778,0.8127637,0.0,0.0,0.44525006,606.4992,264.31012,0.9907917,624.644,263.09943,0.9841855,591.67944,303.38412,0.9860065,622.2262,302.84808,0.9708509,594.32764,341.02338,0.971677,633.6853,339.6334,0.95201683
802.5105,144.48743,0.5256386,805.445,139.42049,0.64232147,0.0,0.0,0.1392976,818.68463,143.86964,0.8805459,0.0,0.0,0.13794951,813.5697,178.33617,0.97712666,850.0134,174.90637,0.78539056,789.17694,223.35701,0.9310628,0.0,0.0,0.31716478,767.0911,255.0779,0.7941354,0.0,0.0,0.25906038,815.2838,263.3573,0.96664333,837.5918,261.46436,0.89899534,818.96405,324.4302,0.924624,839.1156,324.91934,0.804464,836.9934,386.60553,0.7862155,846.0206,386.88187,0.65053856
287.03046,189.71146,0.94971937,290.16724,186.53468,0.9146867,283.9638,186.68484,0.9025298,294.7107,189.43314,0.7431496,278.87326,189.65166,0.68354535,300.36438,210.58705,0.9931566,271.51785,211.60944,0.99419504,307.30853,234.86852,0.95694876,263.08197,237.23387,0.95176035,310.93918,259.73526,0.9247195,265.0961,262.25427,0.9115952,296.4783,260.55157,0.9942154,278.06912,261.24103,0.9946234,297.00427,296.9499,0.98350626,278.30576,297.46768,0.98236716,297.51367,331.91803,0.9571177,280.35025,332.4186,0.9547611
0.0,0.0,0.29502675,0.0,0.0,0.15815477,0.0,0.0,0.09361754,724.8933,161.49132,0.6692711,0.0,0.0,0.45333517,713.41364,186.91078,0.9851548,764.9914,185.87001,0.98404294,696.1587,222.02464,0.9555231,775.7045,221.74062,0.9439762,705.7057,241.90843,0.884481,765.4676,250.34047,0.8665391,717.3222,260.42618,0.99743456,753.0864,260.54364,0.9971807,710.29785,318.03384,0.99398404,757.7588,317.4104,0.99392164,716.9703,369.5755,0.97424996,771.6668,367.3316,0.97559977
0.0,0.0,0.118267715,0.0,0.0,0.09260677,0.0,0.0,0.048452828,192.20331,189.10808,0.7241078,0.0,0.0,0.4420639,187.41557,208.93999,0.976488,220.3348,207.49216,0.97497255,180.43991,236.64224,0.90115994,230.05501,229.61816,0.8605659,178.33545,255.27518,0.73550236,228.49847,244.23196,0.65820456,192.45195,257.82422,0.9936016,213.97824,257.05002,0.9931104,190.42026,296.56628,0.9890877,211.67886,295.99313,0.9862866,189.5453,335.58014,0.97550845,209.02853,334.07117,0.9709004
352.62085,202.43996,0.8444519,353.9567,199.89934,0.6487265,350.59027,199.66345,0.79420835,0.0,0.0,0.45813063,346.49173,201.9421,0.75742596,352.66202,220.14665,0.9723829,342.5292,219.87276,0.9870091,352.84116,240.19418,0.8151324,338.78638,241.04552,0.9305493,353.9881,246.32288,0.7492186,340.71255,251.42258,0.86624897,350.33044,262.17966,0.98683876,344.33636,262.2959,0.9909225,349.16104,296.40314,0.98036456,347.5002,296.41074,0.9853023,344.78162,330.4879,0.9671778,344.0039,330.53915,0.9735396
0.0,0.0,0.14832713,0.0,0.0,0.08497227,0.0,0.0,0.05437543,408.1495,165.0727,0.56587416,0.0,0.0,0.33280325,403.02756,192.123,0.9619915,449.02863,186.4321,0.9322219,391.85376,230.27571,0.90122235,465.60358,220.26315,0.8252025,397.20258,250.2322,0.768082,468.56985,239.33926,0.6877387,413.9366,264.18298,0.99267006,443.5334,260.8684,0.9907512,417.5465,319.0351,0.98926127,440.16827,312.85513,0.98793066,415.3913,371.8173,0.9714129,435.44897,365.98322,0.9702205
665.34406,207.82077,0.8987423,668.1925,204.8726,0.845406,662.6364,205.26122,0.83515906,673.0848,206.31723,0.6355479,659.01245,207.34637,0.5975618,679.66785,221.96342,0.96575356,654.54803,224.25452,0.96989274,686.1789,240.55316,0.8098684,651.10156,244.5088,0.822999,685.2302,257.2776,0.7347246,655.4756,259.89957,0.74137807,678.488,259.7538,0.94094485,662.3534,261.03708,0.9456636,681.0914,288.1764,0.8674627,665.06433,289.0846,0.8713721,682.4573,313.43533,0.77715445,668.8579,314.0003,0.78135973
249.10466,205.81454,0.76788086,250.37047,203.30933,0.509182,246.92137,203.30635,0.7671774,0.0,0.0,0.26598638,241.46411,204.38956,0.7479455,248.70564,218.15352,0.91439706,236.08571,218.38022,0.96935153,250.15771,231.37506,0.54877007,234.77972,233.4663,0.8771986,252.71292,237.18881,0.5074308,240.92703,240.5037,0.790151,243.43712,252.36954,0.9462077,235.4943,252.58087,0.9701764,240.99718,280.71716,0.9323183,234.06802,280.84818,0.96148914,240.92143,309.62564,0.9178473,233.03488,310.43646,0.94552684
