0.0,0.0,0.083742395,0.0,0.0,0.056660134,0.0,0.0,0.047566067,223.22018,194.01997,0.6195363,239.96974,193.97212,0.5706039,214.51715,213.62798,0.9759059,248.53848,215.20155,0.9802829,200.92134,235.07951,0.86606055,256.79504,243.3886,0.8812514,203.03232,248.67656,0.6257505,261.01367,264.80817,0.64715546,222.63225,263.35062,0.99159414,242.98277,264.16827,0.99235535,227.20761,297.34686,0.98022056,236.99104,298.25195,0.97968936,234.22652,330.6305,0.95760596,233.23698,331.03314,0.9563037
0.0,0.0,0.290445,0.0,0.0,0.36362293,0.0,0.0,0.031065958,482.04477,46.777042,0.9436237,0.0,0.0,0.16616735,464.88916,111.16853,0.9852453,546.4928,103.49641,0.8831063,431.46243,195.00139,0.95523506,0.0,0.0,0.4740537,460.80423,203.85236,0.8704857,0.0,0.0,0.38405168,474.0847,268.02637,0.97960484,524.1685,264.8477,0.94135314,476.89163,418.68884,0.8933864,499.30972,418.67953,0.74432427,0.0,0.0,0.37125286,0.0,0.0,0.238596
0.0,0.0,0.31901968,0.0,0.0,0.26785544,0.0,0.0,0.09978469,776.7528,190.11891,0.7315999,0.0,0.0,0.26831785,770.9611,212.4541,0.97942847,803.79865,211.56944,0.9146777,761.36505,244.05562,0.9531044,816.1484,244.73032,0.72850764,760.07056,267.79993,0.87503,818.0035,262.642,0.6178485,774.5528,266.5962,0.9889494,795.7793,266.249,0.9768534,775.7859,310.13235,0.976939,793.02124,310.24057,0.9554727,786.093,346.00238,0.93123376,802.4632,345.5288,0.899022
663.12714,206.21484,0.91584986,666.26086,203.55464,0.89066017,660.8955,203.43498,0.805525,671.7387,206.54358,0.7756322,0.0,0.0,0.48475793,674.6986,223.67363,0.98683506,654.33984,221.98663,0.98346967,673.87573,241.4791,0.9356366,645.1423,235.76657,0.8632315,661.56635,235.52423,0.9017929,650.5756,227.27502,0.81817496,669.11017,261.67703,0.98597175,655.2297,260.65335,0.9835819,668.41705,293.0829,0.9741319,651.27856,291.98746,0.96423453,669.00323,322.64023,0.94741786,649.9821,320.8343,0.93323016
0.0,0.0,0.24602638,0.0,0.0,0.23940124,0.0,0.0,0.090429455,736.0694,205.88422,0.7570203,0.0,0.0,0.3361735,733.77075,221.5336,0.9694821,752.30273,220.9054,0.93762934,730.5439,240.71902,0.84886545,757.4146,240.5325,0.5878619,727.9898,253.0653,0.63824946,0.0,0.0,0.3848786,735.12305,260.41708,0.9694373,747.71545,260.00476,0.9553459,728.96173,288.78134,0.9326968,745.1876,289.16663,0.89302385,727.597,314.9991,0.8739284,745.0116,314.5112,0.82636946
0.0,0.0,0.16340564,0.0,0.0,0.09495123,0.0,0.0,0.120786406,78.04332,220.91885,0.5415534,88.10317,221.24243,0.60192776,72.80418,231.2777,0.98167187,91.73367,231.89854,0.9837546,67.8644,245.1628,0.8312157,96.151215,245.60881,0.8734319,68.496666,257.26907,0.618704,96.33904,257.84836,0.67167395,74.267,256.54892,0.98990065,86.94509,256.83557,0.99061614,74.78422,276.44333,0.9746835,86.654076,276.39108,0.9769859,74.29849,294.34277,0.9553769,85.41182,294.58832,0.9586493
559.14795,187.32811,0.846591,565.2308,183.75378,0.83086157,555.8429,183.63167,0.63984036,573.4554,187.96251,0.76666033,0.0,0.0,0.34123358,579.7251,212.87718,0.9789221,547.96466,214.08302,0.8819004,594.0731,239.92711,0.9310614,544.45795,238.61343,0.56388605,614.70306,251.72084,0.8485314,0.0,0.0,0.49639177,570.92285,286.76733,0.9851576,550.96045,287.2581,0.9629083,562.93134,349.12964,0.9753964,549.51,350.97757,0.943593,561.221,406.7828,0.93283993,557.94946,406.53195,0.88794535
0.0,0.0,0.1285513,0.0,0.0,0.085105374,0.0,0.0,0.08069508,0.0,0.0,0.46594343,0.0,0.0,0.47003198,106.79398,230.91884,0.95339394,126.03741,230.04668,0.95966935,103.16364,243.67418,0.81750983,130.56232,243.54272,0.8409072,100.86771,256.93515,0.63299906,130.14532,258.05807,0.66353565,110.16266,254.91983,0.9822464,122.76431,254.53917,0.98390734,109.91259,273.448,0.9657222,120.21797,273.21518,0.9664302,112.00711,290.49295,0.94397855,120.535645,290.0627,0.9443598
0.0,0.0,0.108798005,0.0,0.0,0.07797234,0.0,0.0,0.061515126,341.76367,208.68582,0.5696469,0.0,0.0,0.41644529,337.7582,221.32108,0.97305465,357.51328,221.45938,0.9692975,333.2441,239.30661,0.80104536,363.78732,239.83498,0.75051326,333.62827,253.67113,0.5498555,0.0,0.0,0.48592755,342.55325,255.42729,0.9880828,355.86298,255.60706,0.987503,344.0138,282.8503,0.96686316,355.85016,282.8566,0.964411,347.5195,309.21976,0.93894315,356.7458,309.08817,0.9358391
0.0,0.0,0.15020315,0.0,0.0,0.10798759,0.0,0.0,0.101134084,144.09346,218.2473,0.50465906,0.0,0.0,0.4508292,141.4412,228.67543,0.9661687,157.31606,228.21521,0.96494496,137.33263,242.78285,0.79617494,161.82661,242.11485,0.7884332,136.13084,254.99516,0.58252776,161.21165,254.77504,0.56984,144.52309,254.63133,0.9817562,154.85779,254.35808,0.9819468,146.02249,274.8036,0.95449567,153.18442,274.59967,0.95426995,147.5773,292.67303,0.92055064,152.45352,292.2223,0.92053235
0.0,0.0,0.07299272,0.0,0.0,0.06532505,0.0,0.0,0.05379376,0.0,0.0,0.110380135,0.0,0.0,0.08291928,0.0,0.0,0.20102231,0.0,0.0,0.22851434,0.0,0.0,0.17674454,0.0,0.0,0.20246708,0.0,0.0,0.18505642,0.0,0.0,0.20177452,0.0,0.0,0.3138388,0.0,0.0,0.34216124,0.0,0.0,0.38718343,0.0,0.0,0.4056944,0.0,0.0,0.46027926,0.0,0.0,0.47880772
0.0,0.0,0.13244322,0.0,0.0,0.08922234,0.0,0.0,0.11651891,0.0,0.0,0.118700445,0.0,0.0,0.20071624,0.0,0.0,0.3862007,847.4194,227.2271,0.5739424,0.0,0.0,0.19644693,0.0,0.0,0.42236656,0.0,0.0,0.19634223,0.0,0.0,0.35043442,848.22876,261.36206,0.58600456,848.3975,261.83923,0.6915389,846.43524,294.92056,0.5647974,846.2311,295.182,0.6598516,847.44305,327.18253,0.59353685,846.1881,327.68954,0.6663628
0.0,0.0,0.11780074,0.0,0.0,0.07450618,0.0,0.0,0.07724738,0.0,0.0,0.38600102,0.0,0.0,0.3924125,368.29355,232.47969,0.9020059,384.90485,232.55876,0.9108857,366.6427,246.50087,0.5322727,389.59857,246.92648,0.565468,0.0,0.0,0.323293,0.0,0.0,0.33300152,370.09543,259.36346,0.9395934,381.63123,259.5278,0.9432535,371.22717,279.81024,0.8961338,380.5907,279.6395,0.9012179,371.57938,300.48138,0.87318355,379.1516,300.60275,0.87905073
0.0,0.0,0.089025676,0.0,0.0,0.048834253,0.0,0.0,0.08158669,0.0,0.0,0.3724928,276.93842,221.739,0.6098353,263.8363,232.88055,0.9463586,281.58,232.86874,0.96034634,261.00772,247.65085,0.65810424,289.90475,247.55093,0.80306274,0.0,0.0,0.39134803,294.15524,261.57904,0.53250575,270.4724,260.74008,0.9627422,282.71262,260.9426,0.96908563,273.2026,282.5173,0.8894342,286.3374,282.26257,0.9107916,274.45978,300.84525,0.81035864,287.81857,300.88632,0.838058
0.0,0.0,0.28126994,0.0,0.0,0.2057561,0.0,0.0,0.19137213,0.0,0.0,0.32385695,0.0,0.0,0.26108006,190.25537,234.97748,0.90316606,191.7818,235.0414,0.8973103,191.02246,245.09232,0.67302084,192.75249,244.8921,0.6553483,189.59521,247.59189,0.5694978,193.69153,247.07832,0.55022603,188.84448,258.44293,0.9677494,190.28496,258.33792,0.9669238,187.89128,277.7699,0.963581,189.29753,277.47177,0.96266013,187.1201,296.4363,0.9544506,187.58095,296.21112,0.95379674
