0.0,0.0,0.31889653,0.0,0.0,0.08921227,0.0,0.0,0.32395324,0.0,0.0,0.3138739,97.06412,193.20753,0.8827042,70.11561,211.6052,0.97005963,99.84867,213.92801,0.987468,61.747963,235.00224,0.66588485,105.16048,239.94475,0.9046807,0.0,0.0,0.44495565,107.32524,257.2705,0.71052426,72.020195,262.5872,0.98813385,91.974754,263.4338,0.9926726,69.89268,297.38074,0.9797301,89.1315,297.7263,0.987099,73.12375,330.78693,0.9649559,90.8034,332.8715,0.97451955
0.0,0.0,0.48810148,812.93353,138.32938,0.65979826,0.0,0.0,0.104969084,823.6363,139.95183,0.8850141,0.0,0.0,0.08987478,821.2668,171.87483,0.961669,852.88617,168.0836,0.5431662,795.9441,220.70285,0.92481667,0.0,0.0,0.14923714,774.2171,256.43466,0.8233844,0.0,0.0,0.18219756,833.376,260.3276,0.86707383,853.1124,258.36246,0.594337,840.6426,326.0851,0.77840257,0.0,0.0,0.45283476,0.0,0.0,0.495376,0.0,0.0,0.28795004
0.0,0.0,0.33561873,0.0,0.0,0.21310784,0.0,0.0,0.09384509,727.53467,160.70717,0.7371363,0.0,0.0,0.38997686,716.2534,185.53343,0.98686326,770.9223,184.36603,0.9804601,694.8237,219.79266,0.96207356,778.24005,220.8194,0.92835146,706.9683,238.50229,0.89948404,767.015,249.28618,0.84583515,721.57385,261.04993,0.9974542,757.6567,260.70764,0.99673414,716.55334,320.1713,0.99406517,755.3465,319.40646,0.9930184,720.6642,373.60327,0.9738886,758.27124,371.24472,0.9728607
0.0,0.0,0.26266697,0.0,0.0,0.32677996,0.0,0.0,0.056747556,610.64075,195.48802,0.9248221,0.0,0.0,0.27835196,608.2685,216.18332,0.9899278,633.9372,215.28659,0.96117127,604.6002,245.24115,0.9570963,637.63385,243.2504,0.5960607,599.0307,270.40594,0.8434211,0.0,0.0,0.39612195,610.3079,266.56125,0.9939913,630.0642,265.88263,0.98716915,595.27856,304.0585,0.9908432,631.99036,304.085,0.9750965,594.79,342.6605,0.9827156,644.46313,341.34637,0.9638209
0.0,0.0,0.17849079,0.0,0.0,0.079516426,0.0,0.0,0.12975685,128.62242,190.27327,0.5975085,145.84068,190.5274,0.78258705,119.33865,212.43372,0.9844791,154.0865,213.31967,0.9922201,110.02796,238.93571,0.87271345,160.43231,241.97285,0.943438,112.16475,253.3782,0.6732165,159.96275,262.2762,0.7866288,125.60288,264.68527,0.9951013,148.82591,264.90356,0.99648786,122.82041,302.04733,0.98872954,144.41777,301.91327,0.9905041,125.117065,336.09384,0.974759,144.42908,336.2958,0.97734696
286.41867,190.23427,0.9536531,289.42105,186.90146,0.9017022,283.0263,187.13203,0.92508256,293.44067,189.83606,0.6647251,276.9833,190.22766,0.7735582,298.1759,210.91272,0.99201137,269.27487,212.34503,0.99552333,305.30157,234.70996,0.94781816,259.79816,237.62341,0.9710042,309.36526,259.4707,0.9191904,263.45398,262.77542,0.9434587,295.5378,260.35574,0.9941911,277.2679,261.44418,0.99570423,294.5924,296.67755,0.98411566,278.688,297.6248,0.9866497,293.6682,330.9177,0.9570418,280.9876,332.1969,0.9619081
0.0,0.0,0.13906507,0.0,0.0,0.1344278,0.0,0.0,0.045225535,195.58206,187.62679,0.80117166,0.0,0.0,0.33930057,191.61076,207.84898,0.97832984,224.34673,206.81088,0.9657525,182.47858,235.49826,0.91539586,230.99521,230.32254,0.7800636,178.63083,254.50769,0.76054007,224.57782,247.91455,0.5615423,194.57114,257.51895,0.9928617,216.13066,256.5988,0.9903716,191.28754,295.80228,0.98922414,212.16492,295.20825,0.9826566,189.72853,335.12418,0.9768422,208.60324,333.40244,0.9670746
350.5439,201.9777,0.90418303,352.6345,199.39154,0.76645094,348.07553,199.06784,0.87323475,0.0,0.0,0.4480717,343.36877,201.23294,0.76012456,356.85834,219.57994,0.972265,337.9676,219.09305,0.98811346,360.93176,238.46492,0.8257125,330.6604,240.72905,0.94209224,361.98962,245.2554,0.7826392,333.35196,254.40913,0.8956753,351.90317,261.73636,0.9861828,340.05307,261.5559,0.9909909,351.7011,295.89944,0.97843456,341.36996,295.60168,0.9847743,347.97562,329.86386,0.9638102,336.9998,329.6115,0.9721745
0.0,0.0,0.16811629,0.0,0.0,0.08818475,0.0,0.0,0.05276738,407.96472,167.00323,0.53063476,0.0,0.0,0.3101387,401.8332,193.77489,0.9677623,444.52167,188.34103,0.95601475,392.00284,233.43912,0.9359219,461.91998,218.31384,0.9027555,396.95474,256.60846,0.86387134,471.0119,234.34644,0.82418525,411.90594,265.68536,0.99582666,438.77365,264.4891,0.994968,415.19348,319.21106,0.99322706,437.22836,319.89648,0.9925499,415.15353,370.0808,0.97808176,432.63803,372.7444,0.9776384
245.05351,205.87071,0.83260757,246.90602,203.39577,0.6735485,242.8016,203.3897,0.79752105,0.0,0.0,0.40009698,238.45029,204.67436,0.68296015,250.39188,218.82722,0.9374442,234.31387,218.99681,0.96806395,254.66296,231.89793,0.6575347,233.59126,233.91408,0.8503581,257.5115,238.56316,0.6077009,239.7695,241.10178,0.77093637,243.92612,252.6617,0.95015985,233.81789,252.66168,0.9663538,241.43358,281.12674,0.9359661,232.18448,281.0739,0.9549008,240.23735,310.09744,0.91951203,229.87073,310.36673,0.93767977
664.04175,207.78053,0.901274,666.8547,204.91455,0.8712513,661.757,205.17038,0.8077729,672.3853,206.21065,0.71147984,0.0,0.0,0.491285,680.0193,221.86777,0.97165114,654.97784,223.56912,0.96537006,684.9542,241.62029,0.8707903,650.87463,244.66498,0.8013852,683.15204,258.69928,0.80664194,654.4572,261.97778,0.7327291,678.21655,260.23584,0.95688456,661.77325,260.93048,0.95232207,681.4756,289.58594,0.910248,660.9692,289.8223,0.89343315,683.82104,317.16254,0.8503949,662.68915,316.70795,0.8311867
