0.0,0.0,0.016517274,0.0,0.0,0.012064357,0.0,0.0,0.0025372922,547.46594,0.0,0.72918904,0.0,0.0,0.1183904,532.96344,65.25857,0.9290046,635.1297,56.641026,0.7909367,486.04544,175.08582,0.85436946,646.4613,164.06837,0.5652195,486.12775,192.25902,0.6272782,0.0,0.0,0.37017342,552.9204,265.73962,0.9648827,616.0903,260.7033,0.94794744,549.8059,435.40366,0.7432079,596.64606,432.90326,0.6840159,0.0,0.0,0.15187642,0.0,0.0,0.13338888
0.0,0.0,0.09018977,0.0,0.0,0.05261768,0.0,0.0,0.04772264,235.08452,190.48816,0.6652737,252.22107,190.27382,0.61969525,225.56873,211.35663,0.98568845,260.63873,211.57428,0.98849946,214.28854,238.02055,0.9274402,272.3382,238.58687,0.92621994,210.70338,261.3478,0.7643539,271.35522,263.7653,0.743835,232.80501,262.81848,0.99528354,255.77548,263.18805,0.99560875,233.06763,300.49786,0.98371893,258.65884,300.9148,0.98200434,235.34592,335.77835,0.95637226,261.03452,336.32315,0.9528752
0.0,0.0,0.07735862,0.0,0.0,0.10708931,0.0,0.0,0.017420018,826.6427,179.70839,0.75675535,0.0,0.0,0.12404486,824.5488,203.20093,0.9323577,854.0,203.06299,0.77913386,816.43823,236.195,0.84946835,0.0,0.0,0.30797702,807.23376,264.1682,0.6040888,0.0,0.0,0.18549624,831.22253,264.8305,0.9584692,850.89124,264.47537,0.91423243,827.38696,308.95804,0.9361803,839.3315,309.24277,0.8486286,842.5196,351.03055,0.8704111,846.56384,350.17575,0.76599157
0.0,0.0,0.16315694,0.0,0.0,0.12461403,0.0,0.0,0.08261312,365.4231,206.90196,0.68098986,375.2968,206.40204,0.5228469,360.50125,221.42764,0.9749678,381.7193,221.5327,0.96957815,357.18164,238.71315,0.8624691,385.04846,240.30203,0.7969668,356.3338,251.80121,0.6554912,385.67682,253.32483,0.56941354,364.07642,256.27228,0.9885874,379.6753,256.43912,0.9875393,359.2625,283.20993,0.9780051,382.88354,283.61053,0.97309935,358.10983,308.4996,0.96273327,388.17316,308.4425,0.95651305
0.0,0.0,0.20114605,0.0,0.0,0.12944056,0.0,0.0,0.14107178,116.57928,218.32884,0.56379277,125.45659,218.51268,0.5667141,110.87151,229.06792,0.9832202,129.07161,229.4156,0.98352414,103.65183,242.93185,0.8495056,134.22047,243.21715,0.8610426,103.18041,255.34607,0.6673691,133.91841,255.6101,0.6764119,111.80509,254.94307,0.99260217,122.7022,255.11235,0.9926644,111.63014,275.62103,0.9836479,119.92985,275.49332,0.98394775,110.43152,295.00708,0.970967,117.34576,295.33466,0.9716807
0.0,0.0,0.18760264,0.0,0.0,0.10702606,0.0,0.0,0.14384034,0.0,0.0,0.49226084,84.93111,218.2017,0.6444367,70.77092,229.91685,0.9671778,89.259125,229.96161,0.9796524,65.791435,243.61812,0.8179437,95.45083,243.34,0.8996703,65.21144,255.7487,0.6287909,96.2249,254.67194,0.7360638,72.64774,256.1725,0.98578775,84.61254,256.36877,0.98890007,73.005196,276.80734,0.9699137,82.683205,277.13153,0.97432435,73.94808,295.87173,0.9478868,81.90298,296.3343,0.95275956
0.0,0.0,0.098120585,0.0,0.0,0.063498124,0.0,0.0,0.06988259,0.0,0.0,0.42400843,0.0,0.0,0.43434918,145.94676,226.27238,0.9576054,162.35994,226.3203,0.96039,140.84074,240.74466,0.7554313,165.95923,240.63086,0.78440887,139.46468,251.24796,0.52410907,165.57349,251.74545,0.55105036,148.18259,253.9929,0.9847514,159.27853,253.99306,0.9855424,149.42543,275.8912,0.9698224,158.80336,275.8348,0.9712643,150.75114,296.2802,0.9517154,158.28821,296.15448,0.95361596
0.0,0.0,0.16954999,0.0,0.0,0.10332836,0.0,0.0,0.10895668,0.0,0.0,0.45834398,0.0,0.0,0.4976908,414.8362,225.89261,0.9515075,432.12677,226.90701,0.9575055,409.58218,238.8401,0.79283166,436.65683,240.5341,0.8180876,408.172,248.85097,0.61590505,435.84192,249.89912,0.64105403,417.817,251.77022,0.9822092,429.53375,252.38585,0.9832185,415.11426,273.89597,0.96966535,430.52667,274.61942,0.96908367,410.7745,294.04572,0.9536932,427.86743,294.73834,0.9529491
0.0,0.0,0.07943229,0.0,0.0,0.07217962,0.0,0.0,0.03299532,329.8931,205.03223,0.55059123,0.0,0.0,0.24560657,326.4217,218.19522,0.93457097,346.03674,218.11954,0.88096124,322.2692,235.23721,0.80948544,348.84927,236.72075,0.5725043,318.56403,249.47447,0.5940965,0.0,0.0,0.3827253,328.1893,253.86876,0.97665024,341.6485,253.83388,0.9668696,325.16208,280.20792,0.965403,341.1294,280.6895,0.9461048,326.64597,304.15155,0.94646883,343.33496,304.06467,0.9256942
663.5186,207.04582,0.89701194,666.60266,204.2033,0.86004454,660.5766,204.13351,0.80928177,671.2485,206.96274,0.6820736,654.9917,206.98569,0.50413764,676.3145,223.72105,0.96714437,650.0521,224.5242,0.95567036,680.7121,242.62968,0.86825246,648.55426,243.52579,0.77259994,669.39417,243.78636,0.80899453,655.3636,244.22641,0.7139402,672.7612,261.15506,0.9429923,655.05524,261.7571,0.93283224,675.93207,288.51187,0.886376,658.03796,289.0178,0.8575765,677.6803,315.57352,0.82108223,661.2036,315.6852,0.78970075
0.0,0.0,0.14354908,0.0,0.0,0.09170658,0.0,0.0,0.13330723,0.0,0.0,0.36703685,295.99475,223.21747,0.5244541,280.91873,234.0307,0.93463945,301.07306,233.71277,0.94667155,275.79678,249.06241,0.6473864,309.01523,247.24373,0.76525897,0.0,0.0,0.4609823,310.25745,259.08887,0.5644993,285.51624,261.75037,0.97305423,297.9871,261.4958,0.97617424,288.32996,285.07422,0.9476216,297.6205,284.32388,0.955715,288.53287,305.80624,0.9193667,295.8452,305.4161,0.92943573
0.0,0.0,0.42336047,0.0,0.0,0.23664698,0.0,0.0,0.38063917,0.0,0.0,0.14624383,0.0,0.0,0.3817455,479.43646,192.20369,0.68625957,458.29434,193.58849,0.81627655,0.0,0.0,0.3799883,453.4306,222.8752,0.6656024,0.0,0.0,0.34403002,471.2114,217.26978,0.5577087,480.10812,258.92017,0.8773363,465.93845,259.97974,0.9160003,480.4847,319.5646,0.8741162,465.58005,320.573,0.9118154,476.70154,381.76428,0.7964212,459.19293,382.84534,0.8416335
0.0,0.0,0.17757231,0.0,0.0,0.19013116,0.0,0.0,0.053206272,768.301,206.2658,0.6839181,0.0,0.0,0.17586969,770.00354,221.11038,0.9426989,788.14636,219.09198,0.8575319,769.69257,242.87503,0.82934934,0.0,0.0,0.4640476,769.8241,259.52686,0.6375934,0.0,0.0,0.32924646,777.0369,257.93192,0.95671225,788.9701,256.97107,0.9289825,777.3835,285.94717,0.9288466,787.70386,285.3777,0.8772033,781.05206,311.30746,0.8808428,789.33093,308.95328,0.8255227
0.0,0.0,0.23019278,0.0,0.0,0.13560414,0.0,0.0,0.15040901,0.0,0.0,0.42581612,712.5828,209.5991,0.5010341,695.0855,222.28941,0.92333424,717.2076,222.23004,0.91496414,692.0787,239.08069,0.6367029,725.1455,239.25165,0.61144,0.0,0.0,0.4226739,0.0,0.0,0.40045103,698.572,258.36044,0.9331602,712.9117,258.44836,0.93126214,702.45087,289.66608,0.857402,714.37085,289.7682,0.8524386,707.1634,317.72086,0.7744468,715.2629,317.93558,0.7692496
0.0,0.0,0.47292423,0.0,0.0,0.38780224,0.0,0.0,0.33925572,0.0,0.0,0.42626947,0.0,0.0,0.29682416,185.91978,234.7469,0.9288749,181.97816,234.81403,0.91448027,188.81676,244.96652,0.7286667,181.86716,244.71164,0.664422,187.69395,247.28177,0.6325337,183.94904,246.59248,0.57238305,183.4134,257.60843,0.9474541,181.79596,257.52228,0.94331026,182.60298,278.41797,0.91192126,181.56679,278.04398,0.90440416,182.38486,298.10223,0.8798744,180.53217,298.0359,0.87266797
