0.0,0.0,0.33739778,0.0,0.0,0.33112374,0.0,0.0,0.025360571,690.6703,3.3417647,0.9551215,0.0,0.0,0.19945087,672.4499,77.83886,0.99316365,791.89557,73.74941,0.97230136,594.7894,192.1295,0.97925764,831.272,198.15305,0.87645733,541.145,258.22302,0.905251,831.4502,296.48718,0.73291606,698.5922,303.08917,0.9881436,758.3577,302.91232,0.98107576,699.7216,450.32062,0.5983508,730.85895,468.2469,0.52770704,0.0,0.0,0.0519855,0.0,0.0,0.045283303
298.63898,183.8337,0.9568143,302.27594,180.29791,0.9277835,295.19852,180.22472,0.914985,307.7987,183.20544,0.75039065,290.07098,182.96976,0.6865406,315.54666,207.26897,0.9937448,281.76727,208.21921,0.99530905,324.8323,234.02174,0.96462286,273.51657,238.61069,0.9646369,331.64557,260.31598,0.94224715,274.27808,268.51343,0.93608636,310.33316,263.63287,0.99641234,289.90427,264.14355,0.99683654,309.58502,303.50165,0.9912082,294.8418,303.70895,0.99088633,304.34775,341.9845,0.9762626,295.37656,341.8664,0.9758095
0.0,0.0,0.11760114,0.0,0.0,0.047264293,0.0,0.0,0.08806941,0.0,0.0,0.32736903,201.0356,194.06612,0.62829316,177.80226,211.2453,0.9616473,206.25328,211.87314,0.97580874,169.24738,234.53482,0.78172636,213.1556,237.48848,0.8812688,170.83514,254.97409,0.5581884,215.91446,259.71997,0.6803067,181.08798,258.0559,0.99078006,199.2152,258.1635,0.99298614,182.49751,292.44693,0.9813291,195.39836,292.44455,0.9849631,183.41406,325.94363,0.96652347,191.18684,326.82584,0.9713587
0.0,0.0,0.17319283,0.0,0.0,0.122799635,0.0,0.0,0.09205573,122.355415,201.15932,0.70849836,134.89871,201.13281,0.57842577,116.33067,219.61147,0.9819,145.13225,219.50388,0.9837426,106.01895,242.31105,0.8739152,152.64317,242.5143,0.862012,101.72547,259.72952,0.65293986,153.28317,261.05698,0.6241182,122.702385,262.61508,0.9911327,140.99226,262.5325,0.9913282,120.077324,295.39124,0.9768063,137.54697,295.4359,0.97381,122.51051,326.95502,0.95355064,135.21295,326.4424,0.94881564
0.0,0.0,0.07316238,0.0,0.0,0.046236817,0.0,0.0,0.04112421,450.10196,184.79,0.6126208,467.2198,184.59758,0.60654485,443.10226,204.93718,0.9776768,478.28564,204.55106,0.9848028,434.45798,232.83617,0.89280176,493.4586,233.40564,0.9291161,434.17313,253.20108,0.6795006,493.96658,254.9702,0.74551994,449.26544,264.56403,0.993729,470.9506,264.44644,0.99493897,454.4652,308.81494,0.98126626,468.04523,308.98248,0.9831912,458.1309,351.13538,0.94355524,462.6062,350.85095,0.94740885
0.0,0.0,0.40763825,0.0,0.0,0.13685142,0.0,0.0,0.42273393,0.0,0.0,0.3605614,85.41989,198.87721,0.892142,64.16445,216.95471,0.97176504,88.51373,217.26076,0.98909074,57.542408,241.4292,0.6886156,93.10028,240.74762,0.9179523,0.0,0.0,0.4794653,93.27253,257.96857,0.7473548,67.00016,262.1702,0.9880113,83.86618,262.30396,0.99263906,67.57187,295.48276,0.980202,84.35736,295.26706,0.9871559,66.941216,327.31735,0.96918184,84.16319,328.35483,0.9771648
369.39566,199.39728,0.8240141,370.93945,196.33467,0.64342815,366.61356,196.1486,0.77072865,0.0,0.0,0.44082293,361.66486,199.4943,0.7053597,371.69492,222.83127,0.96798116,356.8723,221.96346,0.9803751,376.24246,248.33739,0.7896134,350.54453,248.47577,0.89058065,378.32663,264.99286,0.7007325,349.7608,269.088,0.80292356,366.68246,272.0582,0.9845695,357.71487,271.81366,0.9881396,365.26187,308.61182,0.97886664,356.52527,308.4536,0.9825912,364.60547,342.87433,0.9680029,353.50537,342.93076,0.9719248
0.0,0.0,0.06373692,0.0,0.0,0.024800315,0.0,0.0,0.06631489,0.0,0.0,0.11479351,0.0,0.0,0.41179386,515.3716,215.48314,0.72485596,528.05084,215.59456,0.8766151,0.0,0.0,0.39801186,535.3314,227.95905,0.79498494,0.0,0.0,0.30492517,539.2804,233.32796,0.61812115,513.959,250.21533,0.9525744,521.6513,250.3749,0.97105813,513.06616,282.38727,0.9524384,517.76666,282.50143,0.9702545,509.65884,313.26544,0.93870884,510.26648,313.62057,0.9557846
0.0,0.0,0.39112142,0.0,0.0,0.33164674,0.0,0.0,0.24573228,0.0,0.0,0.40073562,0.0,0.0,0.21949199,264.97263,225.58696,0.88478065,262.27313,225.17523,0.86790335,265.70187,243.31914,0.65912807,260.06442,242.43394,0.5783408,264.71933,257.1911,0.5532571,0.0,0.0,0.4842862,263.96378,258.8183,0.93371964,262.6968,258.52682,0.9294611,260.72195,284.56302,0.9218342,259.77383,284.08664,0.91300106,258.61685,309.55844,0.8835016,257.22778,308.84082,0.87466615
0.0,0.0,0.011203426,0.0,0.0,0.0115014305,0.0,0.0,0.003543448,0.0,0.0,0.22773775,0.0,0.0,0.038723413,543.9528,216.02985,0.6515361,0.0,0.0,0.44307902,539.3049,240.71167,0.67119044,0.0,0.0,0.31596214,541.2004,257.54318,0.5063081,0.0,0.0,0.25244856,549.37024,262.088,0.95377743,566.5301,261.4591,0.92858124,544.1165,295.96573,0.9674327,568.2945,295.40063,0.94435763,540.5263,332.07028,0.9607458,569.62915,330.23138,0.9424138
404.51236,218.657,0.7441604,406.54175,216.35329,0.71907544,403.3515,216.31761,0.587345,410.9555,217.08984,0.5852051,0.0,0.0,0.29635876,414.95386,228.50359,0.95624655,400.37595,228.34853,0.937635,416.14148,242.70775,0.8320677,395.952,242.07352,0.7076935,408.91006,247.89894,0.777825,397.71976,247.26854,0.6694919,411.57956,259.06863,0.9704934,402.24957,258.81577,0.9648312,410.37094,283.73508,0.95311344,401.83624,283.48242,0.94192374,409.9502,306.9763,0.9068739,403.0816,306.5414,0.89100355
