459.98697,184.76021,0.97204137,463.95923,181.23016,0.96539223,457.05093,181.431,0.914089,471.83737,183.18518,0.8842302,454.18863,184.01662,0.5519621,482.9782,204.89606,0.9968053,448.63092,206.04643,0.99606377,495.1613,230.55597,0.9847074,436.34543,231.41977,0.96409446,496.16238,254.21133,0.9709909,428.21356,256.95197,0.94104344,475.32614,258.26205,0.99698037,455.0378,258.2651,0.99662966,469.97272,298.18234,0.9897658,457.27713,297.9031,0.985911,466.44653,337.82352,0.9659407,463.58658,336.99484,0.95648426
547.9313,175.2467,0.9654488,552.81354,171.36882,0.94814056,544.5008,171.03735,0.9123656,560.61145,175.41272,0.81363267,539.71375,174.59557,0.5955484,568.541,202.90926,0.99384946,531.56226,201.08783,0.99387556,576.0507,237.70598,0.96207905,519.5101,231.41791,0.94502306,570.879,265.71097,0.93179995,516.2494,257.76913,0.90632176,557.427,264.55075,0.99355125,534.3935,263.49762,0.9935975,551.8952,309.1253,0.9773122,534.5447,308.04,0.9732482,548.8457,350.97784,0.9324561,539.3996,349.27444,0.9228559
619.646,177.243,0.96518666,624.2543,173.29424,0.9591332,616.0978,173.2081,0.9024631,631.6327,175.99875,0.86909467,611.43884,176.18661,0.52702,641.6587,201.02602,0.99528027,605.15045,201.9497,0.9929987,651.7068,231.23804,0.97969925,599.04016,231.76262,0.93995,651.1648,261.1306,0.9616139,592.2959,260.09872,0.9075428,633.899,261.97134,0.9958717,610.6241,262.19153,0.9948329,636.5701,306.6692,0.98847896,613.8762,306.54422,0.9828971,636.37115,349.8226,0.96329194,615.58545,348.9902,0.9507999
372.79126,170.62779,0.96951216,377.6395,166.06885,0.9670281,369.23022,166.47543,0.90907484,387.32275,169.3831,0.8793656,365.6227,170.779,0.5078686,403.98608,199.47021,0.99531835,357.37143,202.38162,0.9925411,422.1122,234.34651,0.9794303,349.89688,239.44325,0.9308092,418.5841,270.484,0.9599904,344.6012,275.42453,0.89298785,395.17215,272.935,0.9953681,366.76633,273.66824,0.993922,389.14505,323.6497,0.9822613,370.7461,324.1123,0.9722474,384.9986,372.34656,0.9354008,381.2299,372.43518,0.9121204
0.0,0.0,0.09143854,0.0,0.0,0.05068682,0.0,0.0,0.0525355,723.67236,183.10162,0.53957045,740.308,183.4472,0.6134184,714.6524,204.67648,0.9709887,748.0971,205.0324,0.9766877,707.65564,234.12698,0.8434199,754.2711,234.24966,0.86850566,709.95166,258.1959,0.6006999,750.1922,255.60495,0.6298193,719.197,262.39438,0.99176097,742.01886,262.71692,0.9928109,718.13965,307.50714,0.98155427,742.06146,308.06024,0.9821255,717.5984,351.58478,0.955565,742.2255,352.5212,0.9565425
298.06177,194.32042,0.9451417,302.35928,190.22742,0.9402812,294.9973,190.14122,0.8391666,310.75577,190.604,0.8328618,0.0,0.0,0.37348595,322.51343,211.926,0.9910329,285.37952,213.19676,0.9841376,330.45938,241.06271,0.9718246,277.9731,242.77382,0.89588803,320.40393,262.41946,0.9508216,275.1748,265.45853,0.86368036,316.2385,274.11963,0.9947373,291.79858,274.4301,0.99260676,319.76544,321.31113,0.9907329,290.33606,321.2627,0.9843439,320.346,367.0608,0.9737031,289.1022,366.03616,0.9609917
209.1038,188.71399,0.8549698,212.91858,185.18312,0.7414739,207.23083,184.98892,0.6409137,219.94922,187.31386,0.654054,0.0,0.0,0.46388218,228.41212,210.11412,0.9869919,194.24681,207.87813,0.9754453,239.41446,237.94469,0.9665028,179.8766,236.97171,0.9166179,234.71075,257.28326,0.93336797,178.1001,266.39825,0.87217784,213.21225,269.95453,0.99391127,192.79579,268.29898,0.9909079,207.42076,319.9107,0.98450744,196.09009,315.94815,0.9786371,208.96678,365.26294,0.9451299,207.77245,358.39566,0.93520224
121.72809,203.86606,0.54596984,123.423805,200.81923,0.5714871,0.0,0.0,0.22808166,128.6936,203.25829,0.6696301,0.0,0.0,0.124776736,136.96237,224.05626,0.96866846,123.42743,221.2674,0.9118562,144.5834,254.41252,0.9361141,109.66353,244.71399,0.6288121,139.4032,278.222,0.87587225,100.09431,259.77267,0.5754202,131.99585,277.2468,0.9898157,123.94851,275.66626,0.9812982,133.04282,319.95938,0.9861124,122.43288,318.90363,0.9700963,135.69118,365.91962,0.9707497,122.40431,364.00397,0.9487048
0.0,0.0,0.051651325,0.0,0.0,0.041818127,0.0,0.0,0.03077215,0.0,0.0,0.10036963,0.0,0.0,0.06830366,0.0,0.0,0.25425857,0.0,0.0,0.24380726,0.0,0.0,0.24710658,0.0,0.0,0.21021572,0.0,0.0,0.22783154,0.0,0.0,0.19746971,0.0,0.0,0.36830184,0.0,0.0,0.36893132,0.0,0.0,0.35163411,0.0,0.0,0.3375619,0.0,0.0,0.3008193,0.0,0.0,0.29438192
675.1803,218.98927,0.7305614,677.3633,216.58987,0.7640486,0.0,0.0,0.39192912,683.5658,216.94006,0.80034775,0.0,0.0,0.11106094,689.6484,228.79149,0.97196263,677.9218,228.93697,0.9188372,692.5103,245.36705,0.894448,0.0,0.0,0.4907997,684.63617,255.82903,0.82877755,0.0,0.0,0.47403592,686.76074,260.60788,0.97559625,679.12476,260.22562,0.95833445,683.322,287.82355,0.9521876,677.2209,287.41876,0.9130254,683.5508,313.58618,0.90339714,678.40735,312.50366,0.85025215
0.0,0.0,0.050577883,0.0,0.0,0.052976895,0.0,0.0,0.028862767,0.0,0.0,0.10556162,0.0,0.0,0.036257252,0.0,0.0,0.14724536,0.0,0.0,0.095196284,0.0,0.0,0.22240952,0.0,0.0,0.09920521,0.0,0.0,0.2395366,0.0,0.0,0.12737398,0.0,0.0,0.20744205,0.0,0.0,0.17351717,0.0,0.0,0.24531256,0.0,0.0,0.1966159,0.0,0.0,0.23818102,0.0,0.0,0.20331042
