0.0,0.0,0.007573481,0.0,0.0,0.008005534,0.0,0.0,0.00062477094,566.90497,0.0,0.7786493,0.0,0.0,0.044997722,557.41376,59.976086,0.9554403,663.4924,45.329338,0.73665977,516.9143,191.91594,0.92874235,0.0,0.0,0.46248558,510.43628,255.84795,0.72653556,0.0,0.0,0.27461162,577.94214,257.4421,0.9760426,652.53107,251.1516,0.94412106,546.6369,432.11475,0.7429079,645.9705,432.92566,0.5731182,0.0,0.0,0.10041752,0.0,0.0,0.06544985
0.0,0.0,0.17990583,0.0,0.0,0.092645854,0.0,0.0,0.09960363,238.68976,192.02159,0.6121497,254.90796,191.34793,0.6946033,232.70787,212.34618,0.9874128,265.50052,211.43755,0.9929783,226.8424,239.89032,0.9170485,277.47897,240.2935,0.9572176,222.30832,264.34784,0.76651007,279.74396,265.66745,0.843703,240.74817,264.6238,0.9960342,262.56992,263.9626,0.9972922,237.41406,303.76587,0.9868154,262.3498,303.01892,0.989952,239.34906,340.7054,0.9653184,264.3953,340.02588,0.97183955
469.22894,150.74533,0.9155393,473.99823,146.47903,0.7439292,464.51968,146.78549,0.8962822,0.0,0.0,0.43196222,456.00726,150.43436,0.79669493,489.1659,179.26898,0.945691,443.90106,182.62903,0.98818797,503.14615,217.90634,0.7299925,446.0463,222.53825,0.9568754,489.62772,221.08743,0.6765043,479.29913,213.8826,0.9096956,480.27133,255.38863,0.98219335,452.748,257.4338,0.99133414,464.7323,317.19907,0.9771178,459.44788,325.21008,0.98966914,446.03787,372.2359,0.9490699,468.04288,386.87085,0.96954286
0.0,0.0,0.18942012,0.0,0.0,0.23140942,0.0,0.0,0.05116093,776.33295,210.04684,0.7895735,0.0,0.0,0.16745499,778.2885,224.51102,0.95608383,797.77637,223.39723,0.8731119,775.0455,241.68074,0.8523596,0.0,0.0,0.4298222,767.3206,249.71176,0.6595699,0.0,0.0,0.29807118,782.9013,262.02588,0.95763874,796.1798,260.65796,0.9292431,777.88214,288.76645,0.91489077,795.4318,287.8753,0.8466623,776.7112,314.6411,0.8587365,794.1998,312.26108,0.78891164
0.0,0.0,0.20914623,0.0,0.0,0.12029567,0.0,0.0,0.16171068,77.90844,219.2728,0.5123118,86.04121,219.24385,0.66388166,71.90747,231.18652,0.96892214,90.52803,231.16559,0.98055,66.36111,245.05867,0.8130816,96.86472,244.54878,0.8948133,65.65784,257.67117,0.61770135,96.92057,256.35107,0.723486,73.75023,257.54617,0.9851869,85.730034,257.7141,0.98829913,74.14252,278.27484,0.9688083,83.48031,278.5826,0.9730608,74.85383,297.38602,0.9465607,82.03406,297.83517,0.95111597
0.0,0.0,0.06492986,0.0,0.0,0.067681044,0.0,0.0,0.025897156,0.0,0.0,0.30824533,0.0,0.0,0.082066044,835.6407,203.92871,0.65275,0.0,0.0,0.41194633,825.5827,235.55855,0.5377248,0.0,0.0,0.15685338,0.0,0.0,0.36541465,0.0,0.0,0.12415343,839.8292,262.79605,0.74014986,850.4306,262.72995,0.62448406,843.7859,309.6025,0.6495463,0.0,0.0,0.497985,846.9527,353.23392,0.5292167,0.0,0.0,0.41918576
0.0,0.0,0.188295,0.0,0.0,0.09758288,0.0,0.0,0.12129785,0.0,0.0,0.4750401,384.54608,204.88782,0.61631036,368.0433,219.61922,0.9634417,390.75037,219.98808,0.9710457,362.49164,237.69836,0.77703184,396.50024,239.82722,0.837928,365.3436,251.56117,0.5681051,398.54306,254.51192,0.6387467,371.99054,256.50342,0.9870117,388.21558,256.55185,0.98905736,366.61905,285.37637,0.9789073,388.69797,285.30768,0.9811708,363.49948,312.3664,0.9656929,390.6359,312.42667,0.96847
0.0,0.0,0.1797918,0.0,0.0,0.109826855,0.0,0.0,0.11723796,115.34121,217.38324,0.56651545,124.911064,217.50435,0.547941,110.05059,228.5447,0.983845,128.58008,228.86032,0.984185,104.1776,242.86401,0.8455561,133.19008,243.13351,0.85703874,103.770035,255.0438,0.63695943,132.7194,255.53015,0.64450604,111.030525,255.28145,0.99097705,122.81667,255.40228,0.99105835,111.494736,275.9736,0.9748292,120.61268,275.84393,0.9753332,111.3522,294.57874,0.95546705,118.76406,294.72354,0.95647216
0.0,0.0,0.12757008,0.0,0.0,0.079678,0.0,0.0,0.09386427,0.0,0.0,0.4362906,0.0,0.0,0.46646094,148.24121,226.45538,0.96170384,164.32079,226.65976,0.9650604,142.46828,241.28737,0.75683945,167.37341,241.06323,0.797417,140.85738,251.8813,0.53248596,166.3533,252.24342,0.5731921,149.9716,254.2611,0.9843641,160.344,254.31097,0.9852267,151.22371,276.48434,0.96873033,159.31337,276.39008,0.97063935,151.54071,297.22412,0.9498189,157.70088,297.1968,0.9523178
0.0,0.0,0.09535341,0.0,0.0,0.05762029,0.0,0.0,0.07845417,0.0,0.0,0.40003976,302.9309,220.00009,0.5359888,288.53162,231.4666,0.9515608,307.81564,231.48259,0.9586661,283.14462,246.6665,0.679958,316.8566,246.80174,0.76581854,0.0,0.0,0.42897493,319.48795,261.82306,0.506353,293.30112,259.56696,0.9785786,304.8759,259.699,0.98063296,295.52567,282.83957,0.9550785,303.9724,282.58807,0.9605184,295.90054,304.26477,0.9280519,302.17212,304.55463,0.9355477
0.0,0.0,0.10546443,0.0,0.0,0.097927704,0.0,0.0,0.045640647,336.46805,207.79495,0.5801113,0.0,0.0,0.24313608,334.13904,219.66531,0.9351109,351.35114,219.04286,0.8865248,327.67978,236.02852,0.7993157,357.1472,234.34149,0.5531545,323.62735,248.70384,0.59282434,0.0,0.0,0.37047315,338.081,251.0601,0.9710263,349.10626,250.86562,0.9589881,336.4383,277.45782,0.9553956,348.2031,277.62204,0.92999375,337.0721,302.4788,0.93110335,346.84634,301.82736,0.9038547
0.0,0.0,0.10583729,0.0,0.0,0.047211755,0.0,0.0,0.10460048,0.0,0.0,0.3194034,704.6471,209.96608,0.6881666,686.26587,221.89244,0.9023405,711.3664,220.87067,0.9503328,0.0,0.0,0.47945258,721.9698,233.362,0.7755106,0.0,0.0,0.26076493,0.0,0.0,0.48884583,693.4994,254.09993,0.95204914,709.8709,254.23395,0.9668641,699.5517,284.10577,0.90204656,713.9059,284.18256,0.9307558,703.11743,312.42365,0.85835516,713.7155,312.295,0.887533
