0.0,0.0,0.18030517,0.0,0.0,0.13255037,0.0,0.0,0.06316514,308.24634,138.08995,0.69787365,0.0,0.0,0.3692537,294.15366,171.05014,0.9781984,348.03284,169.15579,0.92493325,279.41223,214.54236,0.92415607,348.66785,214.28812,0.6856669,281.94022,213.02373,0.7822559,330.06314,217.4024,0.51939833,301.3458,257.00104,0.99678457,337.27472,255.9887,0.9939037,306.80762,333.6606,0.9965694,335.99072,331.45914,0.99408156,312.88773,409.4823,0.9904727,334.11472,407.37857,0.98686486
0.0,0.0,0.3374876,0.0,0.0,0.155408,0.0,0.0,0.2643421,0.0,0.0,0.46170688,191.36246,206.91853,0.75810266,172.21942,222.45319,0.97594756,196.52913,221.96054,0.98411196,161.97699,241.62228,0.84164935,205.0123,242.22873,0.9130212,163.16873,257.8793,0.6799059,208.16365,259.69095,0.77711934,176.65848,259.05295,0.98769367,192.1658,258.67664,0.990418,177.80344,286.62054,0.9733358,190.1055,286.00052,0.97849095,178.51282,313.49173,0.951691,188.24988,313.55988,0.95889014
826.3111,159.85385,0.8971426,832.81744,154.74174,0.7463866,819.4805,154.67595,0.90363616,0.0,0.0,0.3255848,810.09326,160.40182,0.7300156,850.0405,197.55045,0.71806884,800.54065,199.48056,0.9478133,0.0,0.0,0.27008754,781.1109,243.13284,0.83751434,0.0,0.0,0.27897283,782.72504,245.72388,0.7487997,843.78564,289.08618,0.7750551,815.7441,290.38034,0.9034108,832.0195,360.85278,0.79818344,829.57477,365.33594,0.91807187,807.4155,434.1802,0.7112051,833.43005,445.03955,0.8326385
765.1567,155.92053,0.9636688,769.11426,151.4989,0.73660463,758.86633,150.10243,0.96570456,0.0,0.0,0.27503538,738.13684,154.06258,0.94252783,758.01654,195.80977,0.9723407,714.7989,196.15315,0.99764854,765.3786,242.64128,0.7868788,684.0191,247.6843,0.9900338,772.5375,253.98549,0.7273508,669.9697,282.58426,0.96954566,743.0124,284.35196,0.9920001,720.9448,286.4837,0.99754035,727.277,357.203,0.98432827,736.6922,365.65305,0.9951331,703.07056,425.4968,0.9479629,739.5337,443.53647,0.974794
453.72827,213.28668,0.90929496,456.21454,211.10434,0.85774016,452.09235,211.00035,0.82366145,460.2232,212.42656,0.7152158,449.38138,212.1262,0.5995402,465.50632,225.23465,0.9886796,444.3025,225.25278,0.98941654,470.20108,239.31915,0.9325479,438.80753,239.11493,0.9204832,461.67368,240.89763,0.8917405,442.51962,241.5184,0.8724841,461.67755,259.07626,0.9896387,447.65262,259.0926,0.9900148,463.78214,284.99603,0.97785497,447.03415,284.7952,0.97607523,466.80276,309.399,0.95295787,449.90225,308.68048,0.94958854
629.43335,200.63675,0.908054,632.20294,198.09882,0.8222827,627.18646,198.04305,0.86391306,635.39655,199.90877,0.5764232,623.32806,199.77766,0.7027243,639.3794,215.41031,0.9775444,617.54346,216.06758,0.9876886,642.899,233.60106,0.85130477,614.66364,235.18948,0.9298599,637.16974,247.00516,0.7973782,616.85315,250.20226,0.87726474,633.8737,254.14178,0.9788437,619.7765,254.36539,0.98489374,631.197,282.73206,0.95259947,617.0904,282.63144,0.9633428,631.439,307.3695,0.9109613,618.57465,307.13745,0.92566496
247.02275,220.02657,0.7899572,248.46095,218.02144,0.66078943,244.86783,217.83914,0.6865946,0.0,0.0,0.4863467,239.90544,219.70581,0.54080117,252.20226,232.28955,0.964266,236.48749,232.20976,0.95786387,259.30624,241.54831,0.82565445,237.19003,244.12996,0.76911324,256.34164,234.77513,0.76024365,247.28952,238.26042,0.70036155,250.05669,260.98508,0.9741775,239.85689,261.2347,0.9712994,248.95218,286.42133,0.96680206,242.03003,286.865,0.9614018,247.12305,310.79706,0.94892347,241.42097,311.31537,0.94277084
0.0,0.0,0.22022514,0.0,0.0,0.13217807,0.0,0.0,0.16872804,0.0,0.0,0.45672452,102.3071,224.82831,0.539225,91.50278,233.16443,0.97395545,104.587585,233.5662,0.9769882,87.56037,244.19273,0.8068531,107.61658,244.15599,0.85383415,87.46767,252.58589,0.63371897,108.006355,252.6081,0.6852181,91.98997,254.26912,0.9871137,100.33086,254.40823,0.9879099,92.19323,270.62653,0.97435915,99.86354,270.429,0.97661215,91.18314,285.92343,0.96185184,99.04508,286.21338,0.9646784
666.13184,205.1766,0.89999145,669.1117,202.24278,0.86918706,663.4262,202.68971,0.80816567,674.702,204.07674,0.72900033,659.9823,205.27066,0.52785385,681.49896,219.70209,0.97470754,657.86456,220.6357,0.9705302,685.3975,239.0913,0.85025793,654.13477,237.3497,0.78502756,672.85004,246.09892,0.764721,657.32776,239.49422,0.69521487,677.89526,258.1705,0.9419756,662.278,258.26654,0.9384081,676.2985,287.15906,0.8287344,659.3158,287.06845,0.80553365,677.60443,310.73465,0.68423504,663.71387,310.27438,0.65749437
0.0,0.0,0.121396765,0.0,0.0,0.06708618,0.0,0.0,0.10954727,0.0,0.0,0.30979052,375.52054,218.84538,0.5034621,363.44183,227.9486,0.9461505,377.53067,228.7744,0.95875525,358.25922,240.23256,0.71479756,379.6918,241.1894,0.8246915,0.0,0.0,0.49839455,379.55533,249.53271,0.615185,364.53168,253.59619,0.9753965,373.74088,253.89247,0.97860765,365.83887,274.7419,0.94038624,373.08914,274.9354,0.9495875,365.76242,293.6572,0.90459394,371.22482,294.13193,0.9160767
0.0,0.0,0.120001584,0.0,0.0,0.089199826,0.0,0.0,0.07381604,0.0,0.0,0.49242398,0.0,0.0,0.3623431,115.935585,229.93121,0.958149,130.39432,229.71695,0.952133,112.74235,240.79167,0.7926199,136.23877,240.46864,0.74609596,111.99926,249.58426,0.59591055,137.2056,248.94969,0.5419041,119.07925,250.70145,0.98318946,128.41853,250.64268,0.9822568,118.19296,268.3472,0.96850866,127.81894,268.07104,0.9662754,118.50834,284.5143,0.9538154,127.62389,284.2395,0.95164424
414.67032,225.5448,0.8526953,416.566,223.67235,0.83994955,413.61948,223.56017,0.7297306,420.49435,224.54272,0.72724867,0.0,0.0,0.39831966,424.5676,234.49701,0.98109,411.1583,234.12967,0.971059,426.8809,246.42404,0.90061563,407.6254,245.26147,0.8010324,421.76776,253.58344,0.85776895,408.2499,252.15302,0.76318604,421.71173,258.3103,0.9799666,413.17993,257.96646,0.9754826,419.86032,277.2188,0.9535836,412.33902,276.84888,0.9410567,420.2055,294.6488,0.90878695,413.77985,294.0849,0.89110786
