0.0,0.0,0.08166708,0.0,0.0,0.03273134,0.0,0.0,0.057427146,264.74677,171.96092,0.5585036,286.6043,172.24553,0.805087,252.94162,197.73839,0.9890267,296.22473,197.91881,0.99539113,238.02336,233.80527,0.9366575,309.15222,233.37039,0.97839475,234.54225,267.6632,0.7852901,311.4554,263.78964,0.8870373,260.9702,263.6843,0.9975872,288.6643,263.65823,0.9985287,259.54318,312.2184,0.98998404,283.49078,312.14597,0.9929703,258.41626,357.7581,0.96391267,278.10764,358.83197,0.97224265
615.7741,113.160385,0.9803397,619.81055,106.5963,0.88749707,608.1355,106.84319,0.96301293,0.0,0.0,0.47447452,590.47034,115.74435,0.88537204,625.4217,164.32213,0.9888488,571.713,165.65271,0.9970293,635.7353,225.87961,0.9546097,557.1558,232.7717,0.98986036,646.45844,276.51965,0.9382712,557.39935,289.42844,0.98052007,621.73694,276.95438,0.99690956,581.95624,278.094,0.998235,638.1954,362.5022,0.99297065,575.119,359.62613,0.99600524,656.9753,446.10303,0.9669144,567.66876,439.04745,0.97723174
735.2716,147.14609,0.96650743,742.2214,143.10901,0.85173994,729.45355,142.06169,0.94448483,748.9392,148.01572,0.54920065,717.9177,145.77634,0.8596793,754.5301,180.95383,0.9869871,700.78766,183.5348,0.9976908,766.6038,209.28636,0.92315876,683.0976,223.95322,0.99064505,741.0123,180.4209,0.8866938,702.1274,206.06903,0.9758419,739.5008,269.36606,0.9973673,710.60974,271.1782,0.9987943,721.0272,348.38724,0.9963678,739.3203,357.67523,0.9984933,681.1921,409.20453,0.9867121,752.7539,428.78705,0.99256
0.0,0.0,0.12912367,0.0,0.0,0.068397745,0.0,0.0,0.1312111,0.0,0.0,0.35349187,168.55083,211.70337,0.63519174,152.2871,223.40884,0.96466917,171.34778,224.40495,0.97495246,145.04541,240.20576,0.74472994,175.02112,241.37059,0.8716602,145.81648,254.33473,0.5161729,174.63641,255.8773,0.6713492,153.86786,255.11702,0.98549855,166.0933,255.48602,0.98802906,155.3517,280.00528,0.95991313,165.45682,280.27863,0.968233,154.70229,302.16666,0.92605746,162.61426,302.79022,0.93812704
390.94394,171.12535,0.9299749,393.64145,167.3879,0.7979279,386.84854,167.22397,0.91089356,0.0,0.0,0.39698863,378.4896,169.38791,0.8063802,398.14398,193.29506,0.9768564,370.7001,192.34908,0.9910335,404.49484,217.96756,0.8396444,369.60562,217.0875,0.95554376,402.7468,211.90921,0.80683184,393.101,206.9372,0.9198708,395.78235,255.37434,0.9871022,377.79932,255.90819,0.99245775,389.68918,306.0777,0.9753724,378.91046,306.88647,0.9845836,383.37518,352.2586,0.9353403,376.365,353.52402,0.95396864
0.0,0.0,0.0977814,0.0,0.0,0.04582628,0.0,0.0,0.10247743,0.0,0.0,0.333288,129.08519,216.53041,0.6796623,111.16936,227.0788,0.96776676,132.70256,227.95094,0.98007166,104.9751,242.51085,0.7384497,137.4013,243.28326,0.89684594,0.0,0.0,0.48921102,138.20879,255.12119,0.69276476,114.173134,256.66003,0.98602,128.48148,257.0518,0.98931,116.405334,280.38336,0.96127,128.21791,280.44107,0.9717613,116.251,302.11084,0.9314462,125.82898,302.57785,0.9461428
0.0,0.0,0.17048009,0.0,0.0,0.0910058,0.0,0.0,0.12950988,0.0,0.0,0.44072208,86.295456,214.81758,0.6219804,69.79304,226.95818,0.96286875,90.219925,226.96613,0.97502893,64.01493,242.32812,0.8140017,95.27921,241.2955,0.8869918,63.82114,254.36237,0.6306414,94.113045,251.8894,0.721588,71.716446,257.16605,0.98755205,85.06578,257.27988,0.98977077,71.07589,279.84378,0.97732955,81.37687,280.08228,0.9796141,73.04858,301.20453,0.9631654,81.361015,301.79822,0.9653445
440.96216,205.37698,0.91160536,443.97937,202.62836,0.8580911,438.51,202.37474,0.84186256,448.36246,204.26431,0.65993935,434.30347,203.3698,0.60027224,453.24792,220.68013,0.984906,427.7732,219.66048,0.98703617,459.33002,240.85583,0.9191805,422.5988,238.4158,0.9139762,458.2413,250.16142,0.87984985,432.4061,243.2575,0.8665397,448.99487,264.42883,0.9908488,432.17548,264.19583,0.99150366,450.9073,301.18015,0.9851976,431.55093,300.76703,0.98454684,451.06467,338.52512,0.96953124,430.1693,337.663,0.968476
0.0,0.0,0.44324496,784.57587,210.9929,0.51956636,0.0,0.0,0.15938428,790.56256,210.93538,0.6461784,0.0,0.0,0.040521964,800.5436,221.71883,0.92686784,785.6234,223.01219,0.7550832,809.27606,236.65091,0.8731889,0.0,0.0,0.3381745,799.52313,242.12921,0.8005141,0.0,0.0,0.35634962,798.7149,256.17316,0.9601777,788.8685,256.22046,0.9235629,798.0351,284.1178,0.91800576,789.4969,284.17813,0.8403894,801.3002,309.42416,0.8370471,795.1185,308.77573,0.7391867
0.0,0.0,0.14875615,0.0,0.0,0.06403445,0.0,0.0,0.17197734,0.0,0.0,0.11527836,0.0,0.0,0.46584502,762.4658,224.86899,0.7233337,773.6471,226.13028,0.7884669,0.0,0.0,0.30217803,779.2005,246.75491,0.55448323,0.0,0.0,0.21915632,0.0,0.0,0.38950095,761.01117,263.64,0.84409475,768.5431,264.2817,0.86819863,761.4847,295.4681,0.7895233,767.45703,295.5943,0.83448815,759.399,324.82043,0.74651563,762.48474,326.3333,0.788333
0.0,0.0,0.1546914,0.0,0.0,0.1124635,0.0,0.0,0.11721467,0.0,0.0,0.17194942,0.0,0.0,0.19756149,840.6934,221.98999,0.5189212,841.4717,222.70457,0.5971333,0.0,0.0,0.26936772,0.0,0.0,0.36007696,0.0,0.0,0.24314377,0.0,0.0,0.30423775,842.27155,261.9715,0.68445385,843.0313,262.53186,0.729158,842.26135,294.95636,0.6618024,842.03546,295.48413,0.69586325,844.4494,325.44174,0.6650027,842.46765,326.05545,0.69209146
497.14075,220.3085,0.7699908,498.97983,218.28876,0.72869194,496.0571,218.34474,0.57335067,502.83868,219.05486,0.6603766,0.0,0.0,0.3424282,508.24582,229.62378,0.96902287,492.92685,230.53554,0.94532967,511.8162,243.0229,0.88040215,489.9228,244.71712,0.700954,505.68115,253.78926,0.8137045,491.72623,254.90625,0.6426541,506.48364,257.9279,0.97364646,496.93332,258.30106,0.9633641,505.81964,280.2383,0.9619806,497.62125,280.51962,0.9423099,507.23358,301.23328,0.94170314,499.6939,300.85947,0.9203661
0.0,0.0,0.29048705,0.0,0.0,0.2002085,0.0,0.0,0.22103544,0.0,0.0,0.2942353,0.0,0.0,0.3243531,467.49316,218.47174,0.86986107,471.44907,218.49391,0.8651528,471.38858,238.12329,0.5565497,476.483,238.09238,0.57983375,0.0,0.0,0.4302716,0.0,0.0,0.4433998,468.15015,254.27022,0.92320406,471.43533,254.20679,0.9219714,468.2131,282.98682,0.8809591,470.6215,282.58813,0.8831415,468.50443,309.9146,0.82703876,469.42795,309.98816,0.83018637
