0.0,0.0,0.27939022,0.0,0.0,0.06264384,0.0,0.0,0.27920038,0.0,0.0,0.31501806,59.539444,159.90399,0.86015654,15.464017,195.69434,0.9197909,71.81345,194.41524,0.9846972,3.2567334,249.59598,0.6567876,91.58808,240.30896,0.9576315,9.818115,284.6529,0.507423,94.31343,276.06772,0.8750327,31.210253,286.55872,0.9815512,65.38239,286.77258,0.992535,47.271492,347.56458,0.96895707,60.7421,351.49445,0.9882179,46.983017,397.3293,0.9259403,44.263035,407.75858,0.95941186
0.0,0.0,0.120406374,0.0,0.0,0.057076108,0.0,0.0,0.07110806,242.41803,201.99387,0.66207814,261.84134,201.90761,0.78492737,231.07246,225.14467,0.9897711,272.58435,224.87953,0.99400663,214.2019,254.1104,0.9340128,287.07596,255.24664,0.9636471,212.22078,272.8111,0.7726479,289.16595,274.2731,0.83780223,239.57845,288.00302,0.9956317,266.00684,287.83145,0.99684626,241.65895,327.40903,0.98090625,265.95312,327.28287,0.98458165,244.58154,367.60876,0.9339485,264.65756,367.82266,0.9436281
0.0,0.0,0.20548213,0.0,0.0,0.04451579,0.0,0.0,0.19891465,0.0,0.0,0.268581,537.47955,196.49855,0.87397295,506.86093,218.26775,0.97725713,541.378,217.12431,0.99082476,497.9795,254.49683,0.787178,554.0589,244.45354,0.9437652,497.5861,280.53574,0.5813607,553.11224,257.47458,0.7949397,511.6456,275.32132,0.9934788,534.9717,275.00284,0.9960665,513.09344,320.61746,0.9822191,539.48486,320.00018,0.9889409,514.87366,362.79028,0.9573738,543.27423,364.23666,0.96961045
0.0,0.0,0.05205829,0.0,0.0,0.021783344,0.0,0.0,0.039168708,0.0,0.0,0.37963563,333.2806,187.71707,0.67528975,306.22824,210.59259,0.9563136,342.8976,210.606,0.97454655,294.74753,235.92075,0.7630112,355.35648,239.953,0.8896687,0.0,0.0,0.47672328,356.32318,241.15617,0.64366674,316.53088,274.7435,0.99173284,340.909,274.895,0.99394315,319.24948,321.35638,0.9850494,341.57288,321.26263,0.98826003,316.97385,366.41312,0.96330166,335.46777,365.92752,0.969022
0.0,0.0,0.20096989,0.0,0.0,0.11797463,0.0,0.0,0.12283934,0.0,0.0,0.42991742,0.0,0.0,0.48102564,148.6608,221.13768,0.92745954,171.8931,222.07903,0.9201057,139.2036,241.99028,0.679159,173.70856,242.89621,0.6415091,0.0,0.0,0.46932212,0.0,0.0,0.4356948,151.04697,265.97757,0.97412336,166.6102,266.66513,0.97223556,149.38382,300.3426,0.9737958,164.66711,301.1571,0.96993345,151.3435,335.40802,0.965462,164.43593,336.37576,0.9616806
0.0,0.0,0.17425743,0.0,0.0,0.13163196,0.0,0.0,0.095996745,646.1222,208.84435,0.58720636,0.0,0.0,0.47688589,639.4213,226.53514,0.9548728,663.3647,227.16884,0.9508501,631.2234,246.37808,0.7932495,668.019,248.59718,0.7538318,630.69116,261.42014,0.5758925,665.4616,264.41193,0.53780293,640.59467,267.567,0.98298097,655.93884,267.85388,0.9822108,640.96295,299.6896,0.978092,651.96576,300.39838,0.97491634,642.116,331.44055,0.96958274,649.2615,332.01514,0.9662058
0.0,0.0,0.09167241,0.0,0.0,0.055503536,0.0,0.0,0.05090644,0.0,0.0,0.4146543,0.0,0.0,0.42535803,668.5797,213.79698,0.9409617,694.4137,212.03743,0.94719714,665.30566,235.6424,0.76502335,701.30237,232.52733,0.7903352,667.743,254.12122,0.53073704,700.2613,249.64578,0.5602809,675.6584,253.7801,0.97885805,692.8225,253.12875,0.9811344,677.5998,287.37207,0.9520147,692.60297,286.8395,0.95476484,682.3434,318.8994,0.9098394,695.37994,318.04694,0.91353637
83.73855,170.09903,0.816412,88.15864,165.35742,0.8317373,79.65217,165.29137,0.59561,96.150246,169.06421,0.72990507,0.0,0.0,0.21284656,100.69715,198.58344,0.9300405,74.518776,199.20737,0.7608028,107.050835,232.59608,0.7758462,0.0,0.0,0.2201229,107.202545,266.07294,0.6754219,0.0,0.0,0.22713898,99.56005,269.3883,0.92190325,82.16226,270.1727,0.841338,100.31975,321.69983,0.9239045,85.57168,322.40384,0.8311598,104.11642,369.08176,0.8903825,87.90396,368.7813,0.8046383
202.21904,200.76941,0.6066961,204.26984,197.81859,0.5082178,0.0,0.0,0.43487543,0.0,0.0,0.44447237,0.0,0.0,0.30805925,212.62216,216.9931,0.9321493,187.70464,216.67293,0.89517814,214.49127,239.53052,0.73515314,181.56335,239.9056,0.53605616,208.26775,246.84595,0.6230536,0.0,0.0,0.4467552,204.29327,261.57196,0.9580062,188.09473,261.4552,0.94412124,203.19705,297.20422,0.93527985,188.7244,297.18094,0.91064966,197.04132,330.1531,0.89721245,188.80495,329.81512,0.8718336
444.4671,212.10081,0.8403521,446.9876,209.26624,0.79166985,442.37598,209.47821,0.7248056,452.0419,210.74385,0.61156255,0.0,0.0,0.4453437,457.6306,226.94737,0.94567585,437.9404,228.17563,0.9418735,461.33945,244.36911,0.7661347,433.36005,246.8475,0.69743675,456.98196,256.71634,0.7050042,435.16315,259.52844,0.63729644,456.66528,262.534,0.9487069,444.56433,263.19577,0.9460211,457.31842,291.50314,0.9404949,448.03116,291.86984,0.93138856,456.9773,317.80832,0.9275109,450.06064,317.53375,0.91969347
414.17188,208.27655,0.67121655,416.09628,205.69574,0.57775944,413.00467,205.78041,0.5334514,0.0,0.0,0.48519084,0.0,0.0,0.40981242,421.89777,222.06357,0.9108146,409.57318,222.21024,0.9087951,422.7128,239.26306,0.6284927,402.13458,239.60309,0.6001687,418.16666,254.3134,0.5304649,399.37064,255.67896,0.50607806,419.06442,255.93806,0.93001276,411.67908,256.10986,0.9294836,418.78073,282.5512,0.92886484,412.10217,282.7402,0.9236742,420.8104,308.40732,0.92309576,414.37332,308.19617,0.91833174
0.0,0.0,0.122089624,0.0,0.0,0.07860216,0.0,0.0,0.090316564,0.0,0.0,0.23426534,0.0,0.0,0.2595888,485.57675,206.58931,0.7594795,503.15207,206.76779,0.81269336,0.0,0.0,0.3531082,0.0,0.0,0.45212978,0.0,0.0,0.2133351,0.0,0.0,0.26250577,486.77914,258.51508,0.8775674,497.7499,258.8684,0.89377993,486.41916,301.13165,0.77005994,494.8484,301.15515,0.7884442,486.7312,340.72614,0.69345325,490.8235,340.95798,0.7117155
