0.0,0.0,0.21163191,0.0,0.0,0.23226759,0.0,0.0,0.07221047,578.63116,199.51212,0.8455907,0.0,0.0,0.37130168,572.4985,218.43639,0.98980016,599.80994,218.73473,0.97653884,558.0135,242.55519,0.9680227,607.5685,244.40639,0.8303826,545.1972,258.7261,0.8854411,601.05554,260.35794,0.656333,577.0101,262.41885,0.9954183,592.9989,262.27237,0.99264586,578.79706,298.86978,0.99126303,584.70715,299.1738,0.98306423,590.6366,334.74847,0.9783735,587.65076,334.72928,0.9646244
0.0,0.0,0.4385363,0.0,0.0,0.15243277,0.0,0.0,0.42880696,0.0,0.0,0.41072002,87.71142,197.20058,0.89946455,66.47855,215.40549,0.98048353,93.076454,216.44675,0.99345183,58.798515,239.47961,0.75412136,102.23584,240.52144,0.9495465,57.12292,259.9024,0.5572317,105.4755,258.7511,0.82349414,72.255516,263.0416,0.9911533,90.02704,263.3488,0.9952661,68.858154,297.46744,0.98157984,87.01803,297.17114,0.9896864,70.87728,329.62872,0.9646376,87.657585,330.62128,0.97675306
0.0,0.0,0.08803013,0.0,0.0,0.044361576,0.0,0.0,0.05975949,184.13248,190.14964,0.5260701,200.74051,189.48222,0.6781936,175.67894,208.74196,0.9782185,208.79587,207.83936,0.98976505,166.70384,234.02852,0.8813304,219.95656,232.49014,0.9528387,167.57964,256.34796,0.6858988,225.72333,254.9428,0.8144644,185.5167,256.97552,0.9946931,205.97296,256.97595,0.996421,186.26369,293.2815,0.9847284,200.99313,293.29733,0.9881542,191.26509,329.39758,0.9628641,199.11697,329.233,0.9688025
302.19327,185.0485,0.9265172,305.27264,181.58955,0.84666586,298.5802,181.62099,0.9011262,309.03308,184.55727,0.5241828,292.18463,184.48804,0.72486585,316.02,207.10669,0.9774869,283.93503,207.40868,0.9892932,323.29767,233.65048,0.8603028,275.70737,233.6772,0.94748855,322.41592,259.29883,0.81492686,275.06833,259.6551,0.9066762,309.06302,257.59796,0.9893985,289.25583,257.8255,0.99292386,305.89017,297.16406,0.98402137,289.8169,297.21005,0.98823357,299.9954,335.18906,0.9728354,289.05975,335.2945,0.97806656
0.0,0.0,0.18826047,0.0,0.0,0.11335887,0.0,0.0,0.113647826,129.92644,196.25316,0.6436624,144.37067,196.88765,0.6302872,122.42005,215.34364,0.9774419,153.52715,216.20824,0.9852396,112.43825,240.88524,0.8239228,158.94495,241.6003,0.8817562,110.16886,258.5826,0.57963634,158.7,260.22937,0.6473683,125.39673,262.28488,0.98878294,145.29782,262.53064,0.9907066,123.49827,297.99103,0.96967006,141.21783,298.24945,0.9715167,125.26883,331.01788,0.9380375,136.94865,331.1037,0.94036996
0.0,0.0,0.3259825,0.0,0.0,0.17378737,0.0,0.0,0.18939775,0.0,0.0,0.485908,0.0,0.0,0.49852434,427.67487,200.6981,0.9353255,468.4824,200.46373,0.93748444,412.5896,233.65997,0.8184605,479.02063,230.66939,0.8222947,414.04678,246.73016,0.6900709,479.27963,243.35275,0.6963566,430.93726,265.16302,0.97710013,458.35846,265.01968,0.9774392,427.69577,315.04388,0.97299045,458.5282,316.1534,0.9745033,422.26797,359.6341,0.94962174,452.78204,362.36566,0.95169556
358.21487,197.91248,0.9203626,361.78513,195.18654,0.832758,355.65543,194.66197,0.89004934,366.09036,198.28123,0.5503169,350.43976,197.04056,0.7372269,369.59665,215.76701,0.982501,341.61874,217.00476,0.9916727,375.86392,229.67938,0.88493884,328.73758,239.23459,0.95402235,366.37228,220.81853,0.84279126,327.8941,250.50658,0.91335607,361.8163,263.90387,0.99204975,344.21286,264.22922,0.9944628,358.3965,300.0624,0.9870214,344.31845,300.05273,0.98975277,354.76434,335.24298,0.97266304,345.34692,335.06577,0.9767419
258.1345,204.39064,0.8850044,260.13098,202.16899,0.7651931,255.8957,201.93863,0.83897895,262.32675,203.6841,0.5073635,250.71204,202.82816,0.70850205,265.06262,217.05872,0.9779986,243.27657,216.1385,0.9881605,267.95474,232.84544,0.8489846,235.4391,231.67265,0.9267125,262.76154,240.3106,0.7918237,239.45901,240.12628,0.8695438,259.59818,252.68233,0.98464984,245.89198,252.36848,0.98877615,257.84256,281.8849,0.9703808,245.67921,281.4836,0.9763697,256.38007,310.07938,0.94299734,246.63481,309.67883,0.9514737
0.0,0.0,0.13392782,0.0,0.0,0.13572456,0.0,0.0,0.047333848,703.9171,160.39334,0.86048865,0.0,0.0,0.4648454,696.308,187.85048,0.9799559,731.7206,189.64958,0.9645047,680.79224,224.0849,0.86934245,737.87866,226.83029,0.67086214,669.92664,259.2567,0.5965962,0.0,0.0,0.36892885,693.89856,254.30293,0.9891368,717.06714,254.56136,0.98477626,685.462,301.61435,0.98086894,712.9355,302.7503,0.96840894,677.9505,345.30728,0.9580676,703.64966,346.202,0.93974906
0.0,0.0,0.009059989,0.0,0.0,0.0031210987,0.0,0.0,0.0031402123,0.0,0.0,0.031161321,0.0,0.0,0.02739582,0.0,0.0,0.1495848,0.0,0.0,0.17978714,0.0,0.0,0.24342148,0.0,0.0,0.26317775,0.0,0.0,0.23512886,0.0,0.0,0.2407879,0.0,0.0,0.31484333,0.0,0.0,0.33550695,0.0,0.0,0.053013127,0.0,0.0,0.053219926,0.0,0.0,0.011388048,0.0,0.0,0.010727786
0.0,0.0,0.08481713,0.0,0.0,0.12869924,0.0,0.0,0.009937282,749.3563,151.64276,0.85548574,0.0,0.0,0.07365038,750.67944,181.87875,0.9642302,784.9218,178.93866,0.8436183,740.1451,226.7744,0.90197295,0.0,0.0,0.30074525,726.1465,259.98392,0.6920015,0.0,0.0,0.18261221,750.7014,261.9598,0.98649955,774.4979,259.17447,0.9678909,730.1812,315.84732,0.9795935,760.20294,314.46402,0.93909156,726.55676,369.0765,0.950485,756.92474,365.8189,0.89383143
0.0,0.0,0.23044376,0.0,0.0,0.061968826,0.0,0.0,0.27088517,0.0,0.0,0.09460101,503.75345,203.37654,0.70597744,489.25687,214.00674,0.79822797,504.39807,214.46799,0.9365069,0.0,0.0,0.35314178,511.71124,225.15593,0.86143,0.0,0.0,0.2839672,511.16797,220.10202,0.7128155,489.6712,252.71063,0.94207335,500.26575,253.16821,0.9712143,495.37936,284.28482,0.92985195,503.99603,284.15808,0.9669709,498.27237,313.9042,0.90947735,504.89163,314.34302,0.9472137
662.9652,208.32472,0.8922092,666.64355,204.72423,0.8973595,660.3007,204.84497,0.76625997,673.3459,206.07504,0.78550667,0.0,0.0,0.3063718,678.2325,223.73096,0.9664216,656.5073,224.22115,0.9413906,678.1592,248.6631,0.81169397,653.03186,247.9552,0.571567,668.30865,267.49387,0.71414506,653.57,266.57373,0.50095403,673.7372,269.18152,0.93158937,660.1057,268.94543,0.9104436,672.72015,305.742,0.7524038,661.715,305.39795,0.6797033,672.5948,336.4448,0.5173741,0.0,0.0,0.446037
0.0,0.0,0.012920947,0.0,0.0,0.004478599,0.0,0.0,0.005507289,0.0,0.0,0.028902328,0.0,0.0,0.033314615,0.0,0.0,0.15942037,0.0,0.0,0.21278183,0.0,0.0,0.19824056,0.0,0.0,0.25807378,0.0,0.0,0.1248525,0.0,0.0,0.15818638,0.0,0.0,0.4414833,0.0,0.0,0.4805805,0.0,0.0,0.07881491,0.0,0.0,0.08560785,0.0,0.0,0.020958498,0.0,0.0,0.020550124
0.0,0.0,0.30516505,0.0,0.0,0.4274802,0.0,0.0,0.062811434,708.34406,164.02837,0.8317897,0.0,0.0,0.11559653,704.2218,189.58888,0.97761106,736.3298,187.31308,0.7023391,692.27527,228.07475,0.95146084,0.0,0.0,0.26167652,681.33435,265.88022,0.831397,0.0,0.0,0.21446325,703.2308,260.67905,0.9805551,725.41974,258.82587,0.9194362,699.76624,313.24457,0.9702461,720.0405,312.10513,0.8893386,694.68774,358.80762,0.9267439,713.05707,354.1506,0.8405126
0.0,0.0,0.43029007,0.0,0.0,0.3015081,0.0,0.0,0.37414235,0.0,0.0,0.2550505,0.0,0.0,0.38092276,404.15054,222.73825,0.8564664,397.9205,222.98875,0.8862397,404.9016,236.6814,0.5340359,395.10654,237.01178,0.6580678,0.0,0.0,0.4725816,400.56396,236.74779,0.5672107,402.9771,256.62167,0.9337959,399.55804,256.95963,0.9420899,403.50296,283.84525,0.9095126,400.87784,283.8028,0.9206659,402.18335,309.0546,0.8633092,400.00586,309.3218,0.8762546
