0.0,0.0,0.30712926,0.0,0.0,0.2585025,0.0,0.0,0.07069559,428.63315,74.12525,0.8710862,0.0,0.0,0.29245123,415.96945,128.82227,0.9671427,485.07117,120.31569,0.9221321,386.63538,202.40553,0.8957701,491.18994,195.25099,0.72844464,414.92743,203.30081,0.7553925,474.10513,205.63834,0.5577993,434.34256,269.2443,0.9705171,473.55197,263.83344,0.95853275,437.87076,411.0747,0.8668552,433.7973,404.09537,0.8287841,0.0,0.0,0.3573839,0.0,0.0,0.32540995
0.0,0.0,0.100730345,0.0,0.0,0.07481172,0.0,0.0,0.04495913,211.13893,199.22452,0.67097425,0.0,0.0,0.4443191,205.54291,217.14984,0.97150147,235.51083,216.44281,0.9683026,197.44385,243.66246,0.8980519,242.66205,240.59224,0.85235345,194.84505,267.68915,0.7324172,242.34848,263.4417,0.6529504,209.56987,262.8519,0.99161184,230.03325,262.48746,0.99073386,204.89977,295.32657,0.98344857,231.21655,295.1271,0.97874486,201.24359,327.15085,0.96718115,230.51085,326.3246,0.9605269
603.90247,115.45081,0.96109015,606.53577,108.89863,0.7535203,595.9727,109.684975,0.96132827,0.0,0.0,0.22183402,576.99994,115.38373,0.91923827,612.9658,156.99486,0.95628256,559.15735,159.04634,0.9939394,620.8103,208.54124,0.77937686,556.13763,214.55817,0.9830004,603.82794,201.33018,0.75305337,606.17346,205.6571,0.9676761,617.1011,259.74524,0.9862037,579.9753,264.59097,0.99497,623.4433,333.36462,0.97660315,590.9934,348.8976,0.9920412,606.12494,404.25177,0.9244941,578.4548,425.48495,0.9603816
0.0,0.0,0.13575292,0.0,0.0,0.12244874,0.0,0.0,0.05284504,749.0597,193.07095,0.726343,0.0,0.0,0.396465,743.58966,213.40851,0.9823538,771.3607,213.69907,0.97558457,734.49274,239.57565,0.9265233,777.5532,240.74295,0.8441051,726.9781,256.8175,0.77380186,776.40063,256.18973,0.6400927,746.63635,263.13263,0.9933247,763.47144,263.24176,0.992125,751.27594,302.74146,0.9837028,760.96783,303.51495,0.9781739,756.7072,343.14474,0.9605148,758.9304,343.5889,0.9511702
0.0,0.0,0.46462667,0.0,0.0,0.34124988,0.0,0.0,0.29748446,664.14154,201.0768,0.72611177,669.02094,202.65927,0.6623615,655.6792,214.70767,0.9780466,674.9132,218.56686,0.97978437,641.3959,225.922,0.8067631,675.9728,235.39932,0.79199475,644.17664,218.32536,0.61001766,670.8869,232.96362,0.5830671,658.1105,254.31384,0.98135763,671.6355,255.90773,0.98176837,649.64923,287.0889,0.9664992,671.06757,288.57846,0.9622266,648.14526,319.28146,0.9399651,672.80347,320.5099,0.9343146
0.0,0.0,0.23762341,0.0,0.0,0.16257994,0.0,0.0,0.14974117,83.03716,219.79651,0.6181187,90.85327,219.76236,0.5300067,79.11867,230.2984,0.9838823,94.92699,230.35811,0.9826584,74.608574,243.82574,0.8569817,100.53645,243.75806,0.84449315,74.43391,256.20264,0.68000597,100.98433,255.8779,0.6552169,80.90973,255.19295,0.9907182,90.75129,255.21901,0.99040973,81.2446,274.86667,0.9770414,88.59135,274.58612,0.9763583,81.12148,292.95493,0.95882547,87.06551,292.89545,0.9582474
542.0455,181.19759,0.87674063,545.21826,176.78737,0.6345341,537.0017,176.62326,0.92202467,0.0,0.0,0.15241991,524.6461,178.98903,0.86125046,550.1377,204.02464,0.84000605,511.65463,202.83722,0.96678424,0.0,0.0,0.28603557,499.656,226.5065,0.8770152,0.0,0.0,0.27553225,513.3702,221.3578,0.7666975,545.5761,266.07324,0.9244185,518.56647,266.2776,0.9688129,548.5336,319.4979,0.9194193,509.5643,319.7748,0.9660682,551.4678,371.0636,0.8909056,505.79587,372.19202,0.94108397
0.0,0.0,0.28199458,0.0,0.0,0.124635704,0.0,0.0,0.2574848,0.0,0.0,0.32982057,124.24092,219.35017,0.7195048,111.33471,229.80356,0.9553612,126.586494,229.57344,0.9809718,107.558014,242.96277,0.7278285,131.13013,243.0668,0.91715986,106.87412,255.82109,0.5644902,132.65433,256.89502,0.7885767,112.8525,254.2402,0.98249835,122.98549,254.2276,0.9891261,112.546936,272.872,0.9673633,122.04881,272.7383,0.97884524,112.59818,289.9645,0.9507601,120.91574,290.28552,0.96389407
0.0,0.0,0.11389407,0.0,0.0,0.06793527,0.0,0.0,0.10100089,0.0,0.0,0.41278994,336.8691,209.94838,0.5725352,320.97702,221.20206,0.9566347,340.59634,222.07617,0.9650694,314.5746,237.77324,0.7274336,345.26404,238.88585,0.8180474,315.21286,251.03859,0.5036792,345.11536,252.26991,0.5992103,322.87283,253.01724,0.98317313,336.3397,253.30862,0.9851649,322.23163,279.62338,0.9666659,337.7211,279.7905,0.97132134,321.87448,305.07922,0.9356033,337.5106,305.392,0.94274056
0.0,0.0,0.2145014,0.0,0.0,0.10068561,0.0,0.0,0.17097495,0.0,0.0,0.3474879,155.71877,216.70245,0.6346291,140.92352,227.63266,0.948817,159.18689,227.11314,0.9708693,135.48201,241.69508,0.73510754,163.25908,240.53912,0.8790406,136.67007,254.60783,0.5573562,164.58264,252.42429,0.7213465,143.17151,253.82607,0.98023796,155.42798,253.55304,0.9862012,143.68896,274.55167,0.96305346,154.82153,274.26562,0.97300774,141.37068,294.36465,0.9411621,152.03633,294.53064,0.9530442
0.0,0.0,0.12075297,0.0,0.0,0.08151924,0.0,0.0,0.112096846,0.0,0.0,0.0873631,0.0,0.0,0.16232428,0.0,0.0,0.23484182,0.0,0.0,0.38559765,0.0,0.0,0.15639208,0.0,0.0,0.35885808,0.0,0.0,0.173412,0.0,0.0,0.32499838,0.0,0.0,0.36870617,0.0,0.0,0.47288018,0.0,0.0,0.42107242,846.36725,296.72183,0.52043283,0.0,0.0,0.47231632,844.68286,330.235,0.55145
0.0,0.0,0.1094514,0.0,0.0,0.05813717,0.0,0.0,0.10140474,0.0,0.0,0.28732923,266.639,218.36584,0.55703706,250.33257,229.98853,0.9204227,268.27716,230.37178,0.9448418,246.78348,244.55986,0.57895833,273.46423,245.19777,0.7542942,0.0,0.0,0.36472434,276.56625,258.19757,0.50633764,252.87999,258.1061,0.95799035,264.8638,258.54868,0.96588343,254.73976,279.5404,0.90210193,264.5128,279.49503,0.92176956,253.311,297.52414,0.8562906,261.31256,298.18646,0.8797015
0.0,0.0,0.45146304,0.0,0.0,0.47473535,0.0,0.0,0.19816086,713.11017,206.09431,0.6904358,0.0,0.0,0.18859464,716.89874,219.16624,0.9427707,716.69574,219.04,0.8626415,716.54596,236.15767,0.84082216,0.0,0.0,0.47314626,708.52673,244.42151,0.72037137,0.0,0.0,0.39952618,717.3571,253.38504,0.9372142,717.45575,253.10541,0.899485,718.2093,282.7349,0.8985302,718.5567,282.74246,0.828133,721.60754,310.2164,0.8307685,721.1222,309.22882,0.7575171
