0.0,0.0,0.122011274,0.0,0.0,0.097794384,0.0,0.0,0.042049278,277.73282,160.87614,0.5874686,0.0,0.0,0.24807476,266.9654,188.21048,0.9517109,313.80267,183.1926,0.8695051,260.70868,228.82542,0.87583923,310.34845,218.75504,0.6134362,268.07385,221.9509,0.70864886,0.0,0.0,0.46302745,275.69257,254.96672,0.99382836,306.71597,253.69191,0.9891895,280.16852,315.66022,0.99599993,305.09915,316.15707,0.99360186,286.31497,374.79773,0.992469,307.61047,376.65765,0.9901994
608.7242,194.74988,0.9310744,611.62274,192.27068,0.8828887,606.43036,191.988,0.8685664,615.5748,194.90591,0.71542096,602.47174,194.14558,0.6573914,620.4315,212.55962,0.9902367,596.55786,212.15681,0.99172676,625.5861,232.87697,0.94002,592.7827,233.11093,0.937459,619.67163,243.88687,0.90306455,595.3118,246.04448,0.8934118,613.92596,254.9259,0.9903868,598.4836,254.60924,0.9911425,612.30817,286.99902,0.97521234,597.365,286.54822,0.9743533,612.0973,316.8966,0.9388629,598.18335,316.1709,0.93710417
0.0,0.0,0.12564944,0.0,0.0,0.08361515,0.0,0.0,0.08178581,184.40591,211.74356,0.5795917,195.65596,211.88988,0.5732063,177.2307,224.66243,0.9693527,202.27127,224.71999,0.9730891,169.33395,241.65483,0.84858304,209.9988,241.07925,0.8594879,168.08217,257.19162,0.64317477,210.65125,255.12308,0.65246683,180.00089,257.28122,0.9880695,195.8238,257.49677,0.98852205,182.10818,281.44193,0.9768221,193.425,281.9374,0.97521496,183.10078,303.9742,0.9595449,190.13377,304.40906,0.95677006
465.99078,212.91695,0.85562587,468.0112,210.77829,0.76572025,464.2615,210.76752,0.7606612,471.42142,212.08212,0.563823,461.2223,212.11256,0.5462164,477.38565,223.66675,0.977989,456.3759,224.49649,0.98176414,483.7719,235.4794,0.9105148,452.20728,238.34172,0.91696376,475.92438,228.37592,0.8752449,458.80658,233.45338,0.876863,472.88312,257.69553,0.9882367,459.69736,257.87476,0.9891216,471.46872,285.41382,0.9797624,460.66458,285.34976,0.97942185,468.33594,310.88013,0.9611062,461.36533,310.56168,0.96077937
662.997,205.45953,0.90972835,665.70776,203.37283,0.86950576,661.28436,203.1558,0.8075433,669.62836,205.62866,0.7496846,658.335,205.05528,0.54188603,673.3559,219.86118,0.9871493,653.78296,218.90936,0.9834758,677.17426,235.31403,0.93203545,648.8185,231.55846,0.87729657,669.387,234.88716,0.88745314,652.9095,227.26477,0.8224852,666.6786,253.99422,0.98228514,653.564,253.55403,0.9798259,666.7961,281.39496,0.9570556,652.5374,281.0092,0.94588387,668.65063,305.13568,0.9021673,653.1109,304.25317,0.8834844
0.0,0.0,0.23945823,0.0,0.0,0.10703255,0.0,0.0,0.30419618,0.0,0.0,0.056118555,0.0,0.0,0.38973314,0.0,0.0,0.2953349,842.78644,226.36261,0.7153808,0.0,0.0,0.12828942,834.2906,245.44928,0.7298776,0.0,0.0,0.1679053,834.84875,260.4572,0.63870144,0.0,0.0,0.478359,842.90704,262.99844,0.7187316,0.0,0.0,0.47387686,844.39453,296.48798,0.7167386,842.8026,326.6909,0.5219519,840.88007,326.51227,0.70641744
0.0,0.0,0.46719024,0.0,0.0,0.22416341,848.57715,212.82101,0.5040427,0.0,0.0,0.10793282,845.50006,213.04956,0.5617186,848.438,226.43294,0.626103,837.8423,226.40054,0.8824016,0.0,0.0,0.17988542,826.51324,242.01634,0.70472974,0.0,0.0,0.18782166,824.8919,255.36565,0.57645726,843.70966,258.91342,0.79669756,837.45856,259.37885,0.8980352,841.3608,288.31055,0.83173037,837.1319,288.67526,0.9165394,836.8113,317.9869,0.85340625,833.5893,318.91904,0.9143415
0.0,0.0,0.2087718,0.0,0.0,0.09873761,0.0,0.0,0.23435068,0.0,0.0,0.26305822,136.32263,220.56242,0.69593257,125.629265,229.6294,0.94068474,136.6839,229.9757,0.96444696,123.18543,240.90128,0.63796365,140.4404,241.35005,0.8591672,0.0,0.0,0.4540429,144.46602,250.06462,0.6829334,127.37891,251.64903,0.9596156,134.69902,252.037,0.9694157,128.71634,268.44943,0.9098245,135.72981,268.42844,0.9353472,125.910255,282.59625,0.8663541,132.8196,283.2978,0.8961604
344.37906,219.5328,0.7391007,345.05234,217.52644,0.5929432,342.68265,217.51483,0.7114035,0.0,0.0,0.38281912,339.22446,218.57436,0.6479577,345.5345,229.2052,0.95784914,336.4926,229.48235,0.96607244,349.1204,240.6393,0.7531189,337.52472,241.90343,0.8491657,349.29358,241.76424,0.69506615,346.28848,242.74892,0.7855656,344.9389,256.98315,0.96464723,339.36612,257.46103,0.96932286,345.50043,279.38046,0.92493486,341.12775,279.4597,0.93636054,344.336,299.80127,0.8533843,340.71533,300.61758,0.87015045
414.87372,226.7083,0.85638595,416.7558,224.87624,0.84280485,413.79117,224.78075,0.7382135,420.71198,225.78688,0.72423,0.0,0.0,0.40754357,424.3776,235.30687,0.98131245,411.1727,234.91914,0.9716983,425.88135,246.31223,0.9012002,406.99216,245.1051,0.8061217,420.01187,251.08946,0.86066324,407.4861,249.80656,0.77211356,421.31552,258.38623,0.97976136,412.92706,258.03842,0.9753753,419.00357,276.27823,0.95291924,412.1532,275.9017,0.94058436,419.172,293.35324,0.90898114,413.69632,292.8172,0.89180124
0.0,0.0,0.19264013,0.0,0.0,0.12756036,0.0,0.0,0.13686788,0.0,0.0,0.48336622,0.0,0.0,0.47784287,234.59135,227.30063,0.96230763,248.2431,227.2314,0.9644152,231.28719,240.09644,0.75783134,250.42126,239.52222,0.7841525,230.04959,248.26646,0.5372792,249.75128,248.26984,0.5621286,236.90367,251.46686,0.97182167,246.30919,251.43275,0.9730233,237.57423,270.8669,0.9349473,245.87386,270.69928,0.9376213,238.55978,289.0383,0.89926034,245.57184,288.79773,0.9024719
491.5372,225.82886,0.73454213,493.2411,223.75519,0.6961912,490.56238,224.09773,0.51446563,497.7192,224.33586,0.64600194,0.0,0.0,0.30719966,503.2479,233.58167,0.96257067,491.77396,234.91748,0.9321305,507.41187,243.86206,0.87022024,490.1794,244.77423,0.6765782,503.07513,243.0953,0.8013444,490.27286,239.45488,0.6257943,503.25558,260.19733,0.9663526,496.422,260.7373,0.95343566,502.24316,282.10825,0.9504152,497.82462,282.55527,0.9263875,505.82828,301.30457,0.92049825,502.1209,301.02582,0.89369375
