0.0,0.0,0.067537874,0.0,0.0,0.035995595,0.0,0.0,0.042637903,402.11816,188.69786,0.60969204,423.8372,188.70836,0.6683141,392.53455,212.97699,0.98202926,436.5959,213.93639,0.9901972,377.2096,245.83052,0.92271703,450.80066,251.16774,0.95860744,375.86597,271.00723,0.7536923,455.4587,285.02985,0.8224729,402.80957,275.80014,0.9959573,429.27557,275.97675,0.99694735,412.05826,328.0107,0.98757035,424.10474,327.70984,0.98910844,420.01514,377.63196,0.9578917,418.02487,377.24738,0.961533
0.0,0.0,0.06850187,0.0,0.0,0.083794646,0.0,0.0,0.018950136,692.98285,204.21046,0.7871428,0.0,0.0,0.20830016,689.2754,227.95259,0.97837126,716.82495,227.58487,0.95167416,678.0267,256.55307,0.939027,725.5156,257.97647,0.73273915,673.88385,276.90067,0.79317015,731.264,279.6828,0.5010868,692.6519,284.8689,0.9934,709.40283,284.70074,0.98954064,695.6216,324.85864,0.98583466,707.6672,325.55353,0.9733801,702.13293,364.24973,0.9671135,707.1412,363.73724,0.9475334
804.70483,210.15009,0.9210472,807.7704,207.05347,0.91493267,802.0453,207.20035,0.7736688,813.8131,208.28307,0.8437973,0.0,0.0,0.3946972,823.0507,225.13417,0.99203366,795.56476,226.21829,0.9826565,829.97296,246.62701,0.96644896,793.95325,248.00928,0.8294231,811.6902,252.0955,0.94005626,802.7644,253.38254,0.78801477,819.72394,271.3909,0.9905115,802.14453,271.5909,0.9850441,818.6286,308.62442,0.9759094,805.8062,308.58142,0.9558894,815.42236,343.93924,0.9388017,812.08344,343.26163,0.9064673
0.0,0.0,0.093864456,0.0,0.0,0.073778786,0.0,0.0,0.03739819,490.8398,174.06645,0.7426457,0.0,0.0,0.4662481,482.81433,202.92967,0.9707709,522.94763,204.00609,0.9643998,472.3766,243.2641,0.83703655,527.41907,241.36382,0.72794574,468.25247,275.05798,0.56782144,0.0,0.0,0.42467144,486.5063,274.3391,0.9908019,513.6597,274.58594,0.98940337,482.42764,328.89224,0.9848876,511.01987,329.43808,0.97928774,478.95312,382.28207,0.96507525,506.27255,382.7743,0.95617497
0.0,0.0,0.23246989,0.0,0.0,0.17480426,0.0,0.0,0.08931367,613.2827,180.19078,0.60114294,0.0,0.0,0.25818887,605.3539,204.70308,0.9392753,639.8194,204.5277,0.8717468,591.96075,237.8228,0.861961,646.455,238.30887,0.67223865,600.65936,265.108,0.7385533,648.64246,264.8564,0.5467484,608.42584,264.29987,0.9789215,629.9314,264.16003,0.9683078,611.0113,314.80627,0.9730047,624.9053,316.41116,0.9617731,612.05096,360.2934,0.94242775,620.7856,363.84723,0.92970484
0.0,0.0,0.11730555,0.0,0.0,0.06362458,0.0,0.0,0.114156716,0.0,0.0,0.32303482,296.23868,235.48476,0.5704725,282.4994,244.77095,0.9497814,299.1318,245.3847,0.9639214,276.87112,259.1475,0.6943805,302.4193,259.58148,0.8333359,0.0,0.0,0.46743006,302.11145,270.705,0.6155992,284.27835,271.42053,0.9772241,295.32394,271.5745,0.9811834,284.53268,294.26132,0.94962925,294.21243,294.2578,0.9595037,283.46353,315.57425,0.92465246,291.75775,315.86438,0.93635416
0.0,0.0,0.17652608,0.0,0.0,0.1396744,0.0,0.0,0.09761488,0.0,0.0,0.40044665,0.0,0.0,0.26519606,574.0128,242.56784,0.8877749,588.8868,242.53575,0.8743153,568.9,259.51425,0.6870531,584.77563,260.4059,0.6003239,569.86957,271.0599,0.5274166,0.0,0.0,0.45183155,579.80927,277.61203,0.9518464,589.5151,277.83356,0.9499256,584.6203,306.7987,0.93697387,589.8394,306.85294,0.9291209,587.8745,335.83002,0.91796654,589.853,335.62903,0.91106606
0.0,0.0,0.1863405,0.0,0.0,0.14661309,0.0,0.0,0.10128432,0.0,0.0,0.44879928,0.0,0.0,0.29163358,654.7607,245.3128,0.88154966,669.54974,245.82204,0.851742,649.5364,263.35434,0.64478767,675.91833,265.12485,0.5240375,0.0,0.0,0.4789257,0.0,0.0,0.38181642,658.6073,280.32288,0.9193794,667.72766,280.8476,0.911609,661.65137,306.79556,0.8985615,668.76465,307.40073,0.88367367,667.8712,333.13348,0.87252617,671.9013,333.4886,0.8591092
0.0,0.0,0.1665794,0.0,0.0,0.110755146,0.0,0.0,0.11744735,0.0,0.0,0.18474984,0.0,0.0,0.184636,453.1128,223.75066,0.69792145,456.3742,223.55103,0.67781085,0.0,0.0,0.36827403,0.0,0.0,0.36346015,0.0,0.0,0.24886057,0.0,0.0,0.24877974,452.76715,268.08292,0.85163224,455.33694,267.95908,0.8494836,454.10596,303.21277,0.81520045,455.31165,302.95395,0.8126702,455.81396,336.1604,0.7837473,455.28116,336.4104,0.78153473
0.0,0.0,0.11719885,0.0,0.0,0.06250184,0.0,0.0,0.115918756,0.0,0.0,0.30634862,264.70227,237.28485,0.5662148,250.82744,247.09927,0.947582,266.96356,247.79314,0.96308464,245.08478,260.39822,0.7036692,269.34763,260.86942,0.845439,0.0,0.0,0.4795097,268.7019,271.8277,0.63531077,251.68623,272.90488,0.9745175,262.51395,273.07556,0.97910756,252.71297,292.95273,0.9363788,261.7131,293.0218,0.9492798,251.65778,310.1572,0.899919,259.1574,310.52615,0.9156978
