0.0,0.0,0.24670663,0.0,0.0,0.062514104,0.0,0.0,0.42835414,0.0,0.0,0.11302051,23.254469,129.62091,0.8459834,0.0,0.0,0.38952523,30.342535,167.28923,0.87024796,0.0,0.0,0.0699497,42.740875,224.88696,0.66269624,0.0,0.0,0.058882665,0.0,0.0,0.43062422,0.0,271.5152,0.52164245,27.144243,272.00238,0.77710843,10.426802,343.07907,0.612281,35.680714,341.28964,0.83716506,9.581877,424.4895,0.5653726,34.01664,424.6032,0.73206997
0.0,0.0,0.13323824,0.0,0.0,0.037650596,0.0,0.0,0.05731234,0.0,0.0,0.29563975,350.5191,186.47278,0.5089823,310.1837,212.4138,0.9653296,361.12216,210.87253,0.97194505,302.54767,250.03566,0.93725735,380.59717,220.76988,0.9495348,297.30667,283.13037,0.87238336,366.42142,199.8183,0.9004346,316.54477,279.43854,0.99576974,349.24313,281.01038,0.9960079,318.2636,323.1327,0.99068284,342.33365,334.1124,0.99172664,319.74353,363.38467,0.9644141,337.6184,377.47617,0.9670826
0.0,0.0,0.17909868,0.0,0.0,0.10353934,0.0,0.0,0.08859312,587.7728,196.0761,0.62412417,604.5986,196.7773,0.5930022,577.8271,215.81207,0.9823214,612.63605,216.40166,0.9779733,570.42596,243.71687,0.8756383,619.4617,245.23254,0.80780345,571.4252,267.9316,0.65579087,615.7688,267.64902,0.55456966,579.732,268.97678,0.9918474,602.83844,269.09393,0.990967,579.66656,308.45416,0.98047924,602.001,308.8358,0.9764266,580.0854,347.22992,0.95811266,600.4106,348.28552,0.95213866
0.0,0.0,0.11734539,0.0,0.0,0.086888716,0.0,0.0,0.054237243,154.17368,205.47559,0.6256911,0.0,0.0,0.4193306,146.30843,221.14896,0.9596776,173.60143,221.59834,0.9423919,137.19345,240.91881,0.78117394,174.6514,241.78847,0.61955,142.70367,250.80586,0.5151625,0.0,0.0,0.36080244,150.64943,264.37857,0.9814548,169.28726,264.8279,0.9761195,144.75323,299.83408,0.9688201,166.33493,300.64304,0.9541936,142.40489,334.38904,0.94552267,164.38332,334.722,0.92754537
0.0,0.0,0.098910816,0.0,0.0,0.060759258,0.0,0.0,0.04450915,381.04803,198.11623,0.53833234,0.0,0.0,0.46416765,376.02765,214.5388,0.9524538,411.92117,212.3892,0.9388158,370.62634,238.31651,0.7811836,425.67133,239.98502,0.69028306,373.83072,242.67105,0.5258005,0.0,0.0,0.4446443,384.9728,265.82114,0.9858272,409.6932,264.4895,0.9842642,386.7892,308.2053,0.9847423,416.59335,306.77255,0.98207676,386.00894,355.78622,0.9738662,419.07007,353.40097,0.97069067
0.0,0.0,0.10569205,0.0,0.0,0.0529175,0.0,0.0,0.078625284,0.0,0.0,0.37597296,700.76965,202.60309,0.58870316,681.26184,218.20857,0.9585593,705.67505,218.34808,0.9749186,673.89355,236.35207,0.8006702,710.3211,239.06013,0.89242923,675.21185,250.40898,0.5848515,711.1102,256.137,0.7066984,686.2037,255.78117,0.98842454,701.78467,255.97212,0.99126655,689.169,282.87393,0.97573006,698.8896,283.06635,0.980123,692.7385,308.96616,0.9564356,697.54297,309.414,0.9619644
490.02612,197.2919,0.9155626,492.97644,194.44592,0.88204205,487.68777,194.5839,0.8093865,498.72412,196.28098,0.73857933,0.0,0.0,0.48296148,506.12476,212.71397,0.9855515,482.26083,214.44029,0.9830549,509.0462,228.25755,0.94129235,476.81274,232.87576,0.8918589,494.81195,218.22707,0.91455615,482.05588,228.68005,0.85699046,502.63525,255.98668,0.9910903,487.53177,256.40173,0.9898476,503.4011,292.0345,0.9872623,490.83258,291.9202,0.98311836,501.88272,325.6193,0.97287357,493.8074,324.72147,0.9666922
460.00192,199.23784,0.8180991,461.65878,196.18185,0.6691462,456.92392,196.60445,0.75548327,0.0,0.0,0.42251083,451.1933,197.79355,0.62045586,468.72064,212.39711,0.9476536,445.79056,213.40805,0.96952885,470.79413,232.33273,0.67433405,439.76456,234.12204,0.8150963,466.1651,251.4006,0.57816875,440.5886,252.88347,0.7006269,464.65616,252.2553,0.95464575,450.40314,252.68999,0.9650927,463.67487,282.2832,0.9169875,451.401,282.3466,0.9325308,459.89124,311.58865,0.8762797,452.54172,311.59937,0.8945005
541.863,205.27412,0.8443773,543.9515,202.77737,0.747798,540.5642,202.96364,0.7497539,548.50635,204.18016,0.5797961,540.97107,204.45691,0.6023563,553.2682,219.0517,0.96734726,538.4232,219.3229,0.97840244,555.21625,237.37334,0.7836983,530.8541,237.8857,0.8625552,550.31934,249.54283,0.68981916,528.9064,251.48364,0.7692918,551.0324,257.58792,0.96643025,541.6532,257.543,0.97358966,550.33484,287.39056,0.93314564,539.45636,287.20004,0.94347036,551.86456,315.7167,0.88131684,539.7234,314.9743,0.89439297
0.0,0.0,0.37651426,0.0,0.0,0.39170563,0.0,0.0,0.14940813,641.92914,214.04329,0.6654025,0.0,0.0,0.17316514,643.0299,228.305,0.94528526,648.1447,227.9365,0.8617655,638.8905,245.61368,0.84822106,0.0,0.0,0.4661703,631.20087,253.77773,0.7298621,0.0,0.0,0.40064916,642.20575,263.5622,0.9725926,646.0927,263.08295,0.9535777,639.5239,292.43872,0.9756894,644.24994,292.32355,0.9534871,641.25446,321.57022,0.9688447,645.81604,320.62808,0.94934154
0.0,0.0,0.17334439,0.0,0.0,0.19263811,0.0,0.0,0.049975093,209.6474,215.44792,0.7451271,0.0,0.0,0.21245816,209.36653,229.667,0.96081483,230.3778,227.89865,0.88867146,204.75934,249.65506,0.8692513,0.0,0.0,0.46658927,203.35396,256.8435,0.6667013,0.0,0.0,0.30764115,221.3653,266.5461,0.95634776,236.25415,265.8943,0.92519134,221.46185,291.80618,0.8983675,239.59718,291.40192,0.8179152,223.70886,319.21118,0.80750734,243.63614,317.0608,0.7197996
0.0,0.0,0.28740662,0.0,0.0,0.23616166,0.0,0.0,0.14871392,0.0,0.0,0.40343875,0.0,0.0,0.197314,767.1503,232.4309,0.88580745,768.4623,232.45244,0.8327249,765.7532,242.7439,0.7129527,765.16986,242.14845,0.5364524,759.8433,249.13857,0.6080332,0.0,0.0,0.4707953,767.6604,256.19708,0.95451957,769.65967,255.9743,0.9443181,763.56256,275.86105,0.9584812,769.00525,275.59207,0.9455013,764.8505,295.2089,0.95452213,773.1221,294.44403,0.9440268
