306.70837,178.91655,0.963255,310.30212,175.25017,0.9139058,303.0805,175.20729,0.9366189,315.71545,178.5935,0.6427106,297.16534,178.04697,0.7638143,321.2479,203.14539,0.99183017,288.91306,203.73343,0.9958263,331.0027,232.04489,0.943996,280.75934,235.04372,0.97357947,339.56436,260.94354,0.91678137,285.7453,266.17038,0.94896483,317.5836,263.14215,0.99461174,297.47662,263.89035,0.99632794,314.13177,307.66006,0.98519117,298.42065,308.34473,0.9883577,312.90024,349.82983,0.95798707,300.7949,350.65958,0.9642073
589.0509,54.30664,0.58612776,591.19824,40.997677,0.5229106,0.0,0.0,0.11436195,609.8754,40.67625,0.9561318,0.0,0.0,0.4860031,601.34814,104.445496,0.99555874,694.39886,110.68063,0.98754835,527.8461,195.21335,0.977473,722.81836,225.99008,0.9137262,473.17914,239.37567,0.8962989,717.7032,305.79254,0.7788433,621.33386,296.21738,0.9915741,670.25775,298.12894,0.98827213,630.9307,435.46747,0.8067647,653.5338,441.93744,0.77978265,0.0,0.0,0.18271205,0.0,0.0,0.17641012
0.0,0.0,0.08467052,0.0,0.0,0.055398446,0.0,0.0,0.046937212,118.87036,197.80069,0.5393624,0.0,0.0,0.46050987,112.798,215.4918,0.96894395,140.91931,215.40143,0.9694418,103.224525,238.98442,0.85471654,147.20197,239.99545,0.8288296,99.77462,253.90237,0.6305115,147.0073,256.47607,0.58714545,118.19017,260.24997,0.99122006,136.24295,260.2323,0.99098855,119.41455,294.3755,0.9810271,134.35692,294.50635,0.9780005,121.843094,326.78268,0.9629709,130.93906,326.67615,0.9583452
0.0,0.0,0.30611962,0.0,0.0,0.11006609,0.0,0.0,0.29486266,0.0,0.0,0.4364394,89.4973,199.76233,0.86470556,66.59258,216.43155,0.97604215,93.646736,216.81468,0.98899955,60.007393,239.63457,0.72194487,100.366844,238.43874,0.9029817,0.0,0.0,0.47377324,98.92411,254.62662,0.6878994,69.32262,260.64673,0.9864536,87.581894,260.9083,0.9907849,68.46455,292.3842,0.9699478,85.748405,292.5025,0.9780122,70.18186,322.61295,0.9447337,86.283134,323.8532,0.9549827
0.0,0.0,0.15891714,0.0,0.0,0.13384211,0.0,0.0,0.06395006,179.40219,196.83867,0.69580275,0.0,0.0,0.40145472,175.029,214.23453,0.9759769,201.38089,213.96574,0.9657805,166.52777,236.12608,0.90093464,208.34618,237.71396,0.8096901,165.24248,254.08246,0.737456,209.1692,256.23187,0.6162475,178.95544,257.74606,0.9914022,196.20802,257.35898,0.989933,177.77602,291.67645,0.98604256,193.36792,291.66443,0.98177296,176.42996,323.9785,0.9741483,190.96703,323.43762,0.9686801
0.0,0.0,0.05585859,0.0,0.0,0.021354383,0.0,0.0,0.052890822,0.0,0.0,0.048606854,0.0,0.0,0.2280755,0.0,0.0,0.36726412,837.8143,184.88104,0.52651286,0.0,0.0,0.21356392,0.0,0.0,0.44310442,0.0,0.0,0.17617355,0.0,0.0,0.3138703,834.2425,261.58456,0.7080547,841.2936,262.83,0.7750132,836.34937,316.3069,0.696064,841.97314,317.15112,0.75997144,824.24036,366.48788,0.60082704,831.77277,368.4343,0.66266316
0.0,0.0,0.1186752,0.0,0.0,0.12021202,0.0,0.0,0.028817838,459.1574,184.39288,0.6982539,0.0,0.0,0.1758721,452.4583,202.86446,0.97149074,481.86465,203.15794,0.90806603,438.02875,228.65723,0.9123443,484.1637,230.39632,0.5172118,439.5336,249.66461,0.7515383,0.0,0.0,0.3514605,457.096,259.84283,0.99085313,476.1429,260.03052,0.98277086,462.25095,303.65338,0.98548293,478.6423,304.40158,0.9698083,467.49463,347.88943,0.9690002,481.1115,347.94803,0.9479489
377.58154,189.81271,0.9360097,381.58142,186.61264,0.86769706,374.58075,186.17383,0.9041096,387.83548,190.1562,0.5619737,369.7292,188.98642,0.71845037,393.76712,211.47586,0.9831951,360.5104,211.3587,0.9925447,401.66104,231.99805,0.89294714,345.42633,236.13495,0.9568978,399.60016,240.35338,0.8596328,344.03354,255.31789,0.92105883,385.2507,263.945,0.9916924,364.8124,263.5157,0.9943979,380.9388,304.2117,0.98255414,365.49158,303.49194,0.9865802,372.54102,342.9407,0.95987517,364.0098,342.03793,0.9673167
0.0,0.0,0.0628524,0.0,0.0,0.030404132,0.0,0.0,0.04843029,0.0,0.0,0.33040643,752.56635,169.4979,0.6222324,729.4942,194.95186,0.87427545,763.63666,191.47383,0.9303462,0.0,0.0,0.4866357,776.4764,219.3498,0.7592916,0.0,0.0,0.23086299,0.0,0.0,0.43347216,738.15326,255.45819,0.9057794,760.5979,254.08302,0.9355596,740.3696,304.19806,0.6894369,756.71094,303.1944,0.7720136,0.0,0.0,0.45928922,753.94476,343.9039,0.53910196
406.48093,208.37619,0.63623506,407.97217,205.78209,0.5261515,404.5023,205.86072,0.5829959,0.0,0.0,0.32105133,0.0,0.0,0.43358147,415.4394,219.82832,0.93313515,397.2467,220.75674,0.9339348,422.82446,235.83377,0.72860914,398.28644,238.11154,0.77163047,421.8734,244.83829,0.66949105,407.23047,246.05241,0.70633554,412.91797,255.88582,0.967694,401.38617,256.37112,0.96866065,412.65524,283.84326,0.9504519,402.1749,283.9971,0.95335644,410.26718,310.02292,0.90985596,402.06805,310.7848,0.9145431
