0.0,0.0,0.09314155,0.0,0.0,0.0441626,0.0,0.0,0.06439887,245.6514,200.9694,0.6755008,264.2232,201.12798,0.8108707,232.26147,223.27307,0.98961395,274.13748,223.32094,0.99399334,218.41518,254.25694,0.9162272,288.85135,252.33908,0.9523607,216.45363,275.67908,0.7070129,290.569,269.44315,0.77418685,240.32388,282.37473,0.99613994,267.5938,282.92358,0.99704105,242.76953,326.91263,0.98363644,273.08655,327.66092,0.9854548,244.46678,369.51672,0.9505928,273.01364,370.7775,0.95425004
0.0,0.0,0.30805868,0.0,0.0,0.0662236,0.0,0.0,0.3069504,0.0,0.0,0.3173182,88.15332,154.34312,0.88077706,41.767452,189.14996,0.9511622,94.94239,189.88931,0.98876333,32.44017,240.4059,0.7253922,108.33999,236.78,0.95578873,49.93611,274.08243,0.5599488,118.404465,271.2703,0.8595885,55.485065,282.65842,0.9919653,91.464195,282.8947,0.9960601,63.037926,346.8153,0.9909793,96.65703,343.1698,0.9956542,55.15324,407.60583,0.9798095,87.91696,402.40033,0.98737025
0.0,0.0,0.09376885,0.0,0.0,0.044327267,0.0,0.0,0.063766144,528.2479,191.62718,0.529566,547.5735,192.08899,0.7297597,515.37085,214.42531,0.9743732,555.81854,215.0251,0.98279613,501.84717,243.36351,0.83122885,563.7942,242.80348,0.89643025,506.2862,262.41522,0.57131684,560.957,257.56314,0.66342986,522.4997,271.40097,0.99343634,549.3808,271.8998,0.99475116,521.2693,313.92657,0.98823124,547.66455,314.49753,0.9895983,518.9223,355.4219,0.9758646,544.8539,356.6322,0.97794354
0.0,0.0,0.13097575,0.0,0.0,0.06623532,0.0,0.0,0.086799845,0.0,0.0,0.40227702,689.3312,199.71988,0.5737326,669.45105,215.5891,0.95699495,695.80865,214.5189,0.97089607,665.2557,237.14134,0.78100795,701.98737,235.62032,0.86626625,667.79535,255.19604,0.55640864,702.2913,253.09392,0.66148484,676.03107,255.73273,0.98428357,693.445,255.39284,0.9878628,678.56305,288.84436,0.9611224,693.42633,288.47632,0.96820843,682.22253,320.23447,0.9252531,694.98047,319.97116,0.93523824
0.0,0.0,0.053984348,0.0,0.0,0.025387693,0.0,0.0,0.04482152,0.0,0.0,0.3449801,338.06702,193.1067,0.63278663,311.33536,218.34636,0.9268908,346.70398,217.73584,0.94979817,300.86743,247.89023,0.66449946,357.41403,249.91582,0.79279447,0.0,0.0,0.376517,0.0,0.0,0.49901822,322.43213,273.81085,0.97896475,344.2653,273.86212,0.9828646,333.00574,315.9341,0.9695933,342.75272,315.90958,0.9738931,338.5298,361.78085,0.94465476,337.13513,361.79196,0.94977903
0.0,0.0,0.17444451,0.0,0.0,0.16326573,0.0,0.0,0.07451871,643.512,214.7367,0.68832093,0.0,0.0,0.36060297,639.2016,231.57558,0.9606181,662.95294,231.19182,0.93587106,633.1115,250.76074,0.84275466,669.39996,252.37196,0.6717513,631.47064,264.46774,0.63951236,0.0,0.0,0.46736223,642.94037,270.5582,0.98157686,657.9621,270.314,0.97593737,642.89545,301.1973,0.97542894,653.4051,301.40372,0.9643279,646.6773,331.9001,0.96466345,652.8339,331.3247,0.95323837
0.0,0.0,0.12127389,0.0,0.0,0.07010376,0.0,0.0,0.075823285,0.0,0.0,0.43769845,0.0,0.0,0.46020988,148.40767,221.1946,0.9198093,171.0954,222.39044,0.91282123,139.4955,242.92534,0.6103397,170.0568,243.10498,0.56034744,0.0,0.0,0.3656995,0.0,0.0,0.31955025,151.77414,263.90976,0.96165293,167.16307,264.8906,0.9573558,145.75351,297.6117,0.9446985,164.31898,298.79367,0.9323452,144.20934,330.54498,0.9183153,162.2627,331.95605,0.90474164
441.39404,215.44138,0.692423,443.1114,212.70862,0.56997645,439.80887,212.71881,0.5716199,0.0,0.0,0.44542164,0.0,0.0,0.44812208,445.90732,227.59131,0.9071736,436.52316,227.98032,0.9168751,447.6906,244.56635,0.67641264,434.41446,245.98604,0.694488,445.78497,250.66486,0.60503316,434.78873,254.53731,0.61039317,445.56818,265.0785,0.9311079,440.129,265.51004,0.93425363,445.3842,295.54803,0.9219667,442.18796,295.73294,0.9207218,448.66364,323.39404,0.9076602,445.3989,323.1752,0.9066214
202.75159,201.46587,0.6117223,0.0,0.0,0.47710842,0.0,0.0,0.46318218,0.0,0.0,0.40912703,0.0,0.0,0.36969593,207.45447,217.63138,0.9369625,186.48189,217.63586,0.9117182,206.89897,239.07497,0.75644344,181.82112,240.21654,0.61347634,203.07672,249.70891,0.65824205,194.93681,250.31056,0.5234301,200.30338,260.3489,0.96409005,186.9263,260.56686,0.95498997,197.76266,294.50488,0.9499845,188.07478,294.9985,0.93435246,191.71623,326.137,0.91636825,186.83403,326.76425,0.89889985
0.0,0.0,0.20758274,0.0,0.0,0.11491084,0.0,0.0,0.15915884,0.0,0.0,0.33335024,0.0,0.0,0.49675226,498.8531,203.3085,0.8714497,514.3296,204.8888,0.9014658,0.0,0.0,0.46917397,510.91125,229.2695,0.5987513,0.0,0.0,0.2784456,0.0,0.0,0.35761976,499.76425,254.3654,0.9080681,509.37845,255.15367,0.91988,501.40295,294.6316,0.8099306,506.65387,295.34564,0.8285112,504.77744,330.79028,0.7190538,504.53897,332.05142,0.73910105
