0.0,0.0,0.21129446,0.0,0.0,0.17136307,0.0,0.0,0.07220474,297.90317,204.48271,0.7609659,0.0,0.0,0.44110933,294.4254,221.85793,0.98576075,327.17477,219.00224,0.9804479,286.53723,248.72469,0.9347618,339.38965,245.02734,0.8655887,282.5002,267.0189,0.80556977,334.7018,263.26157,0.6953066,301.7998,269.3584,0.99470794,322.84708,267.5346,0.9940386,299.34897,312.1405,0.99017346,316.73694,310.61298,0.98741454,298.25613,352.9601,0.9744476,311.99567,350.60782,0.9697621
0.0,0.0,0.12318299,0.0,0.0,0.051507518,0.0,0.0,0.10079726,0.0,0.0,0.3082883,527.84546,200.40663,0.64539564,506.48853,219.9561,0.94065213,532.96643,219.75708,0.95883626,502.22467,243.85565,0.69182193,538.7766,243.732,0.81264246,0.0,0.0,0.45378917,534.20105,260.13876,0.5745533,509.5316,269.57266,0.9821247,526.62256,269.3863,0.98531866,510.72528,307.18124,0.9710768,519.4929,307.02698,0.9750245,515.6047,344.92783,0.9471768,518.42896,345.6458,0.9518099
0.0,0.0,0.2148769,0.0,0.0,0.08033583,0.0,0.0,0.21657898,0.0,0.0,0.31265846,391.2699,198.58435,0.77669686,371.305,217.26663,0.92962587,395.63577,217.6466,0.97087336,359.94806,240.7077,0.5874751,403.28552,241.62538,0.8641991,0.0,0.0,0.3889689,407.1523,255.61426,0.65211296,377.52994,266.61465,0.97378504,392.5922,266.9716,0.98348606,378.9733,306.72552,0.963324,389.0514,306.81427,0.97533065,378.3471,347.1276,0.9398596,382.0094,347.9018,0.95456856
795.4615,198.11006,0.60787535,799.371,194.16422,0.58765507,0.0,0.0,0.34414214,808.54,198.61002,0.5147225,0.0,0.0,0.1440117,822.62665,227.6363,0.9416685,785.2367,226.33054,0.88222665,835.73145,259.4055,0.89357114,774.57446,257.44763,0.675211,830.2662,257.81152,0.8401915,781.5436,255.62825,0.6398852,813.2136,301.58426,0.98189193,790.70435,300.74878,0.97247803,810.63617,350.6261,0.9714309,799.95764,349.87177,0.95288014,805.15625,392.99292,0.9221196,804.87164,390.65277,0.8897404
0.0,0.0,0.15573928,0.0,0.0,0.06908647,0.0,0.0,0.18244591,0.0,0.0,0.2533959,463.9929,232.8383,0.6893759,444.47507,247.18579,0.9388366,466.53406,247.91608,0.96383935,438.8724,265.946,0.57691246,472.60852,266.29865,0.83069557,0.0,0.0,0.3927488,474.17575,279.36914,0.6295675,448.22855,283.34882,0.97898203,461.73648,283.86014,0.9841074,451.36743,311.65802,0.9616153,461.87506,311.62964,0.97305346,450.44974,337.46756,0.940759,457.7809,338.3455,0.9549653
0.0,0.0,0.15796085,0.0,0.0,0.11697036,0.0,0.0,0.093444526,0.0,0.0,0.48266697,0.0,0.0,0.37976336,608.4612,243.35358,0.93074024,624.77423,243.8489,0.9121209,603.50525,258.9326,0.7488247,628.5864,258.90448,0.6480097,601.5563,271.37582,0.55221677,0.0,0.0,0.46003512,610.4278,273.3262,0.97009283,620.9363,273.80276,0.9647243,612.23627,297.79053,0.96014386,620.05804,298.5546,0.949309,612.9328,320.231,0.9451825,617.77795,320.8739,0.93389
0.0,0.0,0.18690029,0.0,0.0,0.13975394,0.0,0.0,0.09803288,571.8698,219.45596,0.5221982,0.0,0.0,0.37114614,567.9289,237.05984,0.92868406,588.54834,237.71227,0.9132277,562.72455,260.48325,0.75200605,597.39075,261.23636,0.6641193,559.9717,279.9,0.56479806,0.0,0.0,0.48067656,571.3223,280.35736,0.95937973,584.9847,280.69965,0.9556515,571.25574,309.21323,0.9411869,584.7278,309.69992,0.9315164,574.3716,337.27585,0.9173541,586.2984,337.65387,0.9078353
0.0,0.0,0.3120808,0.0,0.0,0.16313905,0.0,0.0,0.2161852,0.0,0.0,0.23387234,0.0,0.0,0.40540656,724.645,210.04018,0.87566197,725.47217,209.5715,0.9171146,721.8721,244.91837,0.6304424,717.77277,244.45326,0.77536863,722.01514,269.7943,0.50411177,718.22833,270.7132,0.6306652,729.67365,279.71057,0.9679125,731.19824,279.8836,0.9749801,731.6458,329.7442,0.95905066,733.7947,329.4983,0.966954,733.83356,375.37317,0.92003655,736.16656,374.6749,0.932159
0.0,0.0,0.24088383,0.0,0.0,0.17098162,0.0,0.0,0.17979525,0.0,0.0,0.44994658,0.0,0.0,0.4930183,210.95396,249.24902,0.95855874,225.86482,248.96178,0.96065396,205.18288,261.92294,0.75840753,231.104,262.0095,0.77224004,206.14102,273.46503,0.5952313,230.43925,273.31863,0.60238117,213.57387,273.0545,0.9800362,222.3437,273.00455,0.98072654,213.6927,292.4542,0.9645493,220.45854,292.34042,0.9654389,213.21576,311.12445,0.9465266,218.62337,311.3853,0.9482234
71.71479,244.7185,0.72497016,72.78893,242.67024,0.6039432,69.802734,242.72623,0.69360185,0.0,0.0,0.39326072,66.309845,243.50339,0.58619404,74.51407,253.91914,0.9553098,62.08274,254.04578,0.96295154,77.34992,266.6984,0.7542561,55.493496,266.71936,0.83926976,77.11474,275.13483,0.6794922,54.627026,276.07254,0.76303357,70.578255,281.60098,0.9623605,63.87981,281.69516,0.9661705,68.869804,304.10764,0.91335714,63.700428,303.95828,0.92373127,65.68592,324.34674,0.8392792,61.615963,324.49365,0.8539032
0.0,0.0,0.29170462,0.0,0.0,0.26091462,0.0,0.0,0.16326576,575.7878,221.20236,0.6908327,0.0,0.0,0.39256454,572.3285,237.94221,0.97038114,589.0395,237.73766,0.9587366,566.02454,259.2921,0.8024768,592.1992,259.3685,0.65226865,566.5838,278.31076,0.5731002,0.0,0.0,0.41926003,574.25,276.21066,0.9623048,585.0662,276.0512,0.9553703,572.00616,299.08673,0.8594196,583.9788,299.2681,0.8296325,572.6134,317.18118,0.71521527,583.51697,316.89197,0.6790776
0.0,0.0,0.17520076,0.0,0.0,0.14079233,0.0,0.0,0.09305108,232.88551,239.13336,0.5672013,0.0,0.0,0.3287763,232.23488,248.53087,0.9598042,246.298,247.6004,0.9473604,231.39745,261.17538,0.8035985,252.55383,259.9396,0.70519507,231.01488,270.5648,0.6124629,252.28932,268.99362,0.50939435,236.7079,272.36014,0.97517586,245.8699,271.95245,0.97210026,235.21317,291.97073,0.9463804,243.58768,291.4534,0.9380415,235.85542,309.96265,0.9053403,242.43182,309.10217,0.89528936
418.40378,176.81137,0.6528108,0.0,0.0,0.34605768,416.04385,173.5938,0.68473274,0.0,0.0,0.17797418,408.42557,175.06253,0.72811186,413.63846,195.85928,0.8333099,403.50906,194.83278,0.9284938,0.0,0.0,0.26863912,406.82663,219.3777,0.67085034,0.0,0.0,0.20692278,0.0,0.0,0.48284388,414.64563,246.10449,0.84785366,408.1653,246.2615,0.9046862,417.77325,285.9058,0.75592554,410.97888,285.75208,0.8458144,420.80597,326.59576,0.72687745,411.94794,326.76346,0.8018491
