0.0,0.0,0.34744528,0.0,0.0,0.24768314,0.0,0.0,0.09757532,434.60165,73.340256,0.8569351,0.0,0.0,0.34116587,423.89188,125.883385,0.9712829,491.9709,119.19836,0.9485886,389.66144,208.6016,0.8672573,498.8394,191.76427,0.79544944,405.7557,247.76501,0.6847525,495.69647,214.16011,0.58893055,438.86172,265.44324,0.9694239,481.09232,260.947,0.96520454,426.25073,399.20255,0.8465716,464.262,395.69925,0.838854,0.0,0.0,0.3488784,0.0,0.0,0.3509733
598.11383,116.61645,0.97372264,601.61597,111.55649,0.84391356,590.65216,110.68743,0.96920884,0.0,0.0,0.36497262,573.7136,115.849495,0.93126345,612.07623,160.9452,0.98082525,554.66235,157.74153,0.9965503,617.4301,212.69487,0.85871595,549.65125,211.33617,0.9864976,601.05475,206.96645,0.8174872,599.925,205.5375,0.97192985,613.91833,260.00336,0.99396545,575.8341,261.66724,0.9975339,616.8734,337.7501,0.9831275,585.0876,345.5499,0.9936668,592.56616,407.85776,0.93438345,572.66425,420.4366,0.9639118
0.0,0.0,0.09000565,0.0,0.0,0.07571404,0.0,0.0,0.035161275,211.99918,200.13322,0.7036959,0.0,0.0,0.36747512,207.26149,217.48875,0.9692713,237.55296,216.64355,0.95824206,199.31165,243.84477,0.901559,245.2077,240.57591,0.8080998,195.38098,267.2712,0.7355565,243.59503,263.0707,0.5947939,211.57492,262.69174,0.9902845,232.1546,262.1731,0.98798555,206.0083,295.0649,0.98145294,232.4962,294.76602,0.97319025,202.73698,327.1126,0.9633367,231.92186,325.96454,0.95201665
663.7435,201.32715,0.85900575,666.6578,198.87166,0.7904337,662.2477,198.75153,0.7390831,672.39056,200.72217,0.62041247,0.0,0.0,0.4703975,676.6911,215.41037,0.97567534,654.11755,213.85074,0.9800996,673.25256,230.03316,0.90117913,637.73505,224.24979,0.9084911,660.4583,221.488,0.85717756,640.0118,215.37643,0.8659186,671.482,255.18227,0.98929334,656.0692,254.30258,0.99039674,670.4246,288.13434,0.98543525,650.1479,287.1516,0.9847163,673.31854,320.43066,0.97374207,649.52954,318.62003,0.9721601
0.0,0.0,0.15447882,0.0,0.0,0.1916336,0.0,0.0,0.043156143,750.6998,194.15382,0.85233885,0.0,0.0,0.26866636,746.5192,214.99586,0.9852819,773.7728,214.70749,0.9558699,736.21136,241.40244,0.9482609,778.3285,242.89075,0.676462,728.2846,254.19225,0.81354064,0.0,0.0,0.45640504,749.1527,264.64752,0.9921456,765.86945,264.2295,0.9855671,752.2136,304.20944,0.9855876,761.92255,304.5997,0.9690223,756.3183,344.0966,0.96409357,758.791,343.56918,0.9371849
0.0,0.0,0.20040157,0.0,0.0,0.11890305,0.0,0.0,0.1396612,82.647354,219.80583,0.55677307,91.43411,219.99374,0.584951,77.75353,230.36533,0.98447394,95.05621,230.77272,0.98565304,72.851524,243.9548,0.8419463,99.8865,244.19768,0.8722295,73.05443,255.36372,0.6373129,100.32589,255.6706,0.67264694,79.41835,255.4627,0.99067956,90.476166,255.63281,0.9910581,79.98789,274.9875,0.9753935,88.6858,274.8185,0.97697383,79.81778,292.84488,0.95873797,87.09993,292.9963,0.96104807
0.0,0.0,0.09812167,0.0,0.0,0.055896193,0.0,0.0,0.08513092,0.0,0.0,0.39998627,339.68292,208.47775,0.55818564,323.8033,220.6818,0.9522905,343.19516,221.65952,0.96168464,318.30057,238.20384,0.6862368,347.24817,239.53142,0.78740585,0.0,0.0,0.4277572,346.95908,253.5506,0.5258901,324.87903,254.52393,0.97633547,338.59894,254.833,0.97932565,323.4199,282.07382,0.936665,339.5091,282.28842,0.94543505,322.32535,307.68246,0.88513076,338.40198,308.07822,0.897453
0.0,0.0,0.2068019,0.0,0.0,0.1009955,0.0,0.0,0.17083935,0.0,0.0,0.36585018,123.04125,219.80899,0.6482293,109.41635,230.34421,0.95501804,126.640656,229.7127,0.97579837,106.21354,243.15154,0.76142067,131.5911,243.00394,0.8982609,105.7781,256.2358,0.58536834,132.49467,257.52167,0.7516129,111.60831,254.18011,0.98363954,123.03485,253.98825,0.98847765,112.020355,272.58383,0.96984476,122.09278,272.35663,0.97762406,112.77096,289.6061,0.9539105,121.4173,289.59982,0.96261185
0.0,0.0,0.14498545,0.0,0.0,0.08822109,0.0,0.0,0.10487975,0.0,0.0,0.45017752,0.0,0.0,0.49692142,141.59438,227.66788,0.97217846,158.23341,228.07533,0.9746504,136.53288,241.46104,0.80530214,162.73967,241.94919,0.84139764,136.27245,252.78743,0.60229516,162.06602,253.26772,0.640745,142.44191,254.23654,0.9887422,152.96555,254.30727,0.989373,142.55714,274.94965,0.9746177,150.61224,274.9005,0.97633857,141.76402,293.8869,0.95656204,148.1584,294.05804,0.959134
0.0,0.0,0.09222384,0.0,0.0,0.066809855,0.0,0.0,0.078572564,0.0,0.0,0.08755935,0.0,0.0,0.123557076,0.0,0.0,0.22787096,0.0,0.0,0.34074363,0.0,0.0,0.17642935,0.0,0.0,0.33404082,0.0,0.0,0.19047096,0.0,0.0,0.3073164,0.0,0.0,0.37701142,0.0,0.0,0.46051508,0.0,0.0,0.41392463,0.0,0.0,0.49220186,0.0,0.0,0.44732982,843.93933,331.65024,0.5115921
0.0,0.0,0.12257687,0.0,0.0,0.054444663,0.0,0.0,0.09898001,0.0,0.0,0.23748848,266.61813,218.14816,0.5145247,252.82495,228.78755,0.88357276,269.95233,228.18338,0.9292179,249.15794,243.92831,0.58718413,275.95328,242.0416,0.8009292,0.0,0.0,0.41740626,276.07773,252.10457,0.6133495,255.17471,256.56113,0.9581731,266.52615,256.23807,0.9695144,253.69295,279.24207,0.92968166,264.0982,278.84863,0.9481788,252.20352,299.95673,0.900844,260.91373,299.69,0.92036736
536.6572,182.66284,0.5017607,0.0,0.0,0.29745302,0.0,0.0,0.46827802,0.0,0.0,0.17748676,0.0,0.0,0.43995953,545.9072,206.03883,0.7858516,519.5557,206.55878,0.86704284,0.0,0.0,0.43456113,510.35052,241.34598,0.6869987,0.0,0.0,0.37170553,521.40137,259.32187,0.5632543,546.2427,268.30194,0.9140523,529.2496,268.64838,0.93621,547.42456,320.81485,0.91597277,531.9677,321.11078,0.9370874,538.6321,370.30453,0.8752698,523.98596,370.62234,0.8991693
0.0,0.0,0.08510803,0.0,0.0,0.058118716,0.0,0.0,0.07598927,0.0,0.0,0.080752134,0.0,0.0,0.12095421,0.0,0.0,0.22437462,0.0,0.0,0.28256026,0.0,0.0,0.13106152,0.0,0.0,0.21147093,0.0,0.0,0.118467286,0.0,0.0,0.17099343,0.0,0.0,0.3536248,0.0,0.0,0.38912383,0.0,0.0,0.3666547,0.0,0.0,0.4022871,0.0,0.0,0.36815113,0.0,0.0,0.39516327
