0.0,0.0,0.37210846,0.0,0.0,0.10600754,0.0,0.0,0.38710433,0.0,0.0,0.3244237,87.32433,195.98259,0.9036522,64.05346,213.7534,0.97698534,91.52525,215.2557,0.99360037,55.792,237.98378,0.73629063,99.88777,239.52806,0.960257,54.41526,259.8846,0.5482848,104.77982,258.4557,0.853237,69.14961,260.8218,0.99174166,87.39328,261.371,0.9960342,67.32204,294.37436,0.9826453,85.81998,294.2841,0.99141324,67.95539,325.5957,0.967187,85.27975,327.06485,0.9803592
0.0,0.0,0.028193578,0.0,0.0,0.005491584,0.0,0.0,0.014607329,0.0,0.0,0.025766699,0.0,0.0,0.09739826,0.0,0.0,0.31295612,0.0,0.0,0.3944789,0.0,0.0,0.3779241,0.0,0.0,0.42303666,0.0,0.0,0.31791863,0.0,0.0,0.33202648,804.782,346.3031,0.51593703,812.6783,346.55896,0.5340284,0.0,0.0,0.06560188,0.0,0.0,0.059937824,0.0,0.0,0.01114001,0.0,0.0,0.009185353
0.0,0.0,0.14028259,0.0,0.0,0.088055246,0.0,0.0,0.08363946,130.06935,194.17905,0.6167122,144.62231,195.15619,0.578254,122.49099,212.70862,0.96899843,153.29118,214.21924,0.9774689,111.89617,236.09546,0.8394459,157.49701,238.30812,0.8799938,113.61587,251.12677,0.63648754,156.18721,255.93077,0.68088096,123.05849,259.0947,0.99074405,143.40886,259.44412,0.9919205,121.75425,292.6743,0.9851907,139.32668,292.99622,0.98513293,121.22416,326.32968,0.972523,135.88885,326.55106,0.9720538
0.0,0.0,0.09778699,0.0,0.0,0.044337124,0.0,0.0,0.07431784,0.0,0.0,0.46088284,201.44235,193.20724,0.7005676,176.77063,211.57396,0.9763365,207.53441,211.69899,0.99050915,166.25566,235.61119,0.8748194,217.20421,236.35161,0.9614729,168.38005,255.77051,0.6906538,223.44847,257.52194,0.84568727,184.61797,259.61136,0.9944385,203.47028,259.98645,0.99654937,184.90503,295.1246,0.98340905,197.37857,295.4585,0.9881911,187.92097,329.8152,0.95927614,193.1101,330.3399,0.967865
0.0,0.0,0.18128313,0.0,0.0,0.21690446,0.0,0.0,0.054915074,573.62396,199.53595,0.84295684,0.0,0.0,0.25878635,568.7567,217.68176,0.9869071,593.31354,216.8243,0.9677585,555.67975,242.5926,0.97019315,601.91394,237.51237,0.8126434,546.4247,261.95648,0.90275055,597.90814,250.90854,0.65489364,572.9427,261.92407,0.9950942,587.17,261.68213,0.99147743,574.79065,296.98663,0.9911713,578.8052,297.4059,0.9807375,586.08795,331.3751,0.9784945,581.2247,331.1294,0.9612681
299.47443,185.8602,0.9415488,302.70322,182.18796,0.89947,295.7353,182.34657,0.89163804,307.3729,184.58768,0.7001446,289.44388,184.86057,0.66775113,315.08585,207.68413,0.9918223,281.23398,208.60835,0.9935869,321.71997,235.13339,0.9462157,273.96756,237.65126,0.94518304,323.29434,260.1451,0.9093842,273.6757,262.65497,0.9004555,309.09924,263.2284,0.99519724,288.44928,263.6137,0.99566084,306.9261,301.81906,0.98879695,290.19797,301.9752,0.9882708,301.72803,340.03928,0.9732327,291.9486,340.12112,0.97242266
0.0,0.0,0.034583747,0.0,0.0,0.013241748,0.0,0.0,0.028936742,0.0,0.0,0.34813797,463.26465,176.3613,0.6883027,429.59363,197.32883,0.95665455,470.99838,198.40027,0.9816636,416.44412,229.08334,0.78730696,480.6379,229.64487,0.9326009,420.20673,249.42511,0.51753294,481.88742,248.37624,0.7288922,435.121,262.29892,0.9939733,462.12302,262.97977,0.99613744,434.33508,311.18292,0.98613745,459.57724,311.86975,0.9900034,433.33072,359.30084,0.9631856,454.05115,360.74557,0.97076845
360.8391,199.14517,0.8227415,363.51523,196.6068,0.6326088,358.5817,195.98033,0.7892604,0.0,0.0,0.34335747,352.4619,198.7485,0.67324173,369.39902,219.59332,0.9649089,341.70047,219.3235,0.98440415,375.0541,236.81197,0.82443315,327.70026,242.45195,0.94086087,370.1489,236.88597,0.77711874,327.5857,258.75662,0.8923016,362.5865,267.99,0.98959863,345.33652,267.99924,0.99307066,359.45215,302.84705,0.98447776,346.55313,302.80435,0.98862654,356.7429,336.6053,0.9701854,347.6884,336.5954,0.97597265
264.57034,204.46648,0.85700744,266.07336,202.20467,0.6892642,262.3109,201.69072,0.83209777,0.0,0.0,0.37057894,255.31496,202.73071,0.7194709,267.75717,219.94406,0.95510924,245.8956,217.53098,0.97795665,269.9739,238.5578,0.75344294,238.60243,234.38048,0.900957,268.55054,251.73732,0.70004386,244.54063,245.441,0.8376542,260.63922,255.4755,0.9717448,246.69252,254.7944,0.9803529,261.38712,284.15012,0.9556125,248.26665,283.6339,0.9672744,260.40536,311.7513,0.93536407,248.06839,311.49622,0.9481371
0.0,0.0,0.08645864,0.0,0.0,0.09355445,0.0,0.0,0.021530123,669.80585,186.96983,0.8086264,0.0,0.0,0.2601631,667.54535,209.47878,0.9657922,699.27606,208.76093,0.9157146,657.447,242.21638,0.86045957,707.36334,243.19702,0.5248501,651.3954,267.75455,0.60328746,0.0,0.0,0.2934054,674.7506,270.13486,0.98135066,696.4183,269.48218,0.96925485,663.3169,308.2999,0.9670519,696.40643,308.362,0.9379853,655.6157,346.83096,0.93686944,692.4073,345.21277,0.90205324
0.0,0.0,0.10206225,0.0,0.0,0.026334023,0.0,0.0,0.12406535,0.0,0.0,0.06795348,509.74554,207.07692,0.5687137,490.4019,217.868,0.7101823,508.17697,217.89423,0.8720906,0.0,0.0,0.37457344,516.76746,230.79135,0.8071141,0.0,0.0,0.30514067,517.3678,228.57593,0.64853084,488.893,253.83144,0.92872876,500.51224,254.17674,0.95781696,496.009,284.77402,0.91937435,504.65756,284.91357,0.9543227,494.64798,314.74826,0.907317,499.81982,316.05444,0.93854445
0.0,0.0,0.107715145,0.0,0.0,0.113156766,0.0,0.0,0.02680068,724.8201,161.46327,0.7332079,0.0,0.0,0.21887603,723.86066,188.71696,0.9489073,754.5236,186.5293,0.85535353,722.76385,230.39963,0.7505129,0.0,0.0,0.2934305,0.0,0.0,0.4030686,0.0,0.0,0.13716881,729.76746,262.9342,0.9661313,751.27985,261.58218,0.9398572,722.28125,320.83234,0.9263464,748.0566,320.40955,0.8607378,719.03107,376.44003,0.8501108,744.7616,374.8522,0.77300704
0.0,0.0,0.20153718,0.0,0.0,0.20420642,0.0,0.0,0.06317399,669.7573,189.1977,0.7108215,0.0,0.0,0.21554607,668.8667,210.78864,0.9327177,688.52515,210.26562,0.86511797,660.36804,241.5486,0.735964,0.0,0.0,0.3861711,0.0,0.0,0.4840829,0.0,0.0,0.23077206,669.8158,267.12994,0.93380445,683.36664,266.34763,0.90102494,662.8037,304.93945,0.86941797,682.2063,304.80292,0.79194856,656.8981,343.8407,0.779011,676.1495,342.595,0.70401496
