551.39325,179.92433,0.96068114,555.59827,175.90805,0.93063015,547.5342,175.94377,0.91833246,562.19385,178.77335,0.7473792,541.7059,178.72145,0.67414993,570.5087,205.04933,0.9922923,532.707,203.4408,0.9945544,576.9491,239.61652,0.9436001,518.6655,231.87828,0.9545603,570.98553,267.40134,0.9037638,518.68054,254.7011,0.9149878,560.725,265.69925,0.99272996,537.3617,264.94275,0.9940287,555.9296,307.30908,0.975805,538.5464,306.49036,0.97684175,550.6789,348.19525,0.93312955,543.4653,346.97455,0.93413347
464.28793,185.31691,0.94779664,468.01114,181.72327,0.9457866,462.10413,182.02681,0.8414852,476.76025,182.93881,0.86270654,0.0,0.0,0.41148213,489.5052,204.26547,0.9937529,454.94382,205.04924,0.9890899,502.1231,229.63799,0.9749887,443.9415,230.25081,0.90112627,501.32587,255.00293,0.9541181,439.45334,255.84053,0.8625887,481.24164,259.1329,0.994699,460.81638,258.6688,0.9925909,475.24503,297.47876,0.9868515,461.4899,296.71146,0.9775898,474.73947,336.96832,0.96464247,472.37723,335.51654,0.94791466
621.97766,181.28473,0.94771785,626.5553,177.74835,0.9397227,619.7734,177.2237,0.8478302,635.99646,180.25769,0.8372196,0.0,0.0,0.41879213,645.55444,203.59395,0.99258184,613.71,203.78195,0.9886962,655.47577,230.32544,0.973237,606.49945,234.13855,0.9124484,647.743,247.93831,0.95517015,601.903,261.64883,0.878812,636.1075,264.8079,0.995376,615.1596,263.9403,0.9938968,639.97437,310.3584,0.9895337,613.4788,309.07394,0.9833467,643.01447,354.5323,0.97028774,612.4065,352.34824,0.9587008
378.24017,175.9011,0.96284443,383.693,171.4051,0.96021706,374.60056,171.08612,0.8974121,392.50555,174.81703,0.85762703,0.0,0.0,0.47865114,403.68848,204.77591,0.993802,359.66406,204.96577,0.98890746,417.60098,241.11336,0.978592,353.04886,239.96844,0.91500115,419.0592,281.51852,0.95977783,347.94797,274.17282,0.8784983,394.07724,276.60233,0.99440235,366.47086,276.7574,0.99207413,393.12106,325.7731,0.9814889,370.23074,325.86154,0.9689455,394.1712,368.62582,0.9337947,376.89786,368.21014,0.90503186
302.83658,192.5636,0.95057344,307.18027,188.41408,0.95976555,300.21252,188.47333,0.79931545,317.1679,188.92363,0.9095524,0.0,0.0,0.24334759,330.77356,211.77606,0.992792,294.87836,212.95416,0.97587115,340.12488,241.54866,0.97862864,289.03537,242.68175,0.7963259,330.8655,268.55026,0.9585885,285.4336,270.60858,0.7714964,322.4553,274.36304,0.99284077,298.73608,274.06686,0.9861697,324.04904,320.6049,0.9856984,293.29422,320.05234,0.96609426,322.86676,364.51788,0.9593405,289.92487,362.8392,0.92327887
0.0,0.0,0.1231983,0.0,0.0,0.065162584,0.0,0.0,0.071847625,719.31024,185.00793,0.51262707,734.6974,185.19766,0.62493366,711.1538,206.47664,0.9683791,742.5033,206.25029,0.9749282,706.5129,235.71674,0.81669664,747.82404,235.01672,0.8524304,710.7016,260.26413,0.57245207,742.8923,257.2995,0.61500835,715.9818,263.0232,0.9900918,737.82623,263.083,0.9915222,715.75885,307.887,0.9796902,738.941,308.09293,0.98106074,715.7061,352.17972,0.9547746,740.5908,352.70947,0.9570277
216.71092,191.37766,0.84685886,220.15005,187.84262,0.82399625,214.63716,187.70312,0.64028645,227.58778,188.80525,0.7112402,0.0,0.0,0.28215104,236.88103,209.75288,0.97872216,208.18925,209.76747,0.9661226,246.03735,235.84126,0.9434024,196.41888,236.46103,0.8420774,240.37059,252.06459,0.9120003,191.96132,258.1482,0.80324215,227.52417,271.5738,0.99035233,211.29417,270.97028,0.98723537,215.73802,317.36987,0.9840104,213.43927,316.6929,0.9748287,210.45638,360.98135,0.9556661,218.04251,359.524,0.9381341
674.86334,217.98308,0.85868835,677.3528,215.55786,0.87815857,674.17236,215.55225,0.62659144,683.83716,216.26358,0.85125697,0.0,0.0,0.20141919,689.9815,228.93047,0.9831836,674.9016,229.07364,0.9534341,693.27,245.08403,0.91424847,672.1707,244.40887,0.5894305,685.57214,254.95166,0.85538226,670.6756,253.30522,0.55676574,686.10095,261.00726,0.9741597,676.16016,260.6588,0.95770574,684.2033,287.21027,0.92943877,675.8752,286.91165,0.879861,685.45087,310.84946,0.83944315,679.0668,310.0144,0.7673311
0.0,0.0,0.06346074,0.0,0.0,0.042295516,0.0,0.0,0.04600677,0.0,0.0,0.07319826,0.0,0.0,0.096560664,0.0,0.0,0.22600964,0.0,0.0,0.29704416,0.0,0.0,0.21317326,0.0,0.0,0.31358486,0.0,0.0,0.21518119,0.0,0.0,0.28517842,0.0,0.0,0.36290246,0.0,0.0,0.41871908,0.0,0.0,0.34298688,0.0,0.0,0.38650504,0.0,0.0,0.29695943,0.0,0.0,0.33122393
0.0,0.0,0.051305663,0.0,0.0,0.04955892,0.0,0.0,0.030075088,0.0,0.0,0.09750065,0.0,0.0,0.041190594,0.0,0.0,0.18274394,0.0,0.0,0.11456446,0.0,0.0,0.262827,0.0,0.0,0.12075803,0.0,0.0,0.26455644,0.0,0.0,0.14610033,0.0,0.0,0.29023245,0.0,0.0,0.23687217,0.0,0.0,0.3260216,0.0,0.0,0.26129654,0.0,0.0,0.30596247,0.0,0.0,0.26082268
129.07828,214.11417,0.61070585,131.00632,210.81625,0.671109,0.0,0.0,0.24117726,138.17474,211.45465,0.7344912,0.0,0.0,0.09007946,146.26569,229.37785,0.9535659,133.22028,228.07298,0.8444838,146.65363,255.44382,0.9284082,0.0,0.0,0.4934408,130.295,264.78885,0.8817728,116.65971,260.83908,0.5022433,140.27657,282.3433,0.97468567,131.58333,280.7624,0.94771326,133.3791,322.48828,0.97081685,121.45601,321.27853,0.9276192,132.14537,361.8631,0.9396452,117.04596,359.62393,0.8853143
0.0,0.0,0.04405999,0.0,0.0,0.036689796,0.0,0.0,0.031202344,0.0,0.0,0.04629132,0.0,0.0,0.030175127,0.0,0.0,0.1223326,0.0,0.0,0.086825185,0.0,0.0,0.20463713,0.0,0.0,0.13494599,0.0,0.0,0.1861147,0.0,0.0,0.14536783,0.0,0.0,0.18188736,0.0,0.0,0.15778852,0.0,0.0,0.21074113,0.0,0.0,0.18443143,0.0,0.0,0.16485658,0.0,0.0,0.14706221
130.2134,214.23416,0.5629212,132.21646,211.48445,0.6147992,0.0,0.0,0.21345907,139.57785,213.06042,0.72184354,0.0,0.0,0.096503325,147.58614,230.02428,0.968309,135.74098,228.45099,0.8861675,148.5716,256.15604,0.93088406,128.70302,250.84047,0.5089262,134.50545,264.69656,0.86451733,0.0,0.0,0.47691262,143.9008,279.73346,0.98330355,135.45981,278.40588,0.96525526,146.2693,320.14923,0.9717097,130.57866,319.28522,0.9325904,152.56888,360.8183,0.9432821,130.13655,358.6559,0.893627
