0.0,0.0,0.35332295,0.0,0.0,0.19727428,0.0,0.0,0.116557084,262.70978,162.98044,0.6893679,0.0,0.0,0.44526967,252.2098,192.09311,0.98788154,300.98776,190.8246,0.9735348,232.77283,234.65923,0.97232586,318.24402,230.12022,0.91760224,224.68855,267.3297,0.93286145,320.78482,262.48456,0.8575874,261.4909,268.71878,0.99632734,293.0532,268.21503,0.994559,260.13342,324.98996,0.99264294,291.5313,323.9161,0.9896563,265.85156,376.50845,0.97305626,289.85052,373.8713,0.9674237
534.7274,132.68987,0.97220314,540.13416,127.9452,0.83635414,528.14246,127.481705,0.95911884,0.0,0.0,0.42736182,512.98895,132.68307,0.90380013,542.1872,175.56407,0.98041874,498.4234,174.91225,0.9979347,551.1238,226.86073,0.89568233,481.65057,229.8922,0.99276817,560.6447,268.3306,0.8889895,485.10587,278.87512,0.98499644,535.0214,266.0828,0.99459296,510.7549,267.68915,0.9980683,522.4869,336.98767,0.99180895,531.85535,344.1847,0.99721104,502.4647,402.2744,0.97275364,538.33765,417.3319,0.98651785
638.7216,160.10521,0.97187346,642.1036,154.46875,0.9092883,633.3603,154.9344,0.92442715,645.75,158.72314,0.6493674,624.29675,159.60385,0.7252606,655.8927,192.56143,0.9935666,607.51,189.28711,0.99081296,665.5042,227.72832,0.9785579,589.4314,222.12036,0.9682072,657.316,200.10352,0.9549059,610.2268,203.01935,0.9448595,644.3404,273.09683,0.9971193,608.3535,272.14053,0.9966037,656.4952,336.63077,0.99307066,598.0251,334.88455,0.99221075,669.56195,396.57596,0.97162163,584.5523,391.13623,0.9695603
0.0,0.0,0.114146635,0.0,0.0,0.07070638,0.0,0.0,0.07489685,765.7858,206.14229,0.63700634,779.08954,206.9264,0.64477295,756.2402,224.93993,0.97480327,787.70215,226.12549,0.98377496,744.2028,249.97826,0.83536196,799.1818,250.87912,0.8972779,741.2528,273.59894,0.5820049,806.50964,272.41605,0.6616469,758.413,273.75595,0.9870544,777.4835,274.3348,0.9894853,756.5921,308.95572,0.95817757,772.36224,309.84775,0.9615763,759.3071,342.5169,0.9070506,767.83215,343.57727,0.9114741
361.41672,178.96732,0.92433256,362.4673,176.04362,0.6750297,357.69473,175.47911,0.9349863,0.0,0.0,0.22205722,347.02722,177.45447,0.91876227,362.8217,201.0663,0.9806835,336.7074,198.617,0.9963805,369.75424,225.60611,0.7889338,337.76068,225.07085,0.9821515,368.35168,221.31651,0.7560903,356.38474,222.95378,0.95709705,359.95627,254.85266,0.99296594,342.72552,254.56244,0.9972121,357.566,298.81482,0.9846906,344.70895,298.92795,0.99382,351.75003,341.47983,0.9642775,341.4422,342.53122,0.98167706
0.0,0.0,0.17804667,0.0,0.0,0.08421855,0.0,0.0,0.14596285,0.0,0.0,0.41917193,79.91636,212.02406,0.69173855,64.259125,225.6115,0.9646915,84.92993,224.98988,0.9787931,60.781605,242.86876,0.8001892,91.82347,241.28448,0.90186656,61.050304,256.2119,0.60466725,93.17316,254.0048,0.73706156,67.99255,257.32312,0.98682445,81.94883,257.16107,0.98995626,68.99493,281.31586,0.9720908,82.25801,281.10437,0.97731656,69.75963,302.91138,0.9520821,82.879,302.95667,0.9581921
0.0,0.0,0.08613488,0.0,0.0,0.054490484,0.0,0.0,0.06497617,0.0,0.0,0.4163076,0.0,0.0,0.46717185,152.91696,223.78831,0.95794636,172.76227,223.9155,0.9628629,146.76341,241.32307,0.73057926,177.60765,241.25749,0.784128,0.0,0.0,0.4767973,176.78633,255.33363,0.52883697,155.90787,256.5108,0.9860744,169.06924,256.50488,0.98721284,158.27649,282.03473,0.96973825,168.22557,281.97168,0.9722014,160.31639,306.14493,0.9514177,167.19977,306.00452,0.9545921
0.0,0.0,0.1828857,0.0,0.0,0.09092145,0.0,0.0,0.16407204,0.0,0.0,0.48409918,135.45573,215.8939,0.7188691,117.63786,227.03871,0.9859016,139.17796,228.1319,0.98967767,109.78941,243.03755,0.8281807,144.57617,244.18483,0.9127482,111.29906,255.80336,0.6000911,144.91092,257.0093,0.72735256,118.73411,257.7403,0.9917292,132.09122,258.21066,0.9929436,119.68524,282.08612,0.9709179,131.78903,282.1595,0.97651607,118.11872,304.21054,0.942197,129.26244,305.01727,0.9511658
0.0,0.0,0.17256762,0.0,0.0,0.069002494,0.0,0.0,0.15593371,0.0,0.0,0.24326415,821.90393,204.88017,0.63953215,804.90594,221.23254,0.8585005,824.6868,221.19977,0.9069397,0.0,0.0,0.40422165,827.5298,241.7911,0.6363654,0.0,0.0,0.24668154,0.0,0.0,0.39747566,809.5148,262.16132,0.9181372,823.34076,262.45493,0.9369278,808.6467,294.87036,0.88632274,824.29,294.94885,0.9122165,811.8495,325.02734,0.8529107,828.8411,325.71576,0.8771883
429.726,210.22159,0.89091057,432.73138,207.58484,0.8410605,427.46518,207.67,0.7894859,437.0816,209.79707,0.69227695,424.15134,210.1395,0.53131044,442.31973,225.01825,0.9825591,419.77924,226.80025,0.97916174,448.47336,240.3189,0.905077,415.85272,243.84428,0.8529347,442.57285,241.15475,0.8514038,421.25018,243.7297,0.7903878,438.35828,265.00668,0.98532593,423.71582,265.88052,0.9838626,436.8654,297.09387,0.9757061,423.59933,297.8309,0.97056884,435.39377,327.59012,0.9507386,423.36023,327.99155,0.9429456
384.08774,204.0936,0.82826614,386.7411,201.45534,0.74536884,381.75085,200.99315,0.808504,0.0,0.0,0.42525947,377.47574,201.85576,0.61600184,392.68573,217.76733,0.95109093,371.82077,216.23914,0.9589331,395.34222,233.64914,0.71347016,369.2715,231.64383,0.8030444,388.3107,232.39798,0.6646749,380.3367,230.9672,0.7452783,387.11328,255.9324,0.95820004,373.5144,255.37544,0.9618547,388.32874,290.3095,0.8879408,375.61972,289.75638,0.9001737,386.76355,321.1204,0.753238,375.99695,320.97818,0.77236384
0.0,0.0,0.061522502,0.0,0.0,0.048504896,0.0,0.0,0.045140155,0.0,0.0,0.116153695,0.0,0.0,0.100343846,0.0,0.0,0.30580416,0.0,0.0,0.30764544,0.0,0.0,0.27057713,0.0,0.0,0.26468682,0.0,0.0,0.25441605,0.0,0.0,0.24331133,0.0,0.0,0.46655414,0.0,0.0,0.47258157,0.0,0.0,0.47833082,0.0,0.0,0.47628784,0.0,0.0,0.48813286,0.0,0.0,0.4902983
0.0,0.0,0.11739153,0.0,0.0,0.07019988,0.0,0.0,0.11560235,0.0,0.0,0.069258966,0.0,0.0,0.16560872,0.0,0.0,0.21529756,0.0,0.0,0.29593056,0.0,0.0,0.11251617,0.0,0.0,0.22672038,0.0,0.0,0.11401912,0.0,0.0,0.19368455,0.0,0.0,0.3232627,0.0,0.0,0.37122017,0.0,0.0,0.3455543,0.0,0.0,0.39812043,0.0,0.0,0.33351436,0.0,0.0,0.3732183
