554.6043,156.2526,0.9257663,556.22205,151.33284,0.5871314,550.7479,150.49641,0.92822367,0.0,0.0,0.19952282,535.28973,148.89343,0.89482886,549.44934,175.70776,0.94741666,514.57715,177.46548,0.9935342,554.1785,213.49504,0.79668033,511.92868,218.20554,0.9876052,570.45746,215.05374,0.76478964,551.4978,202.95644,0.9712947,551.641,257.23624,0.98649037,525.36743,260.4187,0.9954255,568.9108,314.73248,0.97687757,524.3296,318.26404,0.99248403,563.50116,373.4579,0.9446987,512.0439,377.30118,0.9726512
292.98553,198.25394,0.93560904,294.73398,195.06583,0.76520264,289.6398,194.86943,0.93272245,0.0,0.0,0.31756252,280.5936,196.42041,0.8800419,295.48685,217.14342,0.98362964,270.8676,216.28601,0.9963123,298.70547,242.07886,0.86468095,267.56866,241.47678,0.9827954,296.64706,259.51474,0.836497,279.17853,255.40288,0.961348,294.4993,266.9607,0.9950245,276.14096,267.51544,0.997741,299.80057,305.15176,0.99077433,267.97348,305.93948,0.9954314,307.81427,339.86575,0.9814875,262.2806,341.6491,0.9890487
0.0,0.0,0.08943293,0.0,0.0,0.066053435,0.0,0.0,0.03445901,468.7309,171.34712,0.56380117,0.0,0.0,0.31654245,463.35016,190.34906,0.95865864,488.24957,190.61098,0.9314683,459.4058,214.86276,0.8402869,492.41208,216.04512,0.6447126,462.56866,214.00995,0.6189348,0.0,0.0,0.41493,467.05377,243.42453,0.9900816,485.38388,243.8428,0.9863425,462.43253,287.24814,0.9863775,488.79108,288.1336,0.97836614,462.36658,329.12314,0.970974,493.33575,329.40662,0.9590555
366.68552,205.17679,0.57887256,0.0,0.0,0.2271487,364.622,202.38922,0.6274866,0.0,0.0,0.092470884,357.59937,203.74435,0.71239024,362.06918,220.4996,0.885954,348.81174,220.05061,0.97700775,366.59912,242.86694,0.5092595,338.13025,242.40637,0.94110274,0.0,0.0,0.46288767,338.61972,264.18607,0.8673161,359.954,265.22537,0.9691106,352.52597,265.31873,0.98743004,360.20178,297.7293,0.94149655,352.77985,297.47174,0.97559196,354.25446,329.79434,0.91321665,348.52252,330.5053,0.95421237
667.1193,203.29176,0.7374451,0.0,0.0,0.3836509,664.9619,200.62875,0.7638214,0.0,0.0,0.13783073,658.108,201.25627,0.7651588,664.69574,216.14217,0.9184288,648.4791,216.22957,0.98200756,662.02057,235.55994,0.62713563,638.77386,238.72389,0.9539599,664.09204,249.24477,0.61367005,645.05927,258.81732,0.90996027,659.11285,258.36755,0.9815424,648.12256,259.00177,0.9919459,665.0967,292.00082,0.9783398,649.64343,292.83356,0.9902479,661.97675,326.6378,0.9700171,640.4327,328.43124,0.98333955
102.401505,209.28523,0.9168972,104.4505,207.2379,0.80808556,100.370804,207.07108,0.8965419,106.64737,208.7723,0.5092532,96.30038,208.15405,0.79767877,109.282974,221.03294,0.98087305,90.0781,220.4187,0.9934011,113.22558,235.14838,0.8585586,82.101715,234.48894,0.9667573,110.82673,243.58585,0.8160442,81.005974,246.3551,0.9332688,103.54906,249.5835,0.9849209,91.89592,249.24107,0.99150664,100.507324,272.49576,0.96516854,91.617455,271.99487,0.97861904,97.00067,293.7555,0.93847233,91.78231,293.3877,0.9566794
712.58545,207.41544,0.80192846,714.91797,204.89008,0.7865485,711.66534,205.0405,0.5655911,721.4475,205.44638,0.72104686,0.0,0.0,0.25359705,731.8415,218.31874,0.9737463,710.8389,219.58022,0.9486105,739.4308,233.8915,0.9200797,707.68365,235.38081,0.7555867,729.6746,234.56267,0.8705064,707.1074,236.99457,0.7113334,727.672,253.98746,0.978131,713.87445,253.9149,0.96892244,728.7126,281.2534,0.9637712,710.3104,280.9583,0.94298935,729.4161,306.1529,0.9318136,708.71356,304.90057,0.9044922
618.3082,212.80667,0.787147,0.0,0.0,0.43802732,616.3379,210.5494,0.8299093,0.0,0.0,0.16342607,609.83606,211.53377,0.8568691,613.27795,225.29604,0.9195323,602.9689,224.23169,0.98480344,0.0,0.0,0.4884836,598.4443,240.21007,0.94293106,0.0,0.0,0.44933584,605.2436,252.38853,0.87278306,611.0954,257.32535,0.9411771,604.5552,257.44156,0.9766574,613.24554,281.0893,0.878398,607.4565,281.17667,0.9508628,608.4362,304.5658,0.82792056,602.786,305.5427,0.9096245
0.0,0.0,0.13101527,0.0,0.0,0.09535464,0.0,0.0,0.08656853,0.0,0.0,0.43508402,0.0,0.0,0.36155218,310.79996,223.44531,0.9128351,328.71088,223.4405,0.91000736,304.8439,240.36629,0.5907803,333.66135,240.21416,0.558998,0.0,0.0,0.37297758,0.0,0.0,0.3426207,313.7695,255.691,0.95490617,325.0747,255.77681,0.95447785,315.3726,282.32956,0.91980815,324.6818,282.16455,0.91734576,317.14102,307.8445,0.88437283,323.80652,307.9404,0.8825505
0.0,0.0,0.12637223,0.0,0.0,0.0443226,0.0,0.0,0.10358258,0.0,0.0,0.03701653,0.0,0.0,0.16472578,0.0,0.0,0.31679326,830.0936,118.875595,0.56064504,0.0,0.0,0.21836023,817.8112,171.78781,0.61205244,0.0,0.0,0.23852019,839.5572,130.66699,0.51050305,0.0,0.0,0.43249115,832.69446,257.34436,0.57430255,0.0,0.0,0.07113699,0.0,0.0,0.119631425,0.0,0.0,0.0127194375,0.0,0.0,0.020564308
134.03658,206.23318,0.73196125,135.62772,204.5116,0.6430666,132.90392,204.36028,0.575269,138.38597,206.1387,0.5296689,0.0,0.0,0.38795742,141.92639,216.75676,0.95842093,126.90083,216.51093,0.9488769,144.15778,229.24496,0.86212283,123.17182,228.67268,0.79554105,140.57681,233.55737,0.8028688,124.40018,232.1711,0.7376553,137.79398,244.6519,0.97092754,128.39874,244.51987,0.96722525,136.05017,267.3881,0.9530405,127.78652,267.28635,0.94315106,135.565,288.61823,0.9261568,127.21527,288.1684,0.91474605
0.0,0.0,0.05565717,0.0,0.0,0.017433751,0.0,0.0,0.04548928,0.0,0.0,0.040122766,0.0,0.0,0.14986855,0.0,0.0,0.17258424,0.0,0.0,0.38071012,0.0,0.0,0.13847637,0.0,0.0,0.39792925,0.0,0.0,0.1528275,0.0,0.0,0.33149052,0.0,0.0,0.41068366,834.6375,283.4461,0.53575236,0.0,0.0,0.2633514,0.0,0.0,0.36264026,0.0,0.0,0.102708906,0.0,0.0,0.13244027
