503.8961,166.87323,0.8235372,0.0,0.0,0.37547597,500.46973,162.74654,0.8620097,0.0,0.0,0.1559992,489.1261,162.2954,0.8734689,497.50623,185.52162,0.89786124,474.27377,189.04164,0.9927247,500.28073,218.95892,0.5755753,471.49756,228.09935,0.9826064,505.32544,208.82312,0.5300287,507.08707,216.7144,0.9498051,493.9171,257.57187,0.9868406,482.81808,261.90515,0.99647176,489.5016,308.28802,0.9878947,508.60095,322.25583,0.997013,455.91647,353.10318,0.98062664,506.03708,379.08328,0.9919608
271.5105,201.05415,0.96270066,273.6006,197.74683,0.8844407,267.70657,198.01883,0.956714,275.65622,200.22627,0.50730777,259.93198,200.74171,0.88473463,280.85144,220.73386,0.9909911,251.16515,221.15785,0.9977531,291.04645,243.51884,0.92779195,237.17494,241.57333,0.9894985,289.4759,264.45148,0.9025446,226.16833,260.10684,0.9756305,272.51666,268.1405,0.9949379,254.9271,268.54657,0.99758875,268.6581,303.3897,0.9843603,260.0478,304.18304,0.991651,259.87698,335.45636,0.956587,259.07452,337.48972,0.97226715
625.69653,210.31819,0.83892256,0.0,0.0,0.49164164,623.24347,206.99594,0.85450405,0.0,0.0,0.18279268,614.9876,207.22702,0.86334693,617.96674,223.46407,0.97413933,605.5436,222.30844,0.99479115,624.2296,240.55258,0.853104,595.5669,243.30292,0.98577154,640.70703,255.42622,0.83399487,601.4575,264.86057,0.9671285,611.87213,266.5674,0.9940585,603.8416,266.69708,0.9974865,615.56903,294.4845,0.9869581,604.01953,294.85602,0.9941498,615.52924,317.78125,0.97655493,596.0056,319.6154,0.9871055
0.0,0.0,0.2750117,0.0,0.0,0.13611968,0.0,0.0,0.19418901,0.0,0.0,0.36247066,525.905,162.21776,0.5872033,510.97388,183.12929,0.9268968,531.6422,182.42767,0.9378056,508.21112,209.12825,0.58146584,537.3594,208.55443,0.65408003,0.0,0.0,0.37866777,0.0,0.0,0.4324484,517.9499,240.05481,0.9816004,532.6776,240.22597,0.98296654,520.9245,288.62527,0.9865303,534.4084,288.52808,0.98698956,524.334,340.42548,0.9812183,535.3472,339.9438,0.9814932
345.79684,209.37659,0.85911775,346.55554,206.76242,0.52279556,343.54712,206.49983,0.88943946,0.0,0.0,0.15670069,335.4359,206.88747,0.8852064,342.79532,223.0461,0.95518124,324.31055,222.757,0.99357337,345.3967,240.30653,0.6612209,311.7096,244.01189,0.9775224,351.07907,252.07323,0.6359563,309.50653,265.82278,0.94467306,338.68018,263.04495,0.9808668,327.7505,263.68707,0.99325037,339.3263,293.31656,0.9594626,333.53897,294.15283,0.9850508,336.49866,322.47467,0.9283729,333.54895,324.52896,0.96508735
781.2981,106.15017,0.9243973,0.0,0.0,0.43746406,773.20245,100.40003,0.93093264,0.0,0.0,0.06529781,745.8908,113.696335,0.92045933,768.94995,164.47125,0.9366666,719.69763,167.24197,0.9926569,784.6945,225.59296,0.79237324,723.6367,240.3476,0.9870265,788.4495,189.60222,0.7701422,774.2711,213.65771,0.972401,762.6293,296.43237,0.97718847,726.0682,298.49667,0.991621,760.6515,405.264,0.8692777,719.06604,412.22595,0.9475306,0.0,0.0,0.435218,674.71326,471.40125,0.5728632
100.37082,208.85716,0.88345385,102.02867,206.8495,0.7555775,98.4852,206.8792,0.84945863,0.0,0.0,0.49725804,94.768936,207.64902,0.7498626,106.87847,219.36864,0.9789209,88.33329,218.8765,0.9908393,110.520195,233.24744,0.84497446,80.443596,232.59193,0.9490005,110.14251,244.47948,0.78121066,80.1302,245.42705,0.89740556,100.83167,247.87166,0.9823268,89.18708,247.56082,0.98884785,99.79236,269.40173,0.957206,86.72652,268.938,0.9710125,97.238144,289.95856,0.9184311,85.254555,289.6339,0.9380821
850.34247,121.40643,0.6335026,0.0,0.0,0.11110923,846.0438,114.49194,0.8145654,0.0,0.0,0.01581912,827.67096,117.5042,0.909102,827.9765,154.3246,0.5847356,811.0863,161.73668,0.9597091,0.0,0.0,0.09752669,817.0465,226.1257,0.9358883,0.0,0.0,0.11057639,818.75946,224.72627,0.8206344,832.5838,268.93002,0.5423181,821.8889,273.56192,0.84917986,0.0,0.0,0.08006378,0.0,0.0,0.31116015,0.0,0.0,0.019584602,0.0,0.0,0.06548524
126.5613,207.72134,0.8318808,128.61101,205.79283,0.81335026,125.411575,205.81882,0.61996156,132.24686,207.16396,0.7670903,0.0,0.0,0.3293641,136.76672,218.33104,0.98250186,121.20144,218.67871,0.9578053,139.75989,231.8888,0.93329835,116.77728,230.84305,0.7205514,133.15569,239.81201,0.8838284,119.948616,235.57007,0.67300665,132.7993,245.46524,0.97976995,122.959656,245.54646,0.9672154,131.12248,268.38483,0.9648564,122.650276,268.53775,0.93674934,130.98296,288.6876,0.93485194,124.25982,288.31012,0.89928645
0.0,0.0,0.4519799,0.0,0.0,0.28043753,0.0,0.0,0.43883187,0.0,0.0,0.23748821,584.8173,214.26547,0.54321414,582.89996,226.84972,0.8765282,581.0704,227.296,0.92473,582.9399,243.98906,0.5194405,578.541,244.28036,0.763773,0.0,0.0,0.44905654,584.00745,253.4232,0.648417,581.2374,260.49667,0.9236575,581.0085,261.03677,0.9415585,581.3271,287.0255,0.8679134,581.0471,286.88034,0.9003888,578.7338,311.72293,0.78410536,577.3407,312.08755,0.8241123
375.92584,211.00801,0.82267314,376.89902,208.98427,0.67710763,373.80045,208.862,0.84752274,0.0,0.0,0.3158822,369.24713,209.6869,0.79071003,378.01157,222.36252,0.97011995,362.78247,221.97719,0.9823669,381.49182,236.7492,0.7648415,357.9696,237.2158,0.92032015,383.52817,247.39,0.70731175,362.29547,248.7175,0.86675155,375.18445,252.17084,0.97632784,366.024,252.3632,0.9819796,374.71378,275.5436,0.9401945,366.45538,275.58698,0.95692104,371.50345,296.64102,0.8883125,364.54272,297.33798,0.9131219
784.9905,118.84396,0.92231256,0.0,0.0,0.38245127,777.6487,110.96632,0.9690591,0.0,0.0,0.021871962,751.34,115.83313,0.97140133,761.687,159.33553,0.8748085,726.5828,167.37505,0.9794118,0.0,0.0,0.26736358,725.3011,240.1549,0.92768764,0.0,0.0,0.27579772,772.84705,211.54472,0.8272072,764.77686,289.65494,0.805583,739.9048,296.5315,0.91864383,0.0,0.0,0.18096842,0.0,0.0,0.41346428,0.0,0.0,0.032889787,0.0,0.0,0.07826865
0.0,0.0,0.44833794,0.0,0.0,0.104410864,848.64923,109.644554,0.5048265,0.0,0.0,0.042748667,830.33716,120.4623,0.6678669,0.0,0.0,0.46689576,819.0506,164.10144,0.85084945,0.0,0.0,0.21949475,812.0655,232.36195,0.76471657,0.0,0.0,0.2307642,821.4293,216.96025,0.6627909,823.6814,284.08698,0.58808833,812.3214,284.38226,0.77245754,0.0,0.0,0.36884654,806.3315,380.31415,0.5626548,0.0,0.0,0.15097938,0.0,0.0,0.21809003
