602.7656,184.01558,0.9457875,606.08966,180.58887,0.9146338,599.6489,180.57074,0.88813,611.36316,182.32555,0.72757334,594.9208,182.3819,0.60587084,619.6785,202.9051,0.9895286,588.1172,203.69173,0.99020875,628.5994,228.09283,0.95306516,582.4709,229.97989,0.93854815,623.9878,250.88477,0.9286144,582.0919,253.18878,0.90604115,613.3114,253.94981,0.9931201,593.2904,254.15434,0.99310946,613.78064,292.14197,0.98529273,594.2415,292.10178,0.98304546,611.4721,326.51294,0.96431553,595.1369,326.30737,0.9607796
0.0,0.0,0.21656619,0.0,0.0,0.16887619,0.0,0.0,0.080651805,222.46562,173.10672,0.61631256,0.0,0.0,0.27995613,214.42612,197.7273,0.9549877,251.54816,197.58768,0.8710937,204.29068,231.38052,0.8933684,257.4129,229.35625,0.6312613,200.50156,261.32187,0.764477,251.94452,253.2859,0.5086996,219.8492,256.89114,0.98338205,245.8004,256.8249,0.97070026,214.89282,310.9907,0.979122,245.21272,312.16193,0.9651128,217.19514,358.81567,0.9540191,249.7215,359.2629,0.93743414
472.37112,207.07468,0.91109824,474.97195,204.54442,0.85260165,470.33075,204.79243,0.8378994,479.34604,206.42572,0.6854752,467.55054,207.00093,0.6300253,485.66388,221.32796,0.98752916,461.99222,222.55965,0.9899823,490.91183,237.54068,0.9200106,455.27045,239.1089,0.9282819,484.97537,237.33656,0.87449944,463.2025,238.23596,0.8791362,482.472,258.81042,0.9889207,466.96094,259.40268,0.9902824,482.77963,287.81186,0.97528344,465.3365,288.18503,0.9759556,481.58783,315.09882,0.9455311,465.5731,315.14624,0.9461887
373.15744,204.38603,0.5365393,0.0,0.0,0.23686045,370.98593,201.21974,0.50331926,0.0,0.0,0.45239723,366.97568,202.93155,0.8688916,352.05225,220.26682,0.97446764,368.78455,221.26183,0.9910657,342.7232,243.43613,0.73138976,373.2372,243.0752,0.92800546,341.12534,254.8701,0.57168764,373.18707,252.63263,0.7963009,357.42917,265.0203,0.98981476,370.508,265.85464,0.9941413,351.41406,302.11954,0.9858283,376.65588,302.5125,0.9908144,347.27637,338.51984,0.9782865,380.89154,339.7555,0.9841271
318.40305,213.73825,0.77764195,319.78113,211.79184,0.6554635,316.9252,211.57512,0.74458927,0.0,0.0,0.41370407,313.84338,212.27995,0.6180697,322.8535,224.41682,0.9806944,308.94244,223.64255,0.9835052,328.60977,236.80399,0.85606253,303.57724,235.76828,0.9115891,330.77963,241.87927,0.804083,304.7363,241.3754,0.8622646,316.42664,254.4394,0.99065346,308.9139,254.1092,0.99151295,314.41357,279.42206,0.97855514,309.21933,278.9223,0.9813974,310.9124,302.7186,0.9582608,306.6084,302.80692,0.9629272
0.0,0.0,0.23278643,0.0,0.0,0.13768725,0.0,0.0,0.27758256,0.0,0.0,0.069732346,0.0,0.0,0.27883503,0.0,0.0,0.1558661,0.0,0.0,0.4435631,0.0,0.0,0.06705262,0.0,0.0,0.4217174,0.0,0.0,0.09824021,0.0,0.0,0.3787987,0.0,0.0,0.19886792,0.0,0.0,0.37019324,0.0,0.0,0.27144253,0.0,0.0,0.46472397,0.0,0.0,0.3926848,844.8186,331.12476,0.5523011
282.70184,218.57082,0.8192037,284.18427,216.60342,0.72315186,281.09067,216.55217,0.7829835,0.0,0.0,0.47084656,278.3331,217.38432,0.63987386,289.55392,228.27664,0.98041886,273.59543,228.10371,0.98329043,295.7604,239.83565,0.84269845,266.7582,239.73117,0.89953274,298.33014,250.76811,0.7808306,265.05112,251.17554,0.84073657,285.46118,254.46234,0.9837346,276.49506,254.44133,0.98504573,283.5533,274.0708,0.9579687,277.04626,273.82077,0.96324414,281.73523,292.2652,0.92339545,276.65353,292.27448,0.9313736
0.0,0.0,0.2309649,0.0,0.0,0.1573001,0.0,0.0,0.17589039,0.0,0.0,0.4084408,0.0,0.0,0.42957795,186.09181,224.56952,0.92146415,197.95674,224.94997,0.93240273,180.23543,240.73257,0.624627,199.44586,240.66898,0.68990093,0.0,0.0,0.44148847,0.0,0.0,0.48962992,187.46184,252.47914,0.94960284,194.84856,252.63098,0.9534096,189.07634,274.9037,0.9139793,194.14932,274.80066,0.91998935,189.73473,295.91257,0.8762938,193.28523,295.94614,0.8830154
0.0,0.0,0.4740656,0.0,0.0,0.34500903,0.0,0.0,0.44877994,0.0,0.0,0.3536575,137.28009,218.39867,0.55473614,138.09354,228.01428,0.95955104,136.06947,227.86897,0.9649702,140.1628,235.89482,0.79540586,135.19867,235.58206,0.8593989,143.1393,236.69171,0.6886275,136.41243,236.40157,0.7581708,137.65898,250.67259,0.9709533,137.15234,250.7792,0.97362775,138.6027,266.19073,0.9279254,138.3111,266.00537,0.93649167,137.3953,281.3982,0.875429,136.67331,281.61414,0.8871265
413.73926,227.79915,0.820871,415.48337,225.94023,0.7962579,412.47714,225.92863,0.7130318,419.06097,226.65024,0.65412146,0.0,0.0,0.42788577,423.20264,235.73007,0.97816855,409.57166,235.83269,0.96989936,427.0961,246.03036,0.8878569,406.7442,245.93257,0.81768847,423.8979,252.02403,0.8462621,408.15643,251.44818,0.7799505,420.88458,258.46542,0.98180115,412.50418,258.42523,0.97903764,419.7339,276.41937,0.9618599,412.94183,276.25156,0.955054,419.99796,293.10156,0.9316032,414.49304,292.87125,0.92268395
