0.0,0.0,0.081563376,0.0,0.0,0.05961629,0.0,0.0,0.03942037,797.7755,201.16339,0.70320535,817.51904,200.36624,0.570239,788.953,229.22878,0.982948,828.1033,227.08354,0.98537236,778.47565,264.4037,0.9215565,843.7083,256.79083,0.9189821,778.1649,279.94064,0.7361331,846.33435,264.6085,0.71926856,799.6835,295.45013,0.9937779,822.6437,295.05457,0.9941758,804.544,345.45148,0.97638,814.79193,345.7856,0.9743921,811.89496,392.06226,0.9203601,807.7796,391.9004,0.9151395
0.0,0.0,0.07108263,0.0,0.0,0.043013733,0.0,0.0,0.040186305,303.7739,207.16457,0.5685027,319.87668,207.34613,0.52117723,295.48526,224.20186,0.97160286,328.6777,224.61707,0.9783835,283.11707,249.06714,0.8942437,338.24564,249.94699,0.9087735,280.70486,271.09174,0.72131795,338.36847,275.0116,0.7303211,300.36026,271.49304,0.9941624,321.32922,271.51898,0.99467987,299.62552,311.81427,0.9884212,316.35345,311.77408,0.9875788,301.6239,350.86908,0.971817,313.78766,350.8336,0.9700493
0.0,0.0,0.3278031,0.0,0.0,0.1201649,0.0,0.0,0.29336494,0.0,0.0,0.40009105,527.44025,198.64125,0.8172355,503.54105,219.05014,0.9743648,531.3722,219.29901,0.9887748,495.0453,245.9618,0.75566167,539.34393,245.0112,0.9153249,497.15732,263.00546,0.5373655,536.5123,262.42126,0.73399776,510.42194,270.15402,0.98795253,527.6806,270.4966,0.99184275,512.4202,310.47244,0.9696507,522.5645,310.5258,0.9774664,515.6484,348.6413,0.9375511,517.8076,349.62164,0.94900584
0.0,0.0,0.08395765,0.0,0.0,0.0414723,0.0,0.0,0.06568991,0.0,0.0,0.46186936,396.8321,201.36964,0.6764056,372.48425,222.5705,0.9515468,403.48508,223.0587,0.9691806,365.46194,250.26118,0.6996978,409.48706,250.80528,0.82603,0.0,0.0,0.41706598,411.72043,274.7472,0.5407508,377.51318,272.63895,0.98699147,397.9289,273.23837,0.9894875,375.9959,311.8406,0.9812289,394.80927,312.59045,0.9830374,376.6477,350.3419,0.96824116,393.14297,351.43466,0.9699228
0.0,0.0,0.17645285,0.0,0.0,0.11637003,0.0,0.0,0.09729165,573.991,214.27965,0.6017887,586.50525,213.89252,0.53320915,568.1517,233.51097,0.96598244,594.7924,232.64178,0.96790177,562.0915,258.53244,0.77360606,601.0783,256.43594,0.76141524,561.1321,277.05762,0.50787824,0.0,0.0,0.48787758,575.9856,279.784,0.98115724,592.70654,279.7394,0.98096746,575.9132,316.02942,0.95685464,589.52686,316.17197,0.9518035,579.76227,352.08084,0.9216637,587.2002,351.59808,0.9146896
0.0,0.0,0.13147035,0.0,0.0,0.16396773,0.0,0.0,0.035033002,733.91516,186.27795,0.9229402,0.0,0.0,0.45518965,724.757,211.1375,0.9885011,765.51184,209.9164,0.96914077,712.6194,243.15599,0.91516817,773.5018,241.95537,0.60517234,716.03394,270.4516,0.6432066,0.0,0.0,0.2878981,731.23627,277.4345,0.99086326,757.8499,277.12207,0.9840619,727.273,324.87805,0.9797602,753.04456,325.48923,0.95762825,735.05115,371.53036,0.9500885,757.8715,370.65054,0.9143507
0.0,0.0,0.09487123,0.0,0.0,0.03067627,0.0,0.0,0.102333,0.0,0.0,0.18886833,467.91428,232.16441,0.69052523,447.97385,245.95134,0.9226487,470.3744,246.72241,0.9686622,441.66916,265.2051,0.6754257,473.34308,268.32153,0.91417354,0.0,0.0,0.48092756,477.43887,285.288,0.75773656,449.15076,282.53214,0.98092777,463.62213,282.71414,0.98841316,452.19717,309.55966,0.96241957,460.944,309.51334,0.97642356,453.03705,333.36154,0.9344392,457.38635,334.31583,0.95262325
0.0,0.0,0.14955956,0.0,0.0,0.10321922,0.0,0.0,0.08166367,0.0,0.0,0.42842364,0.0,0.0,0.36193275,610.4084,243.32709,0.92682433,628.5392,243.0022,0.9264779,605.28296,258.72354,0.7576807,631.8759,259.68274,0.74655825,604.16034,270.67758,0.5709378,631.1294,272.48816,0.564071,613.7534,273.02597,0.9628375,625.57837,272.7038,0.9649224,613.33307,296.7354,0.927747,622.13947,296.57202,0.9278835,614.98627,320.10107,0.8789614,621.56683,319.79504,0.87969697
0.0,0.0,0.11674503,0.0,0.0,0.07537597,0.0,0.0,0.099087074,0.0,0.0,0.3588024,0.0,0.0,0.453219,414.68176,231.63385,0.9008146,434.76077,231.49739,0.9183537,409.8498,248.98766,0.5691169,440.27386,247.56277,0.67981505,0.0,0.0,0.38126507,0.0,0.0,0.4632032,418.27765,264.19504,0.9575387,431.53204,263.96185,0.9619885,418.53983,293.14838,0.93494856,431.08304,292.5545,0.9428894,419.75327,320.74744,0.8884359,430.69522,320.3972,0.89891624
180.75667,240.74391,0.8202802,182.54028,238.89372,0.809749,179.86443,238.80504,0.6747289,186.75897,239.78513,0.7244985,0.0,0.0,0.35556632,192.13893,250.14894,0.98315465,177.60536,250.08412,0.9696275,199.15923,262.43893,0.8972549,175.97195,262.01175,0.7647179,199.48248,273.3774,0.8214281,176.39026,271.85117,0.6812089,188.92943,276.00714,0.9740131,180.00027,275.78564,0.966164,188.3144,296.20087,0.9206582,180.21236,295.86633,0.8971325,188.97359,314.38284,0.85846585,182.22118,314.06442,0.82957315
0.0,0.0,0.23876326,0.0,0.0,0.1842175,0.0,0.0,0.15922093,0.0,0.0,0.4585457,0.0,0.0,0.4101999,212.0581,250.39233,0.9535991,226.28017,249.5786,0.94877934,206.34279,262.28506,0.7614022,231.1119,262.29828,0.7043127,206.80814,274.23285,0.5850646,228.74908,274.15503,0.5234541,214.57219,273.773,0.9740892,222.98773,273.4721,0.9727676,213.90208,292.27344,0.9468626,221.38779,292.1883,0.9426347,213.45187,309.92996,0.923768,220.25826,310.1887,0.920332
