0.0,0.0,0.18440895,0.0,0.0,0.23807059,0.0,0.0,0.016681122,512.52026,15.126212,0.9437425,0.0,0.0,0.13910723,497.84164,88.42075,0.98820645,587.2914,74.15943,0.88887495,466.19022,207.51665,0.9619007,603.3127,172.01138,0.52460825,479.11288,271.9968,0.8387597,0.0,0.0,0.38342202,523.89996,271.31454,0.9867648,578.68896,266.9268,0.96400625,529.35596,435.05035,0.84306926,561.90546,440.54468,0.68672425,0.0,0.0,0.22092666,0.0,0.0,0.1414295
0.0,0.0,0.12055668,0.0,0.0,0.08243517,0.0,0.0,0.06228281,229.98906,189.98024,0.7384197,246.45497,189.77174,0.6400989,220.59001,209.67406,0.9883398,256.05386,209.88876,0.9911527,205.85004,234.71384,0.93482697,267.88654,236.36119,0.93853235,203.79445,255.93367,0.77877206,269.8596,259.64395,0.7749854,228.96469,261.40967,0.9954438,250.8063,261.7615,0.9959436,230.37943,298.4009,0.98470265,247.52887,298.9768,0.98370796,235.31372,333.96573,0.95826775,245.81699,334.21597,0.95596707
0.0,0.0,0.30917892,0.0,0.0,0.29086712,0.0,0.0,0.088806406,807.1197,181.51477,0.7098526,0.0,0.0,0.19818483,804.5098,203.27296,0.9695998,839.7727,201.73738,0.8447787,800.8078,236.2231,0.93382543,843.61053,234.64609,0.5721114,795.8227,268.02237,0.83907574,0.0,0.0,0.49328142,810.93304,263.42053,0.9792042,837.1965,262.75638,0.9525363,802.7978,309.8396,0.96589315,840.0856,313.40732,0.92935425,796.63995,357.5989,0.91053045,839.3518,362.5597,0.86318004
662.19653,207.78098,0.877731,665.3503,205.20052,0.8604929,660.219,205.01308,0.70629346,671.409,208.3558,0.77977455,0.0,0.0,0.37321916,674.7086,225.51514,0.9819313,655.7544,224.46428,0.96496546,675.3051,242.8543,0.91772074,650.07153,240.46492,0.71554095,661.9637,238.21797,0.8683606,653.3166,237.09413,0.66422796,667.955,264.24277,0.97803986,655.0892,263.32205,0.96721655,666.2574,294.41574,0.9635807,651.5922,293.5317,0.93748266,668.3068,323.26865,0.9324732,651.9314,321.58252,0.9000153
0.0,0.0,0.11401057,0.0,0.0,0.074541666,0.0,0.0,0.079436176,0.0,0.0,0.44859806,0.0,0.0,0.4710866,142.38853,228.11476,0.95823866,161.40086,228.11287,0.9609156,137.13974,242.04349,0.7448327,167.77028,242.23303,0.76612824,137.9855,254.09485,0.5130366,167.73216,254.26251,0.5261714,145.79391,255.462,0.97869694,157.9915,255.48242,0.97972965,147.57982,276.10925,0.9458259,157.15872,275.9979,0.94816184,148.9702,294.66455,0.9094632,156.83621,294.7157,0.91309655
0.0,0.0,0.1732034,0.0,0.0,0.092898495,0.0,0.0,0.13852534,0.0,0.0,0.44031832,85.04419,217.58206,0.64192504,70.76884,228.93185,0.9630476,89.03733,229.3226,0.9791868,66.07229,241.94911,0.7995328,94.65382,242.77217,0.9055025,65.8087,252.84996,0.61178094,96.41029,253.70117,0.74987644,72.61249,255.11894,0.986819,84.40914,255.46623,0.99026054,73.65577,275.22113,0.9747541,82.75788,275.62347,0.9797809,74.73882,294.4098,0.95855,81.72316,294.97647,0.9641489
0.0,0.0,0.1329517,0.0,0.0,0.06461229,0.0,0.0,0.10738132,0.0,0.0,0.3390978,126.56169,217.95284,0.59964526,109.56477,229.32674,0.9459582,130.07207,228.69987,0.9669516,102.92457,242.90894,0.7667019,133.4647,242.71095,0.88184047,101.821014,255.40248,0.5809961,133.28638,256.48364,0.7206876,112.135994,255.08672,0.9830996,125.51344,254.8996,0.9870658,113.85104,274.82358,0.96806407,124.67256,274.69614,0.9741746,114.46909,292.26624,0.951851,123.11133,292.43015,0.95847493
0.0,0.0,0.06474585,0.0,0.0,0.03668171,0.0,0.0,0.047954783,0.0,0.0,0.29657346,0.0,0.0,0.4224363,279.9537,230.24472,0.88497555,301.41983,229.93336,0.9117388,274.6326,244.34201,0.6671309,306.67633,244.08156,0.7752276,0.0,0.0,0.4616119,305.624,257.1022,0.56770176,282.05847,259.2346,0.9671363,296.08423,259.1251,0.9717197,283.4989,282.23608,0.9467692,294.7417,282.2364,0.9520145,284.5619,303.21655,0.9287619,293.12738,303.1292,0.933332
0.0,0.0,0.1489372,0.0,0.0,0.116249464,0.0,0.0,0.07694614,356.46097,204.62451,0.6138389,0.0,0.0,0.437053,351.03217,218.2801,0.9609153,371.44504,218.47284,0.94717187,346.54214,236.23874,0.81677544,375.32922,236.23834,0.69846916,347.72156,252.12152,0.60017884,0.0,0.0,0.47346485,354.00723,253.09428,0.98502964,368.37656,253.50737,0.9817855,352.31042,280.79123,0.97941774,369.63748,281.5034,0.9719287,351.86356,307.94217,0.96899724,371.78552,308.25385,0.96056384
0.0,0.0,0.15656303,0.0,0.0,0.096338324,0.0,0.0,0.13225627,0.0,0.0,0.46622938,423.45993,215.38667,0.596169,410.53622,227.43626,0.97339803,427.55725,227.27762,0.9770711,405.1998,243.42014,0.7783071,432.45523,242.71402,0.8421853,405.82455,256.03763,0.5517024,432.0399,255.67934,0.63007677,412.74115,256.78125,0.988025,424.5276,256.63867,0.9891495,409.99875,280.10425,0.9731482,426.18015,279.84592,0.97620016,407.9544,302.308,0.9581197,425.94644,302.2094,0.96211386
0.0,0.0,0.24517696,0.0,0.0,0.28205204,0.0,0.0,0.08625909,755.8757,205.49051,0.7057849,0.0,0.0,0.17299151,756.54846,218.60406,0.94622105,768.00684,217.68349,0.8590894,754.24725,234.47,0.84240127,0.0,0.0,0.42684677,749.79486,245.31082,0.68487525,0.0,0.0,0.3256461,759.04944,249.91246,0.9608822,766.2477,249.40022,0.93272346,759.628,275.68896,0.9483377,764.51685,275.68866,0.90132755,763.03644,301.5329,0.92641926,764.5687,300.4648,0.881685
0.0,0.0,0.28801355,0.0,0.0,0.19626033,0.0,0.0,0.23112546,0.0,0.0,0.37824136,0.0,0.0,0.46308604,179.66,236.09148,0.94370955,185.42102,236.19063,0.948947,177.50197,247.9686,0.69520825,188.56339,248.1809,0.74859154,178.54329,257.95947,0.5316457,189.40558,258.02112,0.5783275,181.44102,259.75705,0.9698694,184.84096,259.86154,0.9714546,182.88405,278.55524,0.9470056,185.347,278.43472,0.95087385,183.22232,295.7285,0.9280921,184.8517,295.93756,0.9326514
0.0,0.0,0.12366085,0.0,0.0,0.06372481,0.0,0.0,0.11796197,0.0,0.0,0.32362404,721.05524,207.48282,0.585319,703.3393,220.60304,0.9433948,723.74854,221.41461,0.95748657,697.3253,239.03125,0.64590275,729.02216,239.51457,0.7887529,0.0,0.0,0.41699374,731.0555,249.34956,0.5533202,705.0627,258.48843,0.97592986,717.80914,259.01678,0.979482,705.5912,290.115,0.9455831,718.4373,290.0822,0.9551462,704.28107,318.65985,0.8881376,715.41394,319.57388,0.9036193
0.0,0.0,0.12751995,0.0,0.0,0.101614036,0.0,0.0,0.07479696,0.0,0.0,0.38479197,0.0,0.0,0.22322878,329.37778,228.24886,0.8996693,342.08716,228.43321,0.8900171,323.76382,241.06331,0.6659858,342.31052,240.93849,0.58431435,319.86426,246.86667,0.50849146,0.0,0.0,0.4292458,327.14688,254.7139,0.9733393,335.06335,254.54456,0.97221303,325.6253,279.7069,0.9694923,331.0922,279.61697,0.9664007,325.61136,303.67422,0.95796233,328.36,303.6222,0.9549594
0.0,0.0,0.13585329,0.0,0.0,0.094474696,0.0,0.0,0.09515102,0.0,0.0,0.4193982,0.0,0.0,0.40006372,377.65372,235.729,0.91921127,390.85526,235.6552,0.9188836,374.1831,248.95354,0.5945917,396.87415,248.79353,0.6003182,0.0,0.0,0.37049106,0.0,0.0,0.36628437,377.7251,261.78574,0.9485771,386.2557,261.72205,0.94898653,377.55515,283.35464,0.8993982,384.304,282.938,0.9009057,376.40134,304.21527,0.8669042,381.5531,304.26407,0.8697923
