0.0,0.0,0.2628826,0.0,0.0,0.12372663,0.0,0.0,0.06993989,393.17072,117.08848,0.7026242,426.54636,117.49085,0.50666994,376.54684,159.11353,0.9839017,444.8142,163.20787,0.98293316,332.03,215.746,0.96243185,467.06906,226.99033,0.9455835,311.64053,266.7959,0.9094176,463.83014,282.5212,0.88454694,394.55438,278.80353,0.9960955,432.9242,280.68448,0.99565756,399.57547,366.90417,0.98490924,408.70557,367.94968,0.9831843,419.57233,441.82108,0.89972985,398.13382,441.34372,0.89701647
0.0,0.0,0.117503926,0.0,0.0,0.11340096,0.0,0.0,0.045741294,177.1045,199.90955,0.7094637,0.0,0.0,0.34436706,172.46974,216.9552,0.97772604,196.21448,217.1953,0.9669079,163.48476,236.68695,0.92746073,199.69347,239.72627,0.8328231,162.31128,252.89777,0.79111844,199.40262,258.755,0.64967746,173.61453,257.11267,0.9927764,188.55785,256.9832,0.99104184,173.93312,286.4186,0.98656833,183.20435,286.8955,0.98070127,173.17937,315.91104,0.97296065,178.90364,315.84302,0.9645488
0.0,0.0,0.23057452,0.0,0.0,0.091006,0.0,0.0,0.21651325,0.0,0.0,0.42501014,89.04295,206.17815,0.81559634,68.09015,222.0297,0.9699055,93.58671,222.02748,0.98528045,61.989166,242.56871,0.74845314,99.59867,241.64557,0.9060324,62.518913,257.78537,0.51772666,99.34591,255.95834,0.7136135,71.53051,260.44464,0.98649895,88.50593,260.52017,0.99058306,70.90422,289.45956,0.9725981,85.912285,289.4332,0.97934717,72.20738,316.05286,0.9514828,85.71494,316.85297,0.9597322
0.0,0.0,0.14830741,0.0,0.0,0.1563385,0.0,0.0,0.04558584,569.66516,177.72836,0.80486745,0.0,0.0,0.32648492,563.5537,199.23303,0.9832503,593.7567,200.08994,0.96370834,549.017,227.39833,0.9464166,598.5021,231.53796,0.7817592,540.7275,251.11362,0.8158513,598.04486,255.42784,0.5706588,566.13824,256.53345,0.9921657,584.735,256.5728,0.9882032,566.7683,299.43295,0.98319834,578.98956,300.0799,0.9708901,576.08203,339.0398,0.95511,582.56537,339.28885,0.9336234
0.0,0.0,0.1359946,0.0,0.0,0.046843402,0.0,0.0,0.13529676,0.0,0.0,0.30089262,128.00598,204.88437,0.7686053,109.418274,219.58278,0.95961577,132.90016,219.48071,0.9844416,103.76836,238.55632,0.73077244,138.31946,240.17276,0.92930883,105.530075,250.29167,0.50748116,140.50893,255.5565,0.7669839,114.33134,258.22745,0.9894958,130.43996,258.1613,0.9936864,113.92973,287.3315,0.97817945,129.67654,286.93253,0.98595065,114.520195,314.48697,0.96082723,129.3775,314.5816,0.97114277
0.0,0.0,0.04252792,0.0,0.0,0.022393193,0.0,0.0,0.028515263,728.2859,177.16386,0.5760242,750.0367,178.47813,0.67945683,712.0499,198.43465,0.9731978,758.47766,199.41536,0.9787547,693.2549,232.3713,0.84472984,771.7432,226.83394,0.87793195,687.9688,258.98196,0.5568029,768.41895,239.05777,0.59045225,712.6723,256.74545,0.99429387,741.5452,257.46017,0.9948591,715.9132,304.79645,0.9895766,739.0198,306.173,0.9894553,713.091,350.60342,0.9744434,728.71716,353.2439,0.97390264
0.0,0.0,0.3320768,0.0,0.0,0.11842364,0.0,0.0,0.37186226,0.0,0.0,0.09266619,842.7242,193.54144,0.62554663,832.6115,212.48375,0.66066045,832.8478,214.51294,0.9099129,0.0,0.0,0.20168893,816.8293,243.67549,0.7864167,0.0,0.0,0.17543522,814.1521,269.39465,0.60833544,838.5172,268.32785,0.83440137,839.0569,270.2469,0.9248737,834.1421,305.61887,0.7844904,833.9702,306.8953,0.8961922,839.2732,338.09973,0.7260973,837.7894,339.99954,0.83679926
309.63583,200.55957,0.87019026,312.41193,197.79974,0.6720949,307.0983,197.66066,0.88304037,0.0,0.0,0.30068085,302.7024,198.43292,0.82889944,317.0394,215.75243,0.92607003,296.0995,214.55731,0.98562,0.0,0.0,0.4628196,291.87204,232.67674,0.9305001,0.0,0.0,0.42308253,294.97763,249.72209,0.8531492,313.1793,254.17766,0.94395703,299.67075,254.0778,0.97804934,309.91406,284.74924,0.9168597,296.71283,284.4499,0.96611685,307.46585,315.03635,0.8943191,293.46362,314.7351,0.9446218
348.61826,166.36009,0.6934392,351.7067,162.1105,0.6794977,0.0,0.0,0.47689003,355.8636,164.00346,0.6695593,0.0,0.0,0.3163127,357.39008,191.08832,0.9223285,339.027,189.41603,0.88549703,342.24194,226.74605,0.67324525,0.0,0.0,0.4187842,321.66565,258.0132,0.5187245,0.0,0.0,0.32151714,356.45694,257.898,0.92187995,344.89014,257.1904,0.90207887,353.11954,309.21677,0.8926396,346.5142,308.57376,0.8456142,351.8329,360.3768,0.84350854,348.76428,358.81064,0.79778165
0.0,0.0,0.20601846,0.0,0.0,0.06760217,0.0,0.0,0.19491594,0.0,0.0,0.17224744,505.8221,195.45831,0.63344777,484.72214,208.85007,0.8569477,506.42636,209.79425,0.9243636,0.0,0.0,0.48921713,515.0508,227.93372,0.78203034,0.0,0.0,0.36468118,515.3204,230.69415,0.5939768,488.67496,254.87068,0.95598155,503.55432,255.8103,0.96942097,488.87775,293.51385,0.95131963,505.3425,294.05008,0.9660687,490.5517,330.01517,0.9358958,507.33563,331.53177,0.95059067
0.0,0.0,0.09075282,0.0,0.0,0.03386623,0.0,0.0,0.08914354,0.0,0.0,0.3688513,752.90247,182.33478,0.7649947,723.192,199.0226,0.9481595,758.399,200.81575,0.9760709,714.0706,227.44823,0.610012,768.8313,226.18459,0.8516547,0.0,0.0,0.3331423,770.1063,234.13101,0.549721,723.8229,253.88498,0.9805798,746.9437,255.1088,0.98697776,725.17566,297.94144,0.95309657,748.1678,299.39682,0.96610105,724.8597,338.7939,0.91669637,743.2157,341.43234,0.9328746
662.8527,207.80342,0.9430822,665.864,205.07697,0.94028574,660.5342,205.13669,0.899312,671.3858,206.939,0.83057594,657.30975,207.47173,0.5874017,678.5755,223.16382,0.98793066,653.82404,223.73178,0.9819956,684.36475,243.20471,0.8793179,649.84045,243.56941,0.7888543,679.64355,260.524,0.77976,653.3666,260.41748,0.6765143,674.8958,260.4824,0.9475937,658.60846,260.5714,0.93792886,677.6551,287.65125,0.72828966,659.1862,287.61392,0.68815404,0.0,0.0,0.486771,0.0,0.0,0.44820422
0.0,0.0,0.12712628,0.0,0.0,0.11446117,0.0,0.0,0.045918033,699.93176,171.65718,0.8151184,0.0,0.0,0.4884037,695.1148,194.69919,0.9861438,732.36835,191.90239,0.97958976,691.77057,231.29362,0.9144116,747.2369,223.30693,0.81413645,683.9409,260.68054,0.7008533,748.224,244.30515,0.5365201,701.97516,253.71074,0.9931029,725.84357,252.74303,0.99155277,709.0811,301.44937,0.9812123,731.9143,301.2525,0.9744685,710.5519,346.55023,0.9496023,728.1946,345.40057,0.93723893
0.0,0.0,0.25307196,0.0,0.0,0.21578875,0.0,0.0,0.123052426,527.17255,194.31488,0.5387773,0.0,0.0,0.26159436,523.70905,209.55508,0.9141837,539.94684,212.12587,0.86946654,521.53735,226.79568,0.7717263,550.8957,235.11247,0.5692447,525.78815,236.12598,0.62343633,0.0,0.0,0.4394252,528.6713,256.31174,0.93247575,538.6812,257.68573,0.91682196,532.8903,295.09915,0.8763125,541.6711,296.0591,0.8396044,543.92847,329.2027,0.7881903,549.16516,329.8941,0.74900967
