0.0,0.0,0.19840945,0.0,0.0,0.12427081,0.0,0.0,0.065365985,530.07227,172.98544,0.67184764,0.0,0.0,0.3079136,519.69147,203.27953,0.97354895,571.1261,205.59563,0.9356847,501.2274,248.68474,0.935994,584.1408,249.36473,0.82770824,504.82214,286.91638,0.8469954,584.82227,290.33765,0.70614946,535.95996,278.1002,0.9951207,567.1788,279.31433,0.9928819,538.4371,341.1636,0.9941923,554.84235,345.5273,0.9922214,548.91077,398.61493,0.9847616,550.1889,406.1764,0.9823929
0.0,0.0,0.08131306,0.0,0.0,0.035861548,0.0,0.0,0.05353907,693.47766,172.2369,0.55222917,715.48175,172.07574,0.77883816,681.0822,201.03284,0.97503215,726.48663,200.5057,0.9826279,672.5522,239.52264,0.7794002,735.7671,237.79117,0.85376287,0.0,0.0,0.44448388,726.4915,261.45255,0.5314909,690.99725,271.0087,0.9926662,722.1064,270.99133,0.9941004,687.7742,327.59653,0.9854187,720.8925,327.68085,0.9869763,687.957,382.98392,0.9650056,722.4039,383.74973,0.96769863
0.0,0.0,0.11240721,0.0,0.0,0.11294038,0.0,0.0,0.032946303,786.1635,192.35432,0.84847873,0.0,0.0,0.41496062,780.7502,220.30212,0.98734355,818.083,218.36687,0.9835613,769.9631,257.48297,0.9449999,825.6269,253.71727,0.8775086,768.4974,286.1737,0.79478145,826.2446,282.59534,0.6535299,786.0169,287.60605,0.9946995,809.9866,286.57376,0.9938101,784.04175,337.27216,0.98251307,807.0728,337.0748,0.97528845,781.9099,387.3552,0.9437993,801.5885,385.9085,0.92871386
0.0,0.0,0.17364193,0.0,0.0,0.11506542,0.0,0.0,0.07736453,625.69556,155.9924,0.621461,0.0,0.0,0.41511494,616.57794,191.65315,0.9530975,667.15515,190.52963,0.9283881,607.9118,241.04865,0.80537444,677.49567,240.96507,0.7100023,611.26624,276.547,0.5124115,0.0,0.0,0.44409025,623.5559,278.91373,0.9860881,659.8996,278.20917,0.9835933,616.61444,341.65393,0.9789836,661.5347,341.79327,0.9775457,617.12695,400.77975,0.95257676,668.28235,402.9188,0.9514655
0.0,0.0,0.13424128,0.0,0.0,0.075351365,0.0,0.0,0.1089376,0.0,0.0,0.43488252,301.94363,231.08319,0.58225566,287.66357,242.10976,0.97557735,305.9027,242.50745,0.9801245,281.8603,257.298,0.77828705,311.52985,257.85208,0.8553239,282.84863,269.6491,0.5416107,312.18317,270.31836,0.6332413,289.92978,270.82407,0.9904067,301.58432,270.97534,0.99146736,290.18832,294.23605,0.97876316,299.95276,294.12204,0.9816434,289.73132,317.62524,0.9688581,297.9883,317.9607,0.97240734
0.0,0.0,0.13285634,0.0,0.0,0.08044173,0.0,0.0,0.09706036,0.0,0.0,0.477542,268.0745,236.10287,0.5267167,255.00659,246.81892,0.97500676,272.2995,247.09784,0.97736347,250.28928,261.0109,0.80641556,276.9057,261.20743,0.8436482,250.18811,272.52768,0.5675527,276.65704,272.96976,0.61208487,258.86618,273.43405,0.9856881,270.51736,273.574,0.98658365,260.02573,292.94397,0.9604644,271.33994,292.93988,0.9634017,261.36777,311.04172,0.936674,272.05435,311.06882,0.9404167
0.0,0.0,0.11024416,0.0,0.0,0.05181203,0.0,0.0,0.087859176,0.0,0.0,0.3396587,493.05502,210.75363,0.59947354,468.01752,231.4468,0.9037289,497.27377,232.01862,0.90696084,459.3093,257.13666,0.54185224,500.24936,256.96118,0.5831236,0.0,0.0,0.30355254,0.0,0.0,0.32799786,474.21298,277.2173,0.96235114,493.62045,277.98398,0.96201974,480.25528,312.867,0.9588539,496.02603,313.6145,0.95735425,480.37317,347.59598,0.94951415,493.31158,348.9345,0.9477927
0.0,0.0,0.1515408,0.0,0.0,0.07680146,0.0,0.0,0.14419307,0.0,0.0,0.41370463,364.18704,236.3859,0.6844464,348.72183,247.00406,0.9758606,368.01703,247.83835,0.9834719,343.4242,261.8622,0.7720909,372.84308,262.73056,0.894069,345.2817,273.86963,0.51747024,373.31702,274.9684,0.6823657,351.79294,275.22217,0.982643,364.72385,275.5504,0.9859519,352.6513,297.43646,0.9403569,364.86166,297.4945,0.95364666,352.43155,317.1692,0.8962171,363.56354,317.6083,0.9141805
0.0,0.0,0.20425141,0.0,0.0,0.102185205,0.0,0.0,0.2103014,0.0,0.0,0.1987666,478.92453,221.50705,0.55716676,465.92386,237.13713,0.87185085,478.16287,236.92177,0.9208082,0.0,0.0,0.48389453,475.26013,259.95853,0.7171284,0.0,0.0,0.33705893,475.75818,277.29596,0.52749765,473.89572,279.89142,0.9468582,480.34537,280.61392,0.9582129,476.23584,312.80466,0.9143735,481.80396,313.08948,0.93256795,478.01584,342.41794,0.86529684,481.06607,343.2157,0.88685834
0.0,0.0,0.062231228,0.0,0.0,0.037326325,0.0,0.0,0.040371478,0.0,0.0,0.28741187,0.0,0.0,0.34326896,474.75354,227.06148,0.7992427,503.21152,226.67664,0.7506739,0.0,0.0,0.4007896,0.0,0.0,0.32342938,0.0,0.0,0.21562003,0.0,0.0,0.17522554,483.19894,273.90237,0.91156375,501.7305,274.00198,0.90010774,486.73627,309.7574,0.9154743,500.98566,309.90454,0.9036235,489.09357,343.81857,0.9051176,498.67523,344.24384,0.89570457
