0.0,0.0,0.032706335,0.0,0.0,0.0034679866,0.0,0.0,0.0227844,0.0,0.0,0.004020637,0.0,0.0,0.099804044,0.0,0.0,0.21998124,685.2072,32.5471,0.7120239,755.4634,174.70345,0.50181,649.75226,167.50912,0.92013544,745.0208,205.29318,0.52590054,692.5255,158.33871,0.88617593,788.1466,281.53793,0.8844042,713.3488,283.31033,0.95085293,0.0,0.0,0.20157456,0.0,0.0,0.35641405,0.0,0.0,0.014004219,0.0,0.0,0.020828748
0.0,0.0,0.11857257,0.0,0.0,0.0723053,0.0,0.0,0.06701737,251.04932,184.04712,0.7413334,267.9046,183.79205,0.72521394,240.85622,205.66803,0.9900682,277.88364,205.58585,0.9932509,228.05142,234.58034,0.92928094,290.19315,234.61272,0.944862,223.4544,260.58737,0.7499243,292.04602,260.41864,0.771887,248.55095,259.34766,0.99637336,272.03894,259.5834,0.9969607,247.03554,299.79065,0.98807985,270.09198,300.325,0.98800164,249.47725,338.76834,0.9677243,268.90292,339.32455,0.96723324
445.32697,157.32295,0.9590328,449.30515,153.0229,0.8596017,440.0304,153.10745,0.94254076,455.17938,156.32054,0.54827964,433.1399,156.386,0.8442795,466.52457,187.11671,0.97108936,422.21625,184.67021,0.9930085,470.75638,220.72777,0.84407616,417.4514,216.9126,0.9752892,465.4137,221.20819,0.7942148,454.00775,218.82484,0.94666696,461.28845,261.43,0.9873656,431.98746,260.40594,0.9938175,457.68948,322.89523,0.97668266,432.05878,319.54303,0.9893085,445.75317,372.93948,0.9426343,425.3745,368.77594,0.96588135
500.34882,198.83994,0.9376889,503.63083,195.45639,0.88826776,496.8117,195.30128,0.8960709,507.66687,198.27965,0.626078,489.8383,197.58464,0.66506135,512.7184,219.48036,0.9857759,480.86957,219.05754,0.9870575,522.5806,244.49155,0.9312257,473.3656,241.54471,0.92575246,528.68134,266.15173,0.8964697,479.07513,252.88838,0.8862819,507.80597,270.5578,0.9915216,487.63712,271.2012,0.991804,509.9127,309.831,0.9844786,493.62268,310.72476,0.983489,505.58957,348.33057,0.966047,491.898,349.3861,0.96437585
0.0,0.0,0.2123252,0.0,0.0,0.102349274,0.0,0.0,0.18629394,0.0,0.0,0.43584457,87.98321,216.37321,0.72311705,72.365395,227.63188,0.9674614,91.16723,228.27087,0.9836534,65.65221,241.46599,0.7900046,96.22061,242.18176,0.91626465,65.56738,254.04251,0.59498435,96.96654,254.21019,0.7608955,72.74623,255.27293,0.9866997,84.92392,255.65793,0.99063736,72.62056,276.6172,0.97303706,82.12404,277.0437,0.9793814,73.32393,296.68536,0.954266,80.86804,297.65903,0.9616633
0.0,0.0,0.17293006,0.0,0.0,0.11340889,0.0,0.0,0.13981415,0.0,0.0,0.4892444,120.38447,217.35547,0.5786808,108.20144,227.83293,0.9718221,124.49007,227.8184,0.9752573,102.90676,242.30022,0.7898078,129.0017,242.05682,0.8402581,102.09656,254.48447,0.5797647,128.7131,254.71738,0.637723,110.641884,254.07399,0.98471224,121.759285,253.95798,0.9861065,111.26429,275.10806,0.9650674,121.349556,274.90637,0.96845543,111.55603,295.0752,0.94427055,120.97129,294.84714,0.94865197
0.0,0.0,0.1176681,0.0,0.0,0.059665933,0.0,0.0,0.09346574,0.0,0.0,0.3742254,165.46272,213.17697,0.6082173,148.73053,225.06786,0.9519594,169.74977,224.58186,0.97061265,145.12677,240.03995,0.78388995,174.47255,238.68413,0.8890113,145.63925,252.15202,0.5812818,173.03888,249.22406,0.7144724,150.95154,253.68207,0.9827939,164.84195,253.52034,0.9869796,151.14256,276.7733,0.9620386,161.90216,276.7647,0.96925575,151.27415,298.14212,0.930999,160.56313,298.56647,0.9400063
0.0,0.0,0.028598677,0.0,0.0,0.0042049503,0.0,0.0,0.048126288,0.0,0.0,0.007297639,0.0,0.0,0.26088056,0.0,0.0,0.054301973,0.0,0.0,0.43426615,0.0,0.0,0.02994318,0.0,0.0,0.47037244,0.0,0.0,0.03274809,0.0,0.0,0.30377054,0.0,0.0,0.1554024,0.0,0.0,0.38393077,0.0,0.0,0.029169865,0.0,0.0,0.08453167,0.0,0.0,0.011538723,0.0,0.0,0.021643182
0.0,0.0,0.047209974,0.0,0.0,0.027476437,0.0,0.0,0.03410813,0.0,0.0,0.30289805,0.0,0.0,0.41013253,299.59216,231.97728,0.88281,321.70554,231.0092,0.9091263,296.57913,247.55142,0.65964,328.92075,245.5135,0.77032465,0.0,0.0,0.43690923,329.95654,257.9258,0.5455592,303.83347,261.78598,0.969667,318.63394,261.59747,0.97395974,306.07935,285.40292,0.9495175,321.02307,285.33014,0.9549094,307.83292,306.89734,0.9309655,322.50275,306.4019,0.9357081
0.0,0.0,0.1991061,0.0,0.0,0.12974268,0.0,0.0,0.14840014,0.0,0.0,0.48210856,402.33298,202.33954,0.5224423,385.6275,215.89868,0.9581884,406.0883,216.32596,0.9615996,378.8468,234.93652,0.6964648,409.8472,235.41966,0.73095286,0.0,0.0,0.47275114,407.6376,251.17773,0.5008066,389.12668,250.78128,0.9788261,401.59027,251.09494,0.9798227,391.0245,279.91333,0.9573395,399.907,280.02628,0.95904464,392.56345,308.2486,0.9254908,397.7162,308.69318,0.92818916
562.6029,214.52109,0.87291557,565.0595,212.60245,0.8461575,561.59216,212.45682,0.7218199,569.9771,214.26437,0.74897027,0.0,0.0,0.4117214,574.86707,226.07947,0.9794606,557.3671,226.58046,0.9649486,574.91864,239.00122,0.9201626,553.57733,240.24495,0.78944725,563.1309,236.5603,0.8722057,559.1634,239.34825,0.73896784,570.1484,258.32886,0.97420007,558.68787,258.18076,0.9647543,567.12164,282.99103,0.9497984,556.39996,282.71243,0.9241973,565.1104,305.83334,0.90836704,556.1635,304.8283,0.87689865
0.0,0.0,0.12642246,0.0,0.0,0.1220689,0.0,0.0,0.047219906,353.09296,206.4498,0.57677233,0.0,0.0,0.13354677,352.84897,218.58858,0.93678427,364.96115,218.14676,0.8900004,349.65002,235.41365,0.78708935,0.0,0.0,0.4992891,344.32886,244.20126,0.59324104,0.0,0.0,0.34059593,352.80292,251.61964,0.9757656,360.48752,251.10637,0.9675181,350.91776,279.53622,0.9562243,356.3854,279.1311,0.9369031,352.94067,305.46585,0.91530347,354.9258,304.53485,0.88938385
