0.0,0.0,0.0062003545,0.0,0.0,0.0044083525,0.0,0.0,0.0007982114,550.234,0.0,0.66361403,0.0,0.0,0.07648356,540.0859,59.67214,0.9323197,646.0917,45.85471,0.76947904,505.7461,174.22467,0.8830759,658.0123,152.27736,0.5627287,517.8185,188.65211,0.65991,0.0,0.0,0.34893563,560.7721,257.19257,0.9755358,633.21344,249.4727,0.9589856,541.9639,429.27246,0.8160412,620.2383,419.02414,0.7425346,0.0,0.0,0.18382351,0.0,0.0,0.15141883
0.0,0.0,0.12940711,0.0,0.0,0.054598216,0.0,0.0,0.076961584,0.0,0.0,0.4536668,253.03236,189.5003,0.66130936,229.76321,209.4543,0.98277146,261.33234,208.9495,0.992238,222.02405,238.17987,0.9247584,273.8214,238.7186,0.9725208,220.29005,263.45187,0.81364715,277.49213,264.15463,0.90227395,237.37883,263.0139,0.9967686,258.48178,262.66324,0.9980394,236.60434,302.164,0.99098676,260.16632,301.5837,0.9939557,236.93425,337.9754,0.9746284,261.54736,337.76022,0.9812945
0.0,0.0,0.055124875,0.0,0.0,0.07987183,0.0,0.0,0.01263895,832.7149,180.0513,0.57670736,0.0,0.0,0.05857882,831.9032,202.54288,0.85469097,854.0,202.45042,0.5900919,821.86273,236.06203,0.81809914,0.0,0.0,0.23938331,808.4128,260.57043,0.6245223,0.0,0.0,0.18252099,836.38495,266.15237,0.9244616,851.49243,265.71805,0.8534635,837.2569,312.4831,0.8952652,846.57574,312.66656,0.77908,844.7906,358.59344,0.8063345,846.9442,358.1523,0.6877676
476.1489,150.46034,0.8692073,480.85504,145.89484,0.6688495,471.23926,146.2799,0.85493165,0.0,0.0,0.3617342,461.97095,149.95288,0.74429804,492.81128,180.56349,0.9115727,449.93286,182.01355,0.97744876,504.41074,224.26044,0.6122384,451.8292,221.72487,0.9169116,489.60767,224.92764,0.54604924,483.41537,211.00822,0.8376022,480.04916,256.1427,0.97707784,454.28775,257.83157,0.9879561,464.6358,313.91815,0.9805871,463.2973,324.17062,0.99067897,443.81387,367.24734,0.968215,469.95444,386.58524,0.98021406
0.0,0.0,0.1975436,0.0,0.0,0.12287324,0.0,0.0,0.14189513,77.25851,218.90303,0.54178196,85.462364,218.8644,0.6197155,71.44201,230.78621,0.9696445,90.0599,230.78052,0.97784835,65.88595,244.60867,0.83121216,96.23053,244.1293,0.879718,64.739685,257.098,0.6409942,95.935936,255.50633,0.7015476,73.185524,257.04715,0.98541796,85.14785,257.21262,0.9874801,73.35872,277.71408,0.9697761,82.634346,278.0841,0.97141933,74.49595,296.88718,0.94789755,81.660774,297.34546,0.94908327
0.0,0.0,0.21081108,0.0,0.0,0.13177925,0.0,0.0,0.15439393,116.41066,218.03607,0.55569977,125.27178,218.32266,0.59284925,110.56792,228.80026,0.9824239,128.41231,229.32243,0.9836109,103.54357,242.7986,0.83753103,133.09846,243.20813,0.8643271,103.38803,255.4444,0.64856863,133.24628,255.92194,0.67802113,111.336975,254.69621,0.99134564,122.13073,254.9702,0.99164844,111.979416,275.30728,0.97993875,120.03556,275.22568,0.98098236,111.12606,294.3678,0.96416616,117.65466,294.786,0.9659078
0.0,0.0,0.20752504,0.0,0.0,0.10156069,0.0,0.0,0.14340317,0.0,0.0,0.40233278,379.5607,205.67787,0.61082715,363.9253,220.456,0.9479188,385.3721,220.51915,0.9648968,359.07727,238.69556,0.71935046,391.06567,239.93307,0.8347406,362.05627,253.24959,0.52925974,393.30862,254.71948,0.6518164,368.82755,256.13803,0.978964,384.24832,256.04922,0.9840433,364.56525,284.14563,0.96568173,385.56793,283.8161,0.9727834,361.19,309.452,0.9483192,387.53635,309.3525,0.95664364
0.0,0.0,0.112150036,0.0,0.0,0.07389089,0.0,0.0,0.07524726,0.0,0.0,0.4530083,0.0,0.0,0.41556054,148.25139,226.33066,0.9620304,164.88936,226.4278,0.96217895,142.55809,240.5296,0.7758628,168.40424,240.48923,0.7799659,140.6625,250.3722,0.55293196,167.26627,250.78815,0.5523718,150.00606,254.01419,0.9856365,160.70576,254.01688,0.9857905,151.02522,276.12216,0.97044724,159.18211,276.0718,0.97062016,151.74982,296.51636,0.95075357,157.61354,296.43835,0.9511602
0.0,0.0,0.1615712,0.0,0.0,0.19803116,0.0,0.0,0.043669377,774.2359,209.88393,0.74283767,0.0,0.0,0.14761275,776.36096,223.2961,0.94239485,798.0931,221.48604,0.841063,773.33655,241.34747,0.8169274,0.0,0.0,0.38617402,768.0942,254.50868,0.6015905,0.0,0.0,0.26301986,783.7238,260.42868,0.95168775,798.06287,258.96985,0.9203528,782.5868,288.16586,0.91439503,796.4906,287.13644,0.85009307,783.42957,313.77243,0.8645341,794.753,311.1094,0.80104345
0.0,0.0,0.09731305,0.0,0.0,0.09976468,0.0,0.0,0.039625436,332.19226,205.35118,0.6621739,0.0,0.0,0.26757735,328.91953,218.69943,0.9480499,348.39212,219.0001,0.89699775,323.3491,235.49211,0.8256542,351.7375,236.49965,0.54476434,320.5704,249.03043,0.6063397,0.0,0.0,0.35140523,330.81543,252.7021,0.97932625,344.42017,252.91232,0.9688001,329.227,279.46503,0.9737804,345.88004,280.15927,0.9551781,327.93155,305.23947,0.96325606,346.46832,305.18854,0.9448845
0.0,0.0,0.09113993,0.0,0.0,0.059724413,0.0,0.0,0.07914132,0.0,0.0,0.3814982,300.86133,221.34094,0.5007844,285.6705,232.26477,0.93426275,306.17163,231.81535,0.9457175,279.76248,248.20648,0.6380747,312.89255,246.89107,0.73789275,0.0,0.0,0.38636908,0.0,0.0,0.47153258,290.32254,260.37436,0.9656475,303.67145,260.04718,0.9698443,291.4016,284.38614,0.91701525,303.1952,283.89023,0.92767966,292.00006,305.69193,0.87655,302.62366,305.20773,0.889136
0.0,0.0,0.13878523,0.0,0.0,0.07825502,0.0,0.0,0.12660882,0.0,0.0,0.3311805,428.38464,214.23964,0.55077785,415.19037,225.09691,0.9558971,431.30167,225.10536,0.96515036,408.89093,239.60538,0.7413178,435.0291,239.49977,0.8336545,408.44147,249.62679,0.5182753,434.348,250.0623,0.62530667,418.51227,253.49405,0.97786695,428.39835,253.59676,0.98039126,419.09085,275.7907,0.93653244,427.74637,275.8322,0.9450214,418.37854,295.98685,0.8909803,425.4734,296.28128,0.9025068
0.0,0.0,0.16046199,0.0,0.0,0.07757501,0.0,0.0,0.119774535,0.0,0.0,0.3053484,706.9562,209.28154,0.5315764,690.26886,222.13289,0.89517033,713.00934,221.02429,0.91238785,689.58405,237.20413,0.5434611,723.9865,234.98412,0.6575434,0.0,0.0,0.35507473,0.0,0.0,0.44095436,696.5958,257.00427,0.94269466,711.52704,256.72794,0.95054275,702.2318,288.71268,0.8976247,715.7473,288.3165,0.9122284,707.0609,318.103,0.8508703,717.4419,317.64453,0.86576915
663.08545,208.47722,0.7767129,665.88104,205.54659,0.7681246,660.66095,205.76218,0.59905934,671.3591,207.73662,0.6919917,0.0,0.0,0.31724435,676.7286,225.1913,0.92068684,657.19836,226.49892,0.8387038,681.25543,244.22684,0.71277237,0.0,0.0,0.38630646,677.20184,251.82997,0.60779727,0.0,0.0,0.34725362,674.814,263.61234,0.8409403,662.0542,264.3177,0.77506053,674.21344,291.88007,0.79249346,664.04224,292.52097,0.69871867,677.2012,320.09613,0.74791265,668.667,319.9476,0.6691776
