698.6244,158.86612,0.94025457,698.7115,153.85298,0.58761203,692.8581,153.17953,0.9357085,0.0,0.0,0.17759271,675.7276,158.4064,0.920257,694.2125,197.93501,0.96493274,661.04126,194.63048,0.997619,698.4957,243.70349,0.8477229,650.274,248.74092,0.9946384,705.9141,248.28035,0.8264963,650.5533,281.09976,0.9860933,696.1567,284.97086,0.9952624,671.9326,282.41275,0.99870205,695.0759,357.0018,0.9919533,661.471,347.86484,0.9977786,688.4891,416.1207,0.97599494,640.6649,404.757,0.9896219
0.0,0.0,0.14033785,0.0,0.0,0.10988484,0.0,0.0,0.04480748,324.1993,132.34448,0.721316,0.0,0.0,0.2698281,309.71167,168.2263,0.964981,370.5319,166.20197,0.8796486,293.8626,217.44962,0.87558496,366.93054,213.2882,0.575714,304.60486,227.58101,0.6731689,0.0,0.0,0.38770738,317.42606,263.37888,0.9913073,359.66763,262.29053,0.9844507,314.53455,345.4567,0.98770833,358.6314,349.38867,0.98007375,312.86282,424.54926,0.9599109,357.36786,436.3333,0.9460743
0.0,0.0,0.43285316,0.0,0.0,0.18753284,0.0,0.0,0.3774433,0.0,0.0,0.4694,193.72685,203.11093,0.84143543,173.18661,220.24263,0.98047,197.95122,220.60403,0.9888847,161.29698,241.03537,0.82039887,205.16026,243.03572,0.9201267,160.81497,258.52512,0.6444297,207.49722,261.7012,0.7790804,176.68265,260.4379,0.9890604,192.78075,260.41705,0.99207944,177.94487,289.8943,0.9780766,191.89877,289.5819,0.9835248,179.01068,318.32794,0.9625108,191.43912,319.12933,0.96961606
764.76855,164.05042,0.9762921,770.441,160.20793,0.94562656,759.15784,159.10313,0.9287317,777.56177,165.80768,0.81109446,750.4817,163.8451,0.7216807,788.20044,201.87361,0.9954295,734.7738,199.09164,0.99024993,806.67163,244.40027,0.97486055,710.0424,239.40082,0.93804795,817.3476,261.59445,0.9438931,713.7401,247.52919,0.89937115,772.92224,288.69864,0.99481034,741.9868,287.8588,0.9925063,764.3478,357.08508,0.97798526,750.46045,356.39868,0.9697809,749.5371,414.24384,0.8889211,751.9749,412.57355,0.8652328
460.88385,212.97948,0.90820074,463.64233,210.80743,0.8945646,459.65347,210.55447,0.7800651,468.49094,212.52176,0.80489004,0.0,0.0,0.43020496,474.27765,226.05232,0.9897983,453.94418,225.9301,0.9821817,478.79504,241.27954,0.9626451,447.66058,241.0865,0.8754249,472.12112,246.7093,0.9361028,448.47006,248.01033,0.83691454,468.54565,259.09433,0.9917386,455.19702,258.60764,0.9883632,469.47897,285.26114,0.985157,451.7638,284.5499,0.97556317,471.06393,310.04398,0.9719357,451.9922,308.69275,0.9592418
0.0,0.0,0.2240339,0.0,0.0,0.13207918,0.0,0.0,0.22517554,0.0,0.0,0.091874994,0.0,0.0,0.26523578,0.0,0.0,0.26991993,842.9553,230.63718,0.587524,0.0,0.0,0.13597268,833.95905,256.0173,0.5660324,0.0,0.0,0.16389489,0.0,0.0,0.48689687,0.0,0.0,0.29068783,0.0,0.0,0.47485802,0.0,0.0,0.23260802,0.0,0.0,0.3941078,0.0,0.0,0.25401503,0.0,0.0,0.38077772
237.22665,223.30997,0.54126793,0.0,0.0,0.2875457,0.0,0.0,0.49966478,0.0,0.0,0.26854146,230.8048,221.9183,0.6357355,229.58301,233.91286,0.92016,229.1446,233.95491,0.9574232,225.93802,247.49022,0.6153598,230.21713,246.99834,0.81802934,222.01552,252.64633,0.5355492,229.19664,253.0704,0.7048785,229.82002,263.95505,0.9631578,230.14717,264.03848,0.9734451,228.96724,288.17642,0.95808893,231.15797,288.06757,0.9682864,229.1008,311.56058,0.9481926,231.60832,311.98697,0.9573948
0.0,0.0,0.16314897,0.0,0.0,0.1726047,0.0,0.0,0.06392465,266.7026,212.16006,0.69375867,0.0,0.0,0.24375704,264.67328,223.30421,0.95485693,282.79163,223.35541,0.88007545,259.51807,236.96698,0.83660847,0.0,0.0,0.4551365,255.83269,245.0313,0.6338689,0.0,0.0,0.30903387,267.74277,250.06902,0.9767345,279.50024,250.01997,0.95799154,268.86572,273.3219,0.9727199,278.96832,273.62842,0.94600993,270.37427,296.063,0.9628469,278.01535,295.33807,0.9378017
0.0,0.0,0.27020726,0.0,0.0,0.18073379,0.0,0.0,0.180408,0.0,0.0,0.4936514,99.5327,222.93625,0.50596,89.09795,232.13748,0.95203686,102.562325,232.00018,0.94763565,82.88579,242.94026,0.7693947,105.79894,242.66763,0.74029744,81.20399,252.85747,0.5938882,105.179474,251.95868,0.5661079,90.71598,253.36105,0.9738749,99.64399,253.34514,0.97244847,88.677216,269.7801,0.960079,97.30063,269.95096,0.9553864,89.68607,285.57166,0.9495629,97.91332,285.7338,0.9447808
0.0,0.0,0.11862208,0.0,0.0,0.072496325,0.0,0.0,0.095973946,0.0,0.0,0.36089572,0.0,0.0,0.45803526,118.90866,230.93677,0.95084304,134.37437,231.70158,0.95672524,112.71101,242.00433,0.7407478,137.15451,243.0808,0.7943632,112.039345,251.41058,0.5158082,136.64609,252.631,0.5694529,119.993484,253.36725,0.97594994,129.58647,253.72824,0.9773925,120.88164,270.82098,0.94639516,128.49828,271.07455,0.9504436,120.46309,285.91278,0.9202085,126.678505,286.468,0.9252511
416.6722,226.43248,0.7597798,418.3944,224.62395,0.7332922,415.61993,224.50291,0.62354666,421.83826,225.40886,0.6032125,0.0,0.0,0.34185642,425.78067,234.85944,0.96719134,411.9219,234.43138,0.9553046,428.05365,246.0833,0.8637108,407.69266,244.8348,0.77717876,422.78818,251.99718,0.8187022,408.61948,250.68848,0.73983103,422.2158,257.93118,0.97793716,413.5008,257.56998,0.97433573,420.17685,276.0532,0.96035445,412.00693,275.6522,0.952313,419.6133,293.56415,0.9330706,412.32852,293.02362,0.9231865
