0.0,0.0,0.23961373,0.0,0.0,0.076049745,0.0,0.0,0.16916877,0.0,0.0,0.39543515,181.64691,154.37128,0.716953,139.75282,181.97415,0.9553206,186.20175,186.65579,0.97985107,125.03222,230.70238,0.8210335,191.64758,234.46765,0.926348,122.620415,269.0431,0.6587758,189.57788,255.56354,0.8044356,142.37456,272.05637,0.99431217,174.76878,273.9253,0.9959383,139.1851,338.60693,0.99413043,178.30812,340.71945,0.99590707,133.20514,404.1051,0.98587245,180.7322,405.6249,0.988836
0.0,0.0,0.12361315,0.0,0.0,0.03562273,0.0,0.0,0.1167599,0.0,0.0,0.37830055,632.5171,199.86475,0.85186774,603.8724,220.76524,0.98186064,637.36053,220.29793,0.9952539,595.11707,250.81636,0.8685106,647.6032,247.36581,0.9791204,597.063,280.2191,0.6874902,651.3582,274.21826,0.8960189,612.91876,272.73404,0.99625105,635.634,273.09183,0.99814045,610.4298,312.13867,0.98732007,637.71063,312.13245,0.9927893,609.5134,348.5885,0.9663108,639.8615,349.59738,0.97753215
557.5681,201.39789,0.93688273,560.6292,198.67886,0.90258795,555.20795,198.56567,0.87767226,565.40735,200.96143,0.73866725,551.3849,200.63347,0.63526833,572.25555,218.85876,0.99005055,544.1807,219.36386,0.9911097,578.3643,239.20198,0.94497967,537.6645,241.01157,0.9346436,580.0847,260.2143,0.9090444,536.0811,261.76172,0.8896756,567.6514,260.4781,0.99127287,549.71423,260.67038,0.9915564,569.5565,292.64783,0.9784802,548.9021,292.60617,0.9762332,570.28357,321.98752,0.9503827,548.85425,321.5717,0.9468968
0.0,0.0,0.112108774,0.0,0.0,0.04698367,0.0,0.0,0.09541896,0.0,0.0,0.466884,384.09705,211.53554,0.7682187,356.69815,231.66983,0.9770129,391.4615,231.97643,0.9867997,349.46927,257.06116,0.82819897,404.1889,257.669,0.917662,354.11084,272.4454,0.58215106,405.908,272.94623,0.7121379,363.97537,280.4684,0.9926565,385.6748,280.80307,0.9944254,368.10126,316.19687,0.9833794,380.13297,316.41772,0.98615867,372.39886,350.4555,0.964477,375.83795,351.33286,0.96819866
0.0,0.0,0.2637305,0.0,0.0,0.09043698,0.0,0.0,0.24000597,0.0,0.0,0.24755464,496.91312,185.30663,0.64101094,465.96747,210.87706,0.84479856,501.42752,208.45004,0.9392988,465.60513,237.1219,0.5520233,508.1023,230.55801,0.8374427,0.0,0.0,0.40036264,502.5844,228.13828,0.66496605,471.79877,279.2962,0.9548509,498.1925,278.85855,0.9725405,468.7404,326.04272,0.9598396,507.86636,325.08926,0.9765278,466.20044,368.57062,0.9451826,516.2183,370.0989,0.9610604
0.0,0.0,0.27641925,0.0,0.0,0.3472681,0.0,0.0,0.067673415,430.78897,198.79779,0.9058487,0.0,0.0,0.30953315,425.1384,218.36977,0.9869006,456.14392,215.62984,0.95264155,413.95157,238.67569,0.9328936,456.71716,233.3156,0.53072304,418.86234,236.73305,0.758683,0.0,0.0,0.32514954,431.8296,268.78546,0.9892601,452.9794,267.75623,0.9782446,432.80057,307.4755,0.9837748,451.60825,307.38022,0.96093756,433.81592,347.3548,0.96447134,451.98703,345.42816,0.93271434
0.0,0.0,0.08150929,0.0,0.0,0.049497053,0.0,0.0,0.053637605,0.0,0.0,0.49996758,703.55444,205.48125,0.56265736,685.2648,219.77458,0.9676284,709.94885,219.45654,0.9772809,676.6494,236.36075,0.8563316,717.49884,236.82079,0.9013882,674.96094,248.36214,0.6568617,718.81244,249.28442,0.7221465,690.3098,253.58385,0.99115646,706.1304,253.68518,0.9927026,692.2917,278.8509,0.98187274,706.03467,279.17218,0.9833726,693.3018,304.6061,0.9655367,704.74426,304.73465,0.9672262
266.13196,208.86288,0.8421902,268.98697,205.86931,0.8523023,265.0056,206.06592,0.57024854,277.3256,206.35773,0.81836206,0.0,0.0,0.21695301,288.8912,221.58073,0.98437554,264.86502,223.04868,0.956083,296.33392,240.20047,0.9422264,260.88763,242.8627,0.68084866,282.4299,239.9167,0.8976719,264.85703,245.30153,0.64456,284.59222,267.29684,0.9886973,269.2034,267.16876,0.9802801,283.08533,305.08847,0.9831176,268.10895,304.8337,0.96585655,282.1366,343.8139,0.9664442,270.11154,342.35938,0.9432135
0.0,0.0,0.15210444,0.0,0.0,0.1402046,0.0,0.0,0.055502802,214.42499,213.97235,0.64105153,0.0,0.0,0.27803668,210.56209,228.84637,0.9491042,233.7521,227.96288,0.9040254,205.14651,249.33466,0.80497676,234.73619,249.63216,0.54362893,204.95293,260.7681,0.57334065,0.0,0.0,0.34908402,215.78462,265.6086,0.95829874,231.80562,265.1982,0.9426596,213.79445,291.96506,0.9170195,231.09422,291.96066,0.87845063,216.1152,319.86438,0.85517555,233.6676,318.9656,0.81256133
0.0,0.0,0.35976765,0.0,0.0,0.20548822,0.0,0.0,0.34373388,0.0,0.0,0.30792898,813.54083,226.39522,0.621762,807.1685,234.38084,0.9668794,812.92206,234.80551,0.9770492,806.048,244.5096,0.78251845,814.21967,245.40671,0.897232,807.227,249.61772,0.67209256,817.0234,250.55943,0.80033046,806.4185,255.43074,0.9874598,810.66095,255.69786,0.98965085,806.1675,272.93567,0.9801515,810.9485,272.98425,0.9844694,803.9816,290.01425,0.9713074,808.72424,290.60162,0.97646165
