0.0,0.0,0.25673917,0.0,0.0,0.06750051,0.0,0.0,0.1785461,0.0,0.0,0.25518957,318.1646,179.80725,0.72273767,279.2783,204.55176,0.9501871,325.411,202.2287,0.9733194,267.1855,244.55548,0.8550037,349.4643,219.2774,0.9320687,271.96674,276.03793,0.73963594,343.17627,205.99704,0.85384434,291.5595,279.0684,0.98971444,319.44772,278.75824,0.99187124,299.82196,330.6393,0.98278135,314.26276,325.92905,0.98658437,303.39783,382.84647,0.95135427,310.42957,370.54434,0.9594313
0.0,0.0,0.051336195,0.0,0.0,0.035712343,0.0,0.0,0.023570271,372.8414,199.06358,0.59808385,0.0,0.0,0.48838237,366.8854,222.101,0.9693739,405.1349,217.43384,0.9797299,357.10254,255.75528,0.86853766,416.4091,243.05307,0.9107064,356.70746,283.6871,0.63555783,413.69485,264.64124,0.7037807,378.62112,276.34445,0.99144053,402.59824,274.69995,0.99318564,381.43948,316.06097,0.9731165,399.4986,315.08456,0.9757416,380.21146,355.97186,0.92928445,391.3157,353.76984,0.9344483
0.0,0.0,0.065107115,0.0,0.0,0.019405697,0.0,0.0,0.06631732,0.0,0.0,0.33988512,590.933,197.11331,0.83810306,562.2309,217.31448,0.97116446,600.17755,217.44739,0.9891573,555.0041,242.69968,0.77709454,612.3869,246.22379,0.9463028,0.0,0.0,0.49804005,613.4572,261.8844,0.7636448,571.06934,270.891,0.99378645,596.7828,270.80222,0.99638855,569.48596,311.75568,0.98412746,596.27747,311.22214,0.9900125,568.62146,350.54376,0.9626315,595.09283,350.69647,0.9729476
0.0,0.0,0.11635129,0.0,0.0,0.08192203,0.0,0.0,0.05703669,154.50308,205.51186,0.601984,0.0,0.0,0.4442822,146.47083,220.97972,0.9572889,174.08597,221.67111,0.9479645,137.3756,240.66063,0.7710166,174.6969,241.86856,0.6666005,143.06927,250.80043,0.50868255,0.0,0.0,0.40076885,150.74953,264.46005,0.980583,169.63785,264.99762,0.97720283,144.47455,299.9683,0.9656699,166.16719,300.792,0.95387405,142.07855,334.643,0.9393842,164.12471,335.0892,0.92449856
498.86197,196.03937,0.9240275,502.17935,193.19823,0.87945133,496.5519,193.0637,0.86272657,507.2805,195.48543,0.6970605,493.1584,195.06917,0.63295835,513.0063,213.68161,0.9864107,487.58563,214.06525,0.9891651,519.593,235.18936,0.91501236,483.8487,235.77156,0.9196207,520.6598,252.28673,0.86635154,487.37265,250.52824,0.8644847,512.0623,256.65543,0.9878462,495.3142,257.26553,0.9892805,516.53046,290.2572,0.97348344,496.79926,290.5548,0.9739804,521.46277,322.1193,0.9455884,499.13135,321.8331,0.9460449
0.0,0.0,0.09043997,0.0,0.0,0.05372409,0.0,0.0,0.055064112,0.0,0.0,0.4613081,697.5804,198.75865,0.5211234,677.9053,215.67094,0.9634344,704.5151,214.99168,0.97434527,672.80396,235.55225,0.83295524,710.3332,237.1327,0.8875286,673.98737,252.51198,0.60997367,710.707,257.36487,0.68988305,684.2758,254.64464,0.9886628,701.38696,254.41586,0.99090517,686.1146,282.8259,0.9725466,698.1448,282.72314,0.97587717,689.9779,309.44904,0.94637656,697.8751,309.09958,0.9508263
451.2446,202.11197,0.8687344,453.75662,199.30054,0.7863884,448.90485,199.29109,0.78204507,458.14957,201.05489,0.5680142,445.29883,201.01843,0.55518776,464.6285,217.7632,0.96997213,440.17197,217.86143,0.9768039,469.41116,237.71834,0.8402059,430.9794,238.18904,0.8677317,464.94562,256.30923,0.7772922,426.73367,259.3597,0.79963195,461.03128,257.2083,0.9786605,445.6522,257.14447,0.9809106,462.4203,286.37665,0.9627801,447.02847,286.05084,0.9634096,462.02902,313.2827,0.93667674,447.3203,312.36868,0.9374524
538.4594,205.45244,0.50928044,0.0,0.0,0.3656254,0.0,0.0,0.3653952,0.0,0.0,0.4936468,0.0,0.0,0.49733812,539.10956,220.19066,0.9547486,540.82904,219.67462,0.95626414,538.9467,238.4688,0.7894654,542.67017,238.53311,0.79073226,538.94037,252.4579,0.6610252,545.2973,253.29907,0.6585579,540.2716,256.93326,0.9753846,541.722,256.73087,0.9760827,540.5521,286.57767,0.9636807,541.135,286.29407,0.9628376,545.8766,315.38632,0.94086486,543.75104,314.73645,0.9394205
0.0,0.0,0.23522498,0.0,0.0,0.26697704,0.0,0.0,0.076007575,643.60974,216.08629,0.68153316,0.0,0.0,0.15498976,642.2369,230.07895,0.9443549,657.0935,229.67644,0.8378894,635.63574,247.49449,0.8532461,0.0,0.0,0.40631434,630.7982,255.7133,0.70279914,0.0,0.0,0.32391292,643.25104,265.40106,0.97194034,653.13525,264.97083,0.9481113,641.58264,294.0386,0.97314286,648.41864,294.1746,0.94404244,644.0721,322.8349,0.9639234,648.1964,322.15814,0.93798226
0.0,0.0,0.08184247,0.0,0.0,0.084671095,0.0,0.0,0.033870723,0.0,0.0,0.12609918,0.0,0.0,0.027228335,0.0,0.0,0.14555857,0.0,0.0,0.07745501,0.0,0.0,0.23879264,0.0,0.0,0.07104208,0.0,0.0,0.227448,0.0,0.0,0.08590517,0.0,0.0,0.15066789,0.0,0.0,0.10865785,0.0,0.0,0.1314604,0.0,0.0,0.08825682,0.0,0.0,0.06059205,0.0,0.0,0.045386784
0.0,0.0,0.18440597,0.0,0.0,0.21101123,0.0,0.0,0.051604982,210.15182,215.37416,0.7571141,0.0,0.0,0.19938944,209.40027,229.39372,0.9639357,230.57588,227.31038,0.88360304,204.50642,248.75238,0.87875295,0.0,0.0,0.43256202,203.86209,256.76016,0.6844118,0.0,0.0,0.2890182,220.66626,266.83215,0.9637392,235.49208,266.09918,0.9325306,222.95284,294.01138,0.922252,239.19171,293.6105,0.8477603,225.5225,321.92978,0.8508445,242.49478,319.8067,0.76672024
