0.0,0.0,0.21442865,0.0,0.0,0.08958616,0.0,0.0,0.09718289,0.0,0.0,0.484989,265.16772,166.93849,0.5246635,227.5086,194.62694,0.9719573,271.77692,196.70369,0.970787,214.666,237.94933,0.92204726,276.4167,239.891,0.90582657,209.7461,271.2765,0.824362,267.03467,263.28485,0.80614704,230.04758,272.53983,0.99559385,261.2518,273.54532,0.9951787,227.25708,328.86304,0.9940917,265.05444,330.7545,0.9937755,223.0844,386.13263,0.9829268,267.6505,387.58228,0.9825439
0.0,0.0,0.2646062,0.0,0.0,0.06297464,0.0,0.0,0.25635839,0.0,0.0,0.20867279,609.4007,201.87071,0.725354,582.44763,219.54752,0.9068196,610.7771,220.83676,0.97995865,576.58563,246.44064,0.6844535,624.0771,248.90184,0.95572853,587.5749,262.1917,0.53334004,633.3878,265.22217,0.86668205,586.2359,278.1953,0.98651356,607.74786,278.46054,0.9940124,582.14075,316.4478,0.9818677,619.2161,315.06512,0.99242353,571.9941,354.5606,0.96620363,628.5768,355.90955,0.9806307
0.0,0.0,0.079091236,0.0,0.0,0.028062468,0.0,0.0,0.06678053,0.0,0.0,0.34754246,419.11404,212.79851,0.74183434,390.1756,229.9711,0.96442497,427.88635,229.80873,0.9871645,384.2252,255.40738,0.76886034,440.92963,254.38377,0.94611144,388.38544,273.01093,0.5159063,441.9094,271.88733,0.7815007,398.21436,278.90088,0.98915356,422.59814,278.7201,0.99400926,396.85257,314.17197,0.96111524,418.18506,313.70398,0.97688967,396.94843,348.34265,0.9122787,414.17435,348.42,0.939275
0.0,0.0,0.098678164,0.0,0.0,0.02283161,0.0,0.0,0.12878442,0.0,0.0,0.17023875,651.8,200.14825,0.8575795,623.3408,217.3324,0.9261603,657.60486,217.92992,0.98495066,617.1703,242.05331,0.541112,664.999,242.59346,0.951893,0.0,0.0,0.33006755,667.60596,258.613,0.8011066,631.82074,266.35834,0.98062015,654.52057,266.76227,0.9922707,634.7039,303.344,0.9545879,652.0489,302.9975,0.9815735,637.6286,337.46106,0.91200167,651.5417,338.08145,0.95353234
0.0,0.0,0.09541953,0.0,0.0,0.059369236,0.0,0.0,0.054661937,154.5724,205.98256,0.5015308,0.0,0.0,0.47314402,146.0044,221.2655,0.94317234,173.28568,221.99858,0.942275,137.95798,241.149,0.708527,174.78998,242.86934,0.6811348,0.0,0.0,0.43892637,0.0,0.0,0.40655884,149.10129,263.75787,0.97607964,167.51682,264.4018,0.97466576,146.11424,297.16348,0.95949966,165.59541,298.09372,0.952429,144.07031,330.77893,0.93183064,162.34871,331.51874,0.9228497
0.0,0.0,0.28128287,0.0,0.0,0.16440007,0.0,0.0,0.18739127,470.24844,204.9989,0.5480783,485.35538,204.16412,0.6588891,463.9548,227.46611,0.9634809,494.96985,226.45724,0.9668003,454.2972,253.3843,0.76505643,505.71622,253.35004,0.7870269,451.82315,265.19748,0.5403209,504.6554,265.1405,0.5659431,475.66843,276.71805,0.97648025,495.0374,276.2356,0.9781743,478.86542,312.63898,0.96278346,492.13284,311.98978,0.9638737,485.07135,346.22946,0.9381634,492.13513,345.48907,0.9396157
530.23016,194.72342,0.9062501,532.3911,191.83426,0.8144295,526.8529,191.83144,0.86814415,535.07056,194.29333,0.53850096,519.74524,193.82074,0.7227169,540.3455,212.05289,0.97976685,511.75574,212.11327,0.9862109,547.97565,232.29132,0.84523743,508.169,233.59491,0.8935161,547.36475,243.48819,0.76985586,518.0122,242.02872,0.81379336,537.60834,257.16922,0.97902256,519.4335,257.56464,0.9827943,536.98846,292.3653,0.9422047,520.9665,292.77264,0.94932115,533.84344,325.68594,0.88582146,522.28906,326.32068,0.89664674
0.0,0.0,0.07219966,0.0,0.0,0.03366601,0.0,0.0,0.06012319,0.0,0.0,0.3352764,700.8309,207.84038,0.6100367,680.1939,221.91437,0.93541783,707.5198,221.22894,0.963277,674.4965,241.24045,0.7419159,715.8049,240.46674,0.889961,678.24786,259.65106,0.5128512,718.34845,260.1195,0.6981746,683.92755,256.61597,0.9815307,701.70764,256.43396,0.9864434,689.045,281.4712,0.9592679,703.1604,281.26544,0.96888494,689.03174,305.248,0.93246543,699.88196,305.02896,0.9438371
367.2138,188.4549,0.87536675,370.99487,185.14561,0.83470315,365.28067,185.46243,0.7874392,378.69244,187.2106,0.64690244,0.0,0.0,0.48436472,387.2441,206.19666,0.9432489,359.41095,208.71661,0.95273167,390.4283,224.32658,0.6873823,351.5512,229.9366,0.7191585,375.41425,219.32423,0.60841227,356.12946,232.37292,0.62453836,381.25656,256.87735,0.92750967,362.82715,257.28458,0.93555814,381.2111,297.11777,0.88147974,360.39777,296.94363,0.8852825,381.52142,335.105,0.8203103,361.9636,334.02908,0.8236556
209.69273,207.91591,0.7790297,211.77428,205.15063,0.5321992,207.19626,204.85567,0.8109317,0.0,0.0,0.21679364,201.05513,205.6974,0.76130474,212.34944,224.85829,0.82202256,194.01949,222.90332,0.95349234,0.0,0.0,0.26074487,186.82944,243.40001,0.8003861,0.0,0.0,0.23895596,189.76497,260.63284,0.6594945,209.90901,269.14856,0.8273005,197.74352,268.613,0.9171811,207.51714,306.2399,0.75197154,195.0325,305.49823,0.8736903,208.89755,342.08145,0.7258637,194.92479,341.38672,0.8300689
