303.97064,179.24265,0.9625493,307.6185,175.55331,0.9190871,300.2776,175.55878,0.93861777,312.8405,178.03308,0.6641192,294.2546,177.93544,0.7792361,319.5417,201.48587,0.99286956,285.14633,202.98167,0.9968997,327.58792,228.30028,0.9540395,276.1169,234.34769,0.98060775,332.78772,255.41898,0.93255746,276.86032,267.06665,0.9602993,315.76425,260.06876,0.99655896,294.4102,260.92023,0.9977422,314.28522,302.66193,0.99088484,296.1212,303.1242,0.9929751,311.63168,343.19052,0.97416115,297.16415,343.63956,0.97886604
608.85126,38.679104,0.6141184,612.6782,25.761755,0.5768143,0.0,0.0,0.1108499,636.50085,30.212912,0.96968466,667.92065,33.00227,0.5139203,620.7572,97.782875,0.99637645,721.7594,104.968155,0.990449,540.6067,191.94946,0.9803176,761.00397,226.25429,0.92011064,491.62924,233.6201,0.90523636,751.9954,309.0219,0.78222096,650.12665,302.43643,0.99332774,701.8136,306.49164,0.99052024,665.84265,445.65475,0.81112814,685.38,456.06482,0.7775646,0.0,0.0,0.16615859,0.0,0.0,0.15721141
0.0,0.0,0.090034746,0.0,0.0,0.06436309,0.0,0.0,0.045965966,119.14902,197.44086,0.610019,0.0,0.0,0.4538855,113.12252,215.21478,0.9720937,142.40518,215.23976,0.97030324,102.791145,238.92094,0.86315376,148.98885,239.87566,0.81668836,98.40823,254.90285,0.63452625,147.8465,257.1932,0.56275666,118.13203,260.06198,0.9904282,137.04173,260.0062,0.9897724,117.85641,293.76184,0.97776675,135.18568,293.91187,0.9729451,119.66187,325.63785,0.95571685,132.01216,325.41803,0.9485133
0.0,0.0,0.10912666,0.0,0.0,0.08871644,0.0,0.0,0.04347109,183.11302,195.65811,0.6253762,0.0,0.0,0.35144293,177.56967,212.94312,0.9669444,204.89577,213.49171,0.95166886,168.29538,234.68968,0.8800679,208.889,237.48004,0.77132094,167.906,252.8058,0.6983844,208.04005,255.7974,0.5665366,179.09694,257.51532,0.99042153,197.30507,257.44144,0.98855454,176.62787,291.3572,0.9856592,194.14241,291.74884,0.9809668,173.51672,323.9377,0.9746105,190.93614,324.10944,0.9689214
0.0,0.0,0.37243426,0.0,0.0,0.13111405,0.0,0.0,0.37108788,0.0,0.0,0.44064036,88.131485,200.4165,0.8911764,66.08949,217.07927,0.97791654,92.23132,217.29642,0.9907238,59.347836,240.72333,0.70872295,100.01794,238.51326,0.91059935,0.0,0.0,0.46535683,98.339584,254.43001,0.70353514,68.3516,261.3062,0.9854865,86.17145,261.4183,0.9905911,66.341446,292.26532,0.96660835,84.577354,292.20245,0.9767454,67.39066,321.89655,0.9393977,85.44211,323.0785,0.95229614
0.0,0.0,0.06122115,0.0,0.0,0.03603818,0.0,0.0,0.032364562,0.0,0.0,0.37668514,0.0,0.0,0.38668245,444.78976,201.14801,0.93612766,474.76035,200.43718,0.9287673,435.32385,230.16599,0.80910677,475.60852,228.57112,0.75776565,441.55206,250.70352,0.5834869,472.90427,246.79926,0.52606004,452.46008,257.85034,0.98864913,472.7491,258.06363,0.9876552,460.4976,300.14264,0.9844446,475.67685,300.37912,0.9817617,460.97595,342.57968,0.96725637,473.01718,342.5309,0.9632978
0.0,0.0,0.07506947,0.0,0.0,0.077006936,0.0,0.0,0.0372665,0.0,0.0,0.16835698,0.0,0.0,0.062357794,0.0,0.0,0.29463062,0.0,0.0,0.27770376,0.0,0.0,0.28128466,0.0,0.0,0.22239317,0.0,0.0,0.23228575,0.0,0.0,0.1939824,0.0,0.0,0.37944,0.0,0.0,0.37356433,0.0,0.0,0.3370605,0.0,0.0,0.32193196,0.0,0.0,0.2503239,0.0,0.0,0.25002858
375.7596,189.35825,0.9143481,379.594,186.07283,0.8365112,372.86557,185.67729,0.8703585,385.64325,189.09286,0.54227984,368.1369,187.94946,0.6608628,391.31784,210.58255,0.9786809,359.27954,209.80635,0.9886996,397.92358,233.76788,0.8706378,346.00912,234.73006,0.93348336,396.49796,249.99924,0.82619655,343.9014,256.1962,0.88432574,382.0157,263.0741,0.9908743,361.82007,262.37234,0.99326396,378.0192,302.9781,0.98482347,358.48257,302.13043,0.9872728,372.46402,341.96143,0.9695562,355.0156,340.94635,0.9734648
0.0,0.0,0.04652749,0.0,0.0,0.021921206,0.0,0.0,0.04435462,0.0,0.0,0.03910068,0.0,0.0,0.12776993,0.0,0.0,0.41519055,523.7543,237.09744,0.57450104,0.0,0.0,0.3539101,519.90936,248.21825,0.6435302,0.0,0.0,0.36305556,523.51587,254.1563,0.5895453,528.8728,265.45135,0.9264599,523.3316,265.23474,0.94778347,531.4926,292.80106,0.95646244,521.883,292.58234,0.9695887,528.8137,319.51508,0.9638235,515.0016,319.3642,0.9724167
409.00116,219.09235,0.68236417,410.4673,216.56314,0.56761146,406.67612,216.68175,0.6528579,0.0,0.0,0.31025624,0.0,0.0,0.49620545,416.6275,228.21103,0.9310467,398.76117,229.22919,0.9391758,422.8583,242.14043,0.7206228,398.92282,244.48198,0.80404663,422.2912,249.81467,0.6744703,407.34073,251.27594,0.74872446,414.1446,260.18756,0.9639047,402.9088,260.744,0.9670091,412.69073,285.43704,0.94593126,403.13507,285.54495,0.9521072,409.36417,309.3638,0.9018073,402.1239,310.12943,0.9111155
0.0,0.0,0.091074504,0.0,0.0,0.11341167,0.0,0.0,0.031697985,0.0,0.0,0.39305118,0.0,0.0,0.070084855,835.959,184.0888,0.62162125,0.0,0.0,0.3828122,0.0,0.0,0.48511204,0.0,0.0,0.12814893,0.0,0.0,0.31498796,0.0,0.0,0.09955813,839.20306,259.73608,0.65641004,848.7133,259.61182,0.5343179,843.3656,318.20825,0.53900355,0.0,0.0,0.39050856,0.0,0.0,0.42312104,0.0,0.0,0.3254082
