0.0,0.0,0.08434406,0.0,0.0,0.06330038,0.0,0.0,0.04333611,224.10715,193.83395,0.6775781,240.6415,193.5294,0.54270834,215.78784,213.47763,0.9799064,249.40004,215.00824,0.9821822,200.7861,233.95404,0.89759874,257.95544,243.56343,0.89332753,203.33397,241.48302,0.6862821,263.1401,261.07465,0.6763428,223.4176,263.79218,0.99232304,243.44803,264.51276,0.9927279,227.78923,298.07263,0.97927505,237.94566,298.98962,0.97747624,234.44739,331.06775,0.9511876,233.81117,331.2112,0.9476669
0.0,0.0,0.21404849,0.0,0.0,0.27166012,0.0,0.0,0.022321675,480.20316,45.573036,0.934679,0.0,0.0,0.18015611,464.93457,110.31783,0.98321486,550.2794,102.7561,0.8856459,434.97644,199.52248,0.9511575,0.0,0.0,0.4853431,453.51523,229.17177,0.84737754,0.0,0.0,0.37330818,477.12283,268.78915,0.9793875,530.7505,265.98474,0.9443126,480.23166,420.15744,0.8859692,505.59647,420.348,0.741271,0.0,0.0,0.3575558,0.0,0.0,0.2358374
0.0,0.0,0.27064085,0.0,0.0,0.22791502,0.0,0.0,0.06901608,782.04175,189.35683,0.7247175,0.0,0.0,0.22123185,777.1365,211.69191,0.9843003,809.4502,210.75313,0.91705185,768.28326,242.38924,0.96923214,819.27094,243.06897,0.74118185,763.1315,267.3501,0.909767,819.4048,264.20154,0.6386865,777.7927,268.3519,0.9931685,800.6817,267.95193,0.98345226,772.3095,312.90527,0.9847387,801.92773,313.21478,0.9659207,779.02484,350.32736,0.9474297,813.65295,348.9629,0.9152562
663.14185,205.82826,0.904561,666.41504,203.15843,0.8664587,660.776,203.22789,0.81832886,671.99365,206.31241,0.69558287,657.0361,206.81891,0.51105887,676.3579,223.13692,0.9769981,653.4629,223.47475,0.97606534,678.39984,238.45181,0.89718795,642.59125,236.77968,0.8691018,669.1705,233.99387,0.8488084,642.6376,231.18642,0.8186938,670.3791,262.14877,0.98201823,654.68524,261.98843,0.981536,670.6763,291.88538,0.9725432,649.49725,291.57016,0.9678986,673.09705,320.68118,0.95762724,646.38965,319.80707,0.9517282
0.0,0.0,0.16849951,0.0,0.0,0.10585144,0.0,0.0,0.10957177,77.73347,221.12624,0.59446067,87.64176,221.3335,0.54749393,72.920044,231.53862,0.9834922,91.69527,231.95723,0.983471,68.04611,245.28975,0.8530498,96.0037,245.49635,0.85979587,67.85012,256.76047,0.6496972,95.66421,257.09918,0.65203804,74.53988,257.0216,0.9906735,87.138115,257.2037,0.990768,74.67216,277.01486,0.9755062,86.29342,276.91092,0.97586536,74.72653,294.91196,0.9548742,85.34831,294.96036,0.95550764
0.0,0.0,0.15903585,0.0,0.0,0.080889665,0.0,0.0,0.11383848,0.0,0.0,0.3849559,747.87476,204.75986,0.58644366,729.0697,219.11281,0.925038,752.1489,219.64845,0.9403173,725.43506,236.75418,0.6348223,756.4772,238.01685,0.7386312,0.0,0.0,0.40779433,0.0,0.0,0.49731666,732.2158,257.6206,0.95625275,747.9487,258.03183,0.9614166,730.1999,287.01382,0.9126201,747.50977,287.47983,0.920671,728.5381,313.00037,0.8530201,746.413,313.61078,0.86274815
0.0,0.0,0.15042816,0.0,0.0,0.11390105,0.0,0.0,0.082538724,344.11777,208.3698,0.6243488,0.0,0.0,0.4230349,339.9336,220.90947,0.9795216,359.11237,221.5521,0.9746514,334.7469,238.10149,0.8509171,364.0596,239.46693,0.7809921,334.59918,252.3601,0.65119904,363.92288,253.43698,0.55810094,343.8697,254.00159,0.99229467,356.64218,254.43785,0.99151367,344.5591,281.32648,0.98381203,356.78757,281.60608,0.98159057,347.53522,307.61536,0.966923,357.6028,307.75443,0.96370924
0.0,0.0,0.13111056,0.0,0.0,0.086629555,0.0,0.0,0.07824756,0.0,0.0,0.45048368,0.0,0.0,0.42825162,107.84653,230.46774,0.9501209,126.31967,229.5649,0.9520721,102.46404,243.84404,0.82034177,130.29375,242.96992,0.8208796,99.14775,257.3986,0.6506405,130.57928,256.65256,0.6533708,110.58891,255.33578,0.98395467,122.614876,254.93205,0.98445106,110.54093,273.94775,0.9730215,120.55988,273.76807,0.9718713,112.51891,291.17313,0.9606826,120.56545,290.7854,0.9592066
0.0,0.0,0.15121113,0.0,0.0,0.1059126,0.0,0.0,0.107944,0.0,0.0,0.48023674,0.0,0.0,0.47141364,141.19862,228.75461,0.96348953,157.14616,228.31735,0.9638401,136.8709,242.91353,0.7791208,161.55911,242.23354,0.7887344,135.9358,255.0549,0.563985,161.09381,254.87447,0.57158107,144.40993,254.75607,0.9807226,154.59932,254.5216,0.9813581,145.96597,275.09573,0.95401,152.91971,274.9094,0.9550451,147.32384,293.32596,0.9219521,151.9279,292.9854,0.92356634
561.25287,198.557,0.7318317,564.6765,194.94827,0.7381073,0.0,0.0,0.43007138,570.81067,197.73047,0.69760686,0.0,0.0,0.15824386,576.9002,219.92912,0.96202767,552.46246,217.17375,0.81926954,596.396,241.14806,0.89810365,0.0,0.0,0.33914122,605.31104,250.78548,0.8298567,0.0,0.0,0.35531816,566.2916,280.47183,0.9741046,551.0154,279.1363,0.9382054,561.0145,328.30118,0.9658662,553.7698,327.48178,0.9134312,561.7205,373.88272,0.9343713,555.99567,372.3196,0.8712456
0.0,0.0,0.10567926,0.0,0.0,0.061370175,0.0,0.0,0.08562904,0.0,0.0,0.4072261,282.14465,220.7816,0.56746686,268.10138,231.58026,0.9427058,286.77875,231.46541,0.9544517,264.87552,246.5016,0.6422469,294.25543,246.37534,0.74933803,0.0,0.0,0.37141135,0.0,0.0,0.46096364,273.11478,259.9226,0.94480586,286.169,259.98557,0.9519181,273.35754,281.5136,0.8135793,288.1295,281.19864,0.8376581,273.60974,299.46667,0.70231164,289.39096,299.40417,0.73027843
0.0,0.0,0.15471885,0.0,0.0,0.09488893,0.0,0.0,0.15032268,0.0,0.0,0.10300103,0.0,0.0,0.24080645,0.0,0.0,0.36606342,845.31525,227.43999,0.59948844,0.0,0.0,0.16371286,0.0,0.0,0.45067206,0.0,0.0,0.16899754,0.0,0.0,0.36629835,847.6041,262.70328,0.53623617,846.23755,263.12817,0.6696818,845.4458,293.50742,0.5086025,843.8626,293.65768,0.6334762,847.3507,325.48337,0.545174,845.1756,325.9424,0.6398249
563.29535,197.50311,0.82401645,566.9129,192.91782,0.75781065,558.97217,192.67348,0.69631535,0.0,0.0,0.4961977,0.0,0.0,0.36159185,574.5772,215.35849,0.8926882,550.4314,215.93161,0.82057685,592.5561,239.87625,0.71230906,0.0,0.0,0.44082636,595.2711,238.88243,0.6736166,0.0,0.0,0.43572697,566.0288,284.81793,0.92250985,551.2654,285.51965,0.8952136,558.41235,347.4342,0.9401378,556.97107,348.40353,0.9129633,561.4885,407.77267,0.8990057,565.2397,409.1196,0.8686877
0.0,0.0,0.13114434,0.0,0.0,0.08786684,0.0,0.0,0.08534757,0.0,0.0,0.39645863,0.0,0.0,0.3840584,369.64844,232.05144,0.89780384,386.3518,231.92284,0.9045647,366.82288,246.03067,0.53753954,390.62143,246.3095,0.54647076,0.0,0.0,0.33606198,0.0,0.0,0.329795,371.42322,259.11295,0.9349576,382.7356,259.1309,0.93793434,372.02603,279.5101,0.888278,381.08963,279.35846,0.89080685,372.38837,300.33258,0.8617066,379.83032,300.37088,0.8652988
