0.0,0.0,0.2045925,0.0,0.0,0.14621188,0.0,0.0,0.052299827,575.278,167.35147,0.7024338,0.0,0.0,0.2767721,574.5733,198.71942,0.98242927,617.7942,197.22443,0.95878243,564.0822,244.97336,0.9501105,641.3666,245.21513,0.8590027,555.4933,284.32162,0.82008237,636.15356,278.88684,0.6942781,586.3125,281.89822,0.99601823,616.16125,280.66382,0.9942965,573.4849,348.10565,0.9903503,614.0771,346.91016,0.987631,581.58105,409.78677,0.96341175,628.474,408.3704,0.9588657
0.0,0.0,0.25206038,0.0,0.0,0.12582432,0.0,0.0,0.11889008,678.744,152.22966,0.65316844,710.0157,152.974,0.59238195,665.1184,186.20845,0.97354805,722.94385,186.42955,0.96765643,654.6243,237.58708,0.89884937,735.1402,236.35776,0.87326634,655.0721,277.34592,0.75856626,731.9441,274.3814,0.7296904,670.8737,269.85443,0.9932454,707.1906,270.16095,0.992695,683.3578,340.39487,0.9898419,702.5404,342.0787,0.98984337,706.3535,402.1813,0.9697584,707.0035,404.73608,0.9704671
0.0,0.0,0.13220716,0.0,0.0,0.08637289,0.0,0.0,0.077125825,489.521,201.76361,0.6008905,504.69092,201.65454,0.5522314,481.17148,224.29254,0.9592654,513.4833,223.9064,0.957201,472.89188,253.47949,0.7227617,521.23114,252.98662,0.67693025,0.0,0.0,0.41031644,0.0,0.0,0.3618497,489.2923,278.17587,0.9737446,509.19046,278.54547,0.9714129,495.64465,318.60214,0.9402202,507.42224,319.15262,0.9294212,501.37402,355.90637,0.8948855,502.81842,356.0477,0.8808863
0.0,0.0,0.060043093,0.0,0.0,0.064019814,0.0,0.0,0.0115810465,0.0,0.0,0.329423,0.0,0.0,0.03342722,849.7569,92.08244,0.7682608,0.0,0.0,0.38048688,821.69617,191.25105,0.8158722,0.0,0.0,0.23374811,776.92126,293.96555,0.70127314,0.0,0.0,0.2571804,829.30225,245.83504,0.90463287,834.5148,243.52759,0.7860518,806.9753,327.15225,0.85396975,809.8494,330.3911,0.6936973,811.5853,395.50015,0.65683573,801.4937,398.27628,0.50663954
0.0,0.0,0.11223003,0.0,0.0,0.06614714,0.0,0.0,0.06397224,0.0,0.0,0.43212605,0.0,0.0,0.49281824,526.735,223.07039,0.9344138,557.2141,222.75256,0.9367672,521.52527,246.14928,0.64966005,556.99567,248.15724,0.66493076,0.0,0.0,0.37531015,0.0,0.0,0.39346147,532.3422,267.63055,0.97032577,552.90564,267.56036,0.9717497,533.63763,306.6515,0.9452387,552.38153,306.73462,0.9458797,534.9401,345.18802,0.9077297,551.29645,345.0943,0.90912235
0.0,0.0,0.06319847,0.0,0.0,0.025702558,0.0,0.0,0.04102775,0.0,0.0,0.26403528,744.16925,164.5318,0.5310871,717.5259,196.99571,0.8606536,755.5786,194.13615,0.9019357,0.0,0.0,0.38513383,762.62244,237.36699,0.5982444,0.0,0.0,0.13938613,0.0,0.0,0.24726257,725.0117,270.64224,0.8502556,750.7702,269.0052,0.8841457,0.0,0.0,0.44533983,748.7087,318.0731,0.53008556,0.0,0.0,0.24821143,0.0,0.0,0.30527022
0.0,0.0,0.119141415,0.0,0.0,0.07129818,0.0,0.0,0.08326467,0.0,0.0,0.45644757,305.28098,228.6609,0.52751756,289.7328,240.45692,0.9579068,309.32816,240.93356,0.9659213,282.73364,255.85573,0.8084186,313.37607,256.77963,0.8419844,282.00992,270.1218,0.6065341,314.21878,270.9729,0.64221054,292.16425,269.70914,0.98818845,304.83905,270.2374,0.9890646,294.69525,293.38013,0.9819017,304.37848,294.048,0.9815061,296.08475,316.62143,0.971855,303.2225,317.35892,0.9708703
0.0,0.0,0.16558847,0.0,0.0,0.124289155,0.0,0.0,0.11812002,261.19763,235.8173,0.5185751,0.0,0.0,0.46398345,257.60687,246.68486,0.9667704,273.57166,246.99419,0.9657887,251.00449,260.72083,0.7965904,277.14917,261.29755,0.7859188,249.12706,273.30313,0.57669985,275.84235,274.09103,0.5608845,260.7405,273.10037,0.9791438,271.1628,273.16086,0.97929883,261.85278,293.19595,0.9428144,270.0744,293.37006,0.94220084,263.59686,311.1244,0.9079162,269.97156,310.9678,0.907368
0.0,0.0,0.08604882,0.0,0.0,0.04252852,0.0,0.0,0.066555545,0.0,0.0,0.4095946,743.9293,164.56982,0.692293,715.10645,195.33765,0.8585554,755.17914,194.77899,0.8902028,0.0,0.0,0.32982898,0.0,0.0,0.4853535,0.0,0.0,0.11583398,0.0,0.0,0.18203512,720.6763,267.83893,0.8264032,747.9905,267.48178,0.8506675,723.5371,324.59906,0.5881259,746.49976,324.48984,0.63051105,0.0,0.0,0.40797427,0.0,0.0,0.44123062
0.0,0.0,0.1820651,0.0,0.0,0.11353789,0.0,0.0,0.14364327,0.0,0.0,0.44207004,364.2931,235.44536,0.5196976,351.64215,246.49362,0.9530361,366.74234,246.89311,0.9594741,347.42792,261.2858,0.6982983,370.10098,261.23953,0.77214074,0.0,0.0,0.49168232,371.08978,272.26147,0.5606377,353.24774,273.863,0.97765344,362.96222,274.14258,0.97956103,353.99747,297.159,0.9639202,361.48065,296.99228,0.9674344,353.01398,319.069,0.9431501,358.38855,319.20892,0.9477438
