566.36615,158.39767,0.8986264,0.0,0.0,0.4467284,563.8543,152.39183,0.9125934,0.0,0.0,0.1419956,548.9414,152.1558,0.90722924,553.32227,181.27417,0.9360208,524.6171,179.67447,0.99560297,558.9405,220.49446,0.7914321,525.1883,217.82417,0.9929745,583.836,208.87772,0.7671084,570.9383,201.63312,0.97963184,555.9084,263.37112,0.9906144,530.5673,265.40897,0.99733365,581.7054,323.79785,0.98358613,524.37506,323.1168,0.9953772,595.5659,379.98346,0.9602595,512.8712,378.33853,0.98210436
299.0678,200.14381,0.8792902,300.5775,197.19862,0.59231335,296.24167,196.50737,0.8840274,0.0,0.0,0.2087556,286.87253,197.44849,0.85588825,297.39096,218.55829,0.97086227,274.92612,216.33333,0.9936545,299.631,243.23972,0.7983312,270.7429,242.3488,0.97648865,298.78467,254.82605,0.7697263,286.9513,255.00398,0.94785845,294.52634,268.12787,0.992618,277.48026,268.20093,0.996711,301.90375,306.308,0.9870472,271.9826,306.60184,0.9939267,308.49203,340.48923,0.97552097,264.9306,341.64905,0.9861457
679.26965,202.57883,0.8588252,679.622,199.92313,0.5038727,677.0453,199.48483,0.8822693,0.0,0.0,0.15953888,667.8386,200.61324,0.87982124,670.4436,219.54959,0.95804393,654.8161,217.93619,0.99310774,668.51434,243.9267,0.7244459,642.6443,242.67703,0.97959155,671.3644,263.74368,0.6977985,646.21936,266.8312,0.9510994,665.2251,265.09747,0.98862493,653.48645,265.38696,0.9956726,675.7734,297.4091,0.97955304,651.419,297.93915,0.99179864,682.1679,329.25256,0.96893275,644.4557,331.09387,0.9840904
0.0,0.0,0.082441136,0.0,0.0,0.076572016,0.0,0.0,0.0274474,0.0,0.0,0.49991965,0.0,0.0,0.15078703,460.95102,190.20871,0.9246612,482.26358,189.75906,0.802846,454.58307,212.51001,0.85263324,0.0,0.0,0.47311762,451.74792,215.94762,0.6703925,0.0,0.0,0.3417663,464.03955,243.24129,0.9821389,478.03635,242.59444,0.9681084,460.1563,285.87827,0.9815091,472.51147,285.56912,0.9636396,468.79453,326.27734,0.96582294,478.77338,325.32782,0.9438935
712.60944,206.7539,0.8565061,714.85126,204.34631,0.8886214,711.609,204.59676,0.5740097,721.2193,204.51799,0.8685337,0.0,0.0,0.1827438,731.6523,216.95496,0.9896852,710.6127,217.84961,0.9550475,740.04364,233.2682,0.97811365,705.9712,232.19633,0.70805633,730.91956,244.7121,0.9582102,707.5448,237.95631,0.7014495,726.6731,251.26665,0.991475,712.7522,250.98555,0.98007476,728.2098,278.38705,0.98653305,708.5612,278.02682,0.96249986,730.5172,305.2081,0.97162354,708.30804,304.13046,0.9397257
370.8327,203.43443,0.84213257,0.0,0.0,0.4682186,367.39737,200.56044,0.8785478,0.0,0.0,0.14435378,359.15323,202.00105,0.8924522,366.96017,218.96365,0.93377286,354.48447,219.93747,0.9902518,371.69373,241.46391,0.53398305,348.5332,244.15068,0.9679711,379.75357,257.8096,0.5204284,353.98648,263.52344,0.9258952,366.079,265.02145,0.9723455,359.72147,265.95438,0.9906386,363.09702,299.78125,0.95645165,364.39566,300.6322,0.9851769,354.62082,332.25244,0.93575346,360.68326,334.47787,0.97073305
101.2929,208.9166,0.9245425,103.61932,206.82355,0.84125704,99.312065,206.65317,0.8957733,106.46102,208.352,0.58259076,95.81367,207.83643,0.7711737,110.03007,221.03592,0.98424965,90.13077,220.39995,0.99374723,114.13233,235.92775,0.8901909,82.16575,234.6,0.9669184,110.92458,245.3205,0.85117143,79.6668,246.9102,0.93536055,104.01873,249.79913,0.98653585,92.041985,249.33621,0.99180263,100.81598,273.01285,0.96705717,92.10134,272.32495,0.97779137,97.22494,294.22958,0.93843114,92.920845,293.48828,0.95354855
622.3677,212.24738,0.520668,0.0,0.0,0.20149991,621.19415,209.88744,0.5799521,0.0,0.0,0.21301632,617.2151,211.927,0.8504606,604.05804,225.02579,0.9163899,615.28076,226.71494,0.97854406,0.0,0.0,0.4485143,619.03906,243.8455,0.90026444,0.0,0.0,0.33324593,622.918,253.82968,0.74504143,607.19495,257.72495,0.91948694,614.6252,259.06976,0.9611893,611.5014,280.2505,0.81259686,617.85315,281.11237,0.90625244,609.01984,302.3506,0.73493356,613.1252,304.30304,0.83486336
134.78984,204.26894,0.8352627,136.83913,202.4182,0.7699653,133.3264,202.32127,0.7058572,139.8256,203.9596,0.64356494,0.0,0.0,0.47980493,143.47287,215.00523,0.97606933,126.333916,214.99619,0.9714636,146.03122,227.93951,0.89100516,120.27228,227.22232,0.8354857,140.77226,232.95164,0.832777,121.24721,230.8806,0.77212906,139.11284,243.85521,0.9765341,128.45625,243.84415,0.974007,136.13046,267.4659,0.9546535,128.37938,267.4607,0.9448678,135.50064,288.76605,0.9151677,129.16692,288.37247,0.90151083
0.0,0.0,0.24642093,0.0,0.0,0.14207897,0.0,0.0,0.1866353,0.0,0.0,0.40687186,256.76065,209.28842,0.5430345,243.84639,220.09319,0.9200725,258.09375,220.90128,0.92567885,234.99149,234.8743,0.6492188,260.1655,236.15967,0.68201715,0.0,0.0,0.4490403,0.0,0.0,0.46941003,244.74896,247.98589,0.9193177,253.85158,248.46042,0.92127025,243.05273,268.46445,0.827909,252.25645,268.9752,0.8266827,242.9731,287.2163,0.73301095,250.22311,288.15393,0.7316697
403.10376,206.24532,0.7690136,405.0208,203.87569,0.7009198,400.948,203.92044,0.6794746,408.7651,206.43488,0.5030748,0.0,0.0,0.4480258,413.32092,221.49956,0.9594383,393.60507,222.29529,0.9507514,419.01697,236.03413,0.77493364,395.00128,237.92616,0.71792734,413.20087,236.15854,0.7044257,406.50644,236.71101,0.6510747,412.1813,254.189,0.9569815,399.12567,254.83647,0.9538198,413.28925,272.35913,0.907188,402.0864,272.71497,0.90018135,411.53232,297.34128,0.8405872,405.25967,298.0111,0.8324576
0.0,0.0,0.27462658,0.0,0.0,0.22501627,0.0,0.0,0.16761039,0.0,0.0,0.36767426,0.0,0.0,0.22618695,310.71484,222.83815,0.86658317,310.9263,222.16656,0.8455505,309.7271,240.85269,0.5899064,0.0,0.0,0.48351622,0.0,0.0,0.46020746,0.0,0.0,0.37823722,313.9611,257.12543,0.9373441,314.76694,256.9346,0.93287015,315.28302,285.25165,0.9133833,316.39777,285.25458,0.9027611,319.17728,312.07172,0.8825113,319.4931,311.61063,0.87168825
