0.0,0.0,0.20470211,0.0,0.0,0.058270168,0.0,0.0,0.20504022,0.0,0.0,0.28732696,53.780506,161.38805,0.7419287,12.13598,197.76031,0.8243057,64.355255,196.66971,0.95588624,0.0,0.0,0.4949252,84.74216,242.2671,0.8975239,0.0,0.0,0.36281902,85.45422,273.38498,0.7506682,25.312592,289.69135,0.96317744,55.4156,288.889,0.98357946,39.72297,355.16104,0.9594449,35.81892,352.75488,0.98288095,53.601612,413.3331,0.93054867,22.32534,413.9251,0.960224
0.0,0.0,0.12378956,0.0,0.0,0.056951836,0.0,0.0,0.07411928,241.8809,202.63431,0.6037377,261.91833,202.64168,0.7564888,230.83913,226.36914,0.98679745,272.3522,226.09392,0.9916504,216.20573,256.5142,0.9182247,286.02573,258.02243,0.95130783,215.66254,275.42392,0.7405023,286.18607,278.38596,0.8058114,238.7475,289.58688,0.9942694,264.8465,289.2811,0.99566674,241.46686,328.7251,0.97792333,260.79877,328.43472,0.98158145,245.32649,370.32227,0.92830247,257.2996,370.5336,0.9372582
0.0,0.0,0.14732432,0.0,0.0,0.042876817,0.0,0.0,0.112938814,0.0,0.0,0.3014759,535.05035,195.14912,0.75343186,503.31128,218.45888,0.9703625,539.4053,216.49924,0.9783054,492.79153,254.8285,0.8370688,548.7345,245.74095,0.8937561,493.92426,283.55603,0.6472041,543.0645,264.71484,0.70883393,508.1859,274.9365,0.9915262,532.9162,274.35748,0.9928504,511.32837,319.60886,0.98272747,539.996,319.04898,0.9849407,510.31403,360.20526,0.9599998,543.21857,361.4445,0.9639347
0.0,0.0,0.039444093,0.0,0.0,0.017547922,0.0,0.0,0.027817639,0.0,0.0,0.39372212,330.50302,187.1927,0.6312311,302.90933,209.08614,0.9513002,341.4655,208.79836,0.9679817,290.9265,234.72188,0.75316656,356.07492,238.27888,0.86210334,0.0,0.0,0.45637068,356.9638,243.9776,0.5874995,314.45938,273.16937,0.9911999,340.2707,273.07697,0.9931518,314.94626,320.8206,0.9852684,340.5,320.4078,0.9876347,311.31427,367.2311,0.9651472,334.515,366.31876,0.9691816
0.0,0.0,0.11498764,0.0,0.0,0.06618518,0.0,0.0,0.06689426,0.0,0.0,0.4438416,687.6562,198.8963,0.50408196,667.53595,215.5503,0.955333,695.52594,213.80772,0.9633978,663.8577,238.32466,0.791434,702.0597,235.84073,0.8321049,666.5835,257.28098,0.5542624,700.5135,254.43684,0.6049147,675.29663,257.304,0.9816736,693.7259,256.63577,0.9843493,678.0829,291.5277,0.95149237,692.6679,290.92242,0.9560367,682.9856,322.94867,0.90322244,694.3662,322.1547,0.90981746
0.0,0.0,0.14571254,0.0,0.0,0.105962716,0.0,0.0,0.08228616,645.6719,209.8498,0.5470718,0.0,0.0,0.46876994,638.9557,228.56244,0.9451288,663.46045,228.88889,0.93827206,631.3917,249.63666,0.75496936,668.6943,251.54883,0.70685506,630.51636,266.84775,0.52148867,0.0,0.0,0.47974312,641.4847,270.0157,0.9791205,657.1397,270.21338,0.9777349,640.9521,301.9794,0.97397727,652.5934,302.59048,0.96981657,642.54175,333.787,0.9651771,650.13995,334.3069,0.96091676
0.0,0.0,0.25327164,0.0,0.0,0.16017497,0.0,0.0,0.1555858,0.0,0.0,0.46560997,0.0,0.0,0.47227198,151.62614,221.01022,0.9270309,171.52214,221.8534,0.9164218,142.36636,242.20384,0.6710326,173.02252,242.68196,0.6158472,0.0,0.0,0.4671586,0.0,0.0,0.4191486,153.83386,265.2138,0.969125,166.77853,265.8872,0.96589845,152.72307,299.82166,0.96785486,163.92163,300.59818,0.96193963,157.0008,334.1866,0.95828277,164.39188,334.9999,0.95252794
86.04495,176.59589,0.595762,90.60363,171.6542,0.6793644,0.0,0.0,0.22906376,100.373055,174.15147,0.77552444,0.0,0.0,0.080108084,107.38956,200.68393,0.93907243,86.59052,200.2459,0.73010874,109.76929,238.0641,0.8637606,0.0,0.0,0.2269711,98.556625,267.967,0.75538635,0.0,0.0,0.22814082,105.46013,268.39603,0.958394,90.67991,267.86877,0.9009031,107.10326,320.63098,0.9635286,85.94887,320.229,0.8966975,124.857735,368.75897,0.9410159,94.06812,366.5533,0.87087125
445.75632,213.20854,0.8221511,448.23676,210.6588,0.7408129,444.1691,210.79984,0.7177306,453.44415,212.32867,0.560843,0.0,0.0,0.4954995,459.05392,227.45505,0.950006,439.51254,229.06544,0.95562464,461.603,243.69583,0.7524584,434.5739,247.26334,0.771178,455.3773,252.19058,0.6764413,439.29202,258.177,0.6898204,458.90558,264.34702,0.96061116,446.63745,265.2663,0.9634915,459.38364,294.27167,0.95145416,449.38104,294.87567,0.9520056,459.5283,322.6292,0.9349764,451.07083,322.57324,0.93504524
202.06157,200.59041,0.61837965,204.08319,197.65135,0.5241648,0.0,0.0,0.4474625,0.0,0.0,0.46167353,0.0,0.0,0.31610054,213.05315,216.3526,0.9354512,188.16602,216.22948,0.8994991,215.87874,238.304,0.73471063,182.23497,239.12454,0.53561026,210.45975,249.85078,0.61498135,0.0,0.0,0.43950284,204.45886,260.68875,0.9602751,188.37622,260.54593,0.94691104,203.10559,295.7562,0.9400008,188.62114,295.65387,0.91679054,196.65668,328.79547,0.9065063,188.37325,328.37192,0.8828124
0.0,0.0,0.2602332,0.0,0.0,0.12183445,0.0,0.0,0.21780622,0.0,0.0,0.21584862,487.7903,201.9289,0.50225675,478.88565,218.58594,0.8599274,486.3323,220.06833,0.92009974,475.8407,246.00949,0.5758034,486.1979,247.57776,0.78868675,0.0,0.0,0.45482153,488.70703,272.17157,0.6297964,481.49527,267.2931,0.94464624,486.96133,268.43442,0.9600515,483.28622,308.35254,0.9167637,489.2647,309.3266,0.93810344,480.43573,345.42404,0.8672245,486.1158,347.15134,0.89357626
0.0,0.0,0.47230324,0.0,0.0,0.47823364,0.0,0.0,0.25977665,553.027,203.58266,0.5084417,0.0,0.0,0.11146082,558.9559,218.44037,0.9069806,545.162,218.19115,0.7856322,566.1782,237.18323,0.74865514,0.0,0.0,0.3549796,561.65576,249.34753,0.64555156,0.0,0.0,0.33565706,554.7283,256.6913,0.94536966,545.9081,256.31067,0.9152156,554.90936,287.0091,0.91968924,546.95703,286.89502,0.8742922,556.97186,315.3844,0.88827705,550.89874,315.2219,0.8434726
