0.0,0.0,0.07661895,0.0,0.0,0.04163058,0.0,0.0,0.05352902,284.9097,206.24757,0.5978976,303.8158,207.14323,0.69568425,273.18347,226.63507,0.9831178,312.73123,228.5738,0.98781556,260.37357,253.7544,0.9012641,327.113,258.19406,0.92594814,260.10156,275.33334,0.687697,328.42117,280.21667,0.7225487,279.40768,282.3945,0.9946683,303.19696,283.37488,0.9953703,285.9112,322.2018,0.9844877,297.68884,323.23914,0.98465085,291.36182,361.53802,0.95988995,290.98877,363.2457,0.95951104
210.58902,178.21185,0.6542859,0.0,0.0,0.28807926,209.31653,172.70972,0.5147951,0.0,0.0,0.4076057,205.93066,175.25948,0.78550047,173.38823,202.6034,0.96967924,209.427,206.29718,0.982094,154.73915,248.15656,0.9058917,225.36874,250.1257,0.9491696,148.29504,287.12878,0.8480268,226.4052,284.49808,0.9055551,180.23067,281.67896,0.9866707,200.0557,283.36032,0.9895811,200.51117,337.15247,0.9743532,199.28548,337.5937,0.9800251,206.16406,386.1131,0.93253505,174.56139,384.13696,0.9415386
0.0,0.0,0.23376161,0.0,0.0,0.074376285,0.0,0.0,0.24093409,0.0,0.0,0.41167182,564.5942,193.52621,0.89028746,535.25464,212.73347,0.97815436,570.9919,213.92503,0.99487656,526.3744,239.41023,0.7500174,579.83325,240.84566,0.9665995,533.3846,252.71054,0.5042264,579.6692,255.00317,0.8395397,543.72974,267.46686,0.99167365,567.0857,268.30432,0.9961506,542.59503,310.2044,0.97268504,562.9588,310.61786,0.98596364,543.5072,350.5903,0.9371868,558.6858,351.84332,0.960763
0.0,0.0,0.17902184,0.0,0.0,0.07105264,0.0,0.0,0.15864693,0.0,0.0,0.25853604,362.19315,196.43779,0.57717496,336.36935,212.54167,0.8184157,374.47064,212.64488,0.9249181,332.02823,239.30547,0.53553414,396.63736,237.78088,0.82676333,0.0,0.0,0.37944797,391.19968,235.56097,0.6550112,345.76636,272.0457,0.96670836,370.03656,272.0377,0.97950304,348.65875,315.11005,0.9702411,369.89325,314.41266,0.9832166,342.61606,361.28604,0.95797515,370.20773,362.45975,0.97130865
0.0,0.0,0.1503227,0.0,0.0,0.06739158,0.0,0.0,0.12395846,0.0,0.0,0.40828925,690.3626,201.04178,0.73146844,672.0415,218.56197,0.9648111,697.61523,217.49158,0.984698,668.2918,239.71593,0.79330546,706.04785,239.73457,0.9377465,668.1704,259.84448,0.5694578,709.1953,262.22125,0.7884558,678.1711,258.1843,0.9831028,694.2741,257.6914,0.98969203,681.4516,287.8182,0.9444952,690.9957,287.21613,0.96442974,684.9892,313.2612,0.8757933,689.5431,312.82196,0.90850055
0.0,0.0,0.05700892,0.0,0.0,0.06297224,0.0,0.0,0.022914447,0.0,0.0,0.20356256,0.0,0.0,0.042733315,0.0,0.0,0.45771617,0.0,0.0,0.14118646,0.0,0.0,0.47381493,0.0,0.0,0.08468992,0.0,0.0,0.3732078,0.0,0.0,0.10231636,6.885568,261.7872,0.5608318,0.0,0.0,0.35714892,4.023445,329.6156,0.5341239,0.0,0.0,0.3337649,0.0,0.0,0.39790872,0.0,0.0,0.27577928
485.72836,212.58676,0.8765769,488.12817,210.33481,0.78080636,483.71204,209.98734,0.82134783,491.67105,212.35641,0.50602067,479.48602,211.37775,0.6159339,496.29337,226.2485,0.96565884,473.59735,225.48299,0.9777002,501.97003,241.02237,0.8426519,469.15054,240.22968,0.9035351,495.18756,238.2332,0.79756904,476.8868,237.90013,0.85417324,493.58698,262.25516,0.9790876,478.2401,262.1188,0.98318315,496.394,291.40085,0.96775925,476.8186,290.98462,0.9719321,498.1237,318.46396,0.9510909,475.9386,317.5811,0.95573944
0.0,0.0,0.1678615,0.0,0.0,0.14512843,0.0,0.0,0.073304996,646.11035,213.53523,0.5724204,0.0,0.0,0.2903215,642.8154,227.60297,0.94994414,663.84143,227.12543,0.93380934,637.4067,246.01044,0.8187289,667.5571,246.51137,0.6909177,632.82623,256.8126,0.6373521,663.9705,258.4278,0.50621945,645.2459,264.65485,0.9804513,658.8376,264.1895,0.97776675,645.1678,294.27417,0.9690801,656.15063,294.1892,0.9608835,648.6456,324.09802,0.95308304,654.9971,323.5034,0.9444317
522.6471,199.18578,0.85009015,524.8647,196.59882,0.7212384,520.1457,196.92511,0.8120617,0.0,0.0,0.47150576,515.9583,198.97139,0.6947584,532.4394,213.48247,0.9516791,511.47888,214.3263,0.97607654,532.13446,230.59068,0.6615626,508.18033,231.58124,0.85269,522.382,235.8738,0.5802981,513.0095,236.65479,0.752786,529.6448,252.6148,0.94756126,515.97675,252.96428,0.9648363,528.6242,285.0118,0.89157933,516.28656,285.13535,0.92285186,528.8005,316.03082,0.83232075,518.9336,316.08975,0.867829
0.0,0.0,0.4631695,0.0,0.0,0.45479912,0.0,0.0,0.25302878,406.8091,212.08139,0.5326676,0.0,0.0,0.1779478,411.94794,225.7335,0.8890718,401.73624,225.68842,0.78012,417.0974,241.59204,0.6866799,0.0,0.0,0.3452204,412.62485,243.63606,0.57852036,0.0,0.0,0.31518465,412.57956,260.616,0.9221219,406.09225,260.62814,0.8875165,412.40222,292.41528,0.92173755,406.57892,292.64313,0.8776395,418.38425,324.88187,0.9104845,412.37286,324.3364,0.87386185
0.0,0.0,0.05791832,0.0,0.0,0.06980716,0.0,0.0,0.019678483,0.0,0.0,0.20158945,0.0,0.0,0.026969766,0.0,0.0,0.3613393,0.0,0.0,0.1649595,0.0,0.0,0.35925546,0.0,0.0,0.08236784,0.0,0.0,0.27656856,0.0,0.0,0.0873548,3.8071241,257.55054,0.5169298,0.0,0.0,0.38684493,0.0,0.0,0.3697276,0.0,0.0,0.24904776,0.0,0.0,0.25870088,0.0,0.0,0.19010553
