566.4878,127.16812,0.9745627,569.9689,121.4745,0.82768124,558.7312,121.302284,0.96340996,0.0,0.0,0.39458784,542.35864,126.11029,0.9260536,576.6181,169.65,0.98537374,530.3649,171.31755,0.9982462,586.4696,226.26646,0.902381,522.9554,234.54921,0.9931833,597.01904,273.4185,0.8739963,526.17694,288.40912,0.98309165,577.2425,273.28824,0.9958813,549.78613,274.93243,0.9984819,572.50854,350.32983,0.99036765,566.968,350.95102,0.99664414,552.39465,425.0169,0.9613537,566.06573,426.9412,0.9807478
0.0,0.0,0.051560637,0.0,0.0,0.021943578,0.0,0.0,0.038044017,263.8268,170.25903,0.5471776,286.82895,170.99716,0.76452327,249.79453,195.27368,0.98532563,295.5933,197.61993,0.9931162,230.11179,228.94363,0.9323712,307.94934,235.93172,0.9726165,231.4608,256.20706,0.7667241,315.84033,267.0955,0.8586974,258.88696,267.3018,0.99751437,287.26962,268.40308,0.99830675,263.8099,319.8301,0.9916243,283.91147,320.56494,0.9933455,266.12506,369.11963,0.9682912,277.31458,370.63647,0.9731276
765.55676,205.1529,0.91190743,768.6076,202.57436,0.84653074,763.3042,202.33054,0.86083823,773.53015,205.45883,0.6161031,759.63403,204.3029,0.66390204,779.2008,224.52968,0.985873,750.2066,221.19058,0.99139285,787.0408,246.66647,0.90323305,732.0245,236.85689,0.9425128,790.60724,263.37167,0.84725326,731.57965,246.6471,0.8913797,768.75214,268.6866,0.9910603,751.2221,267.07977,0.9930611,763.9801,302.7003,0.97825056,750.658,301.2952,0.9810166,756.9819,336.5739,0.9511029,748.9555,334.85812,0.9554006
685.44696,148.60304,0.95711046,688.19666,143.14778,0.8748285,678.534,143.853,0.92143995,691.3467,146.67322,0.54664457,668.4387,149.34673,0.7441704,697.18286,181.49968,0.9771449,661.7879,180.03984,0.98058194,702.6848,216.87582,0.89940166,649.84656,212.09532,0.9290707,702.758,195.77504,0.84541345,667.2927,191.21002,0.8898151,686.3039,262.33517,0.9874148,662.51965,261.92743,0.98879844,689.88715,335.33115,0.98415285,673.392,335.72324,0.9869812,673.0265,403.83813,0.95757973,650.44653,402.2462,0.9630162
0.0,0.0,0.12810636,0.0,0.0,0.07992064,0.0,0.0,0.10110442,0.0,0.0,0.47650546,169.48914,211.73305,0.54502434,153.57501,223.49617,0.970772,173.09998,224.47345,0.97351944,145.42386,240.52205,0.78874433,176.96164,242.11943,0.8289481,143.95065,254.64052,0.546442,175.67786,256.4964,0.59214926,154.5833,256.03796,0.98464173,166.97931,256.35516,0.98550725,155.85449,281.91934,0.9488824,164.76617,282.28418,0.9522878,156.53036,304.82568,0.8969578,162.05057,305.24463,0.9023227
0.0,0.0,0.17815788,0.0,0.0,0.05408873,0.0,0.0,0.20914324,0.0,0.0,0.2805156,479.3231,192.40704,0.86169314,456.8459,208.74623,0.95032465,486.22968,208.17987,0.9897159,454.72946,229.59415,0.54722935,493.07578,230.1625,0.9465189,0.0,0.0,0.31489846,497.56226,246.24538,0.7741103,463.40225,248.82877,0.9826131,482.54822,248.8879,0.9925102,465.85547,283.2782,0.95979804,480.19556,282.99728,0.9819228,467.17618,316.92813,0.9321709,475.16992,316.7471,0.9613979
374.714,179.72705,0.9046677,375.9286,176.7288,0.6448909,371.23444,176.24908,0.90960634,0.0,0.0,0.22182353,360.7054,178.60948,0.874292,376.05444,202.18384,0.9779483,350.11578,200.49992,0.99400336,381.15005,227.6893,0.8409006,353.8763,228.695,0.9778039,382.488,223.86751,0.80491185,377.41043,225.47552,0.9509444,374.49173,258.3545,0.9931774,355.41217,258.61874,0.99668014,378.24133,303.9248,0.98784304,350.11716,304.49643,0.99398476,381.73077,346.02432,0.97096324,344.4063,347.51514,0.9826261
0.0,0.0,0.19112162,0.0,0.0,0.119559415,0.0,0.0,0.14019127,72.88575,215.67398,0.5140745,82.73491,216.24089,0.5536969,67.87537,228.20995,0.9753044,85.71073,229.19667,0.97742873,62.795345,244.1408,0.7934621,89.586334,245.42815,0.8261732,63.95798,257.82715,0.5892784,89.56746,258.86694,0.62050456,69.253136,258.54788,0.98944646,80.98787,259.04623,0.9900058,69.65472,282.21127,0.9788488,81.12324,282.42886,0.98016775,69.54357,304.14194,0.9639982,80.25957,304.64606,0.96596456
0.0,0.0,0.117838725,0.0,0.0,0.06875735,0.0,0.0,0.08324382,119.58002,215.97136,0.5335402,130.55957,216.12154,0.5719044,113.974106,227.66833,0.98379993,135.16664,228.04132,0.9849141,107.61458,243.983,0.85579735,141.27794,244.0625,0.8827248,107.82331,258.37164,0.6378931,141.87929,258.53937,0.67415017,116.69409,257.32895,0.9935081,130.29427,257.54767,0.9938094,117.76849,280.91922,0.9818763,128.87575,280.76074,0.98298925,117.3816,302.06946,0.961891,126.83549,302.19846,0.9639121
433.035,208.37048,0.90945554,435.89944,205.46611,0.8486924,430.09543,205.55922,0.8445303,440.69482,208.13475,0.6209336,425.32983,208.20361,0.60878325,449.4096,225.80145,0.9817655,418.4608,226.01141,0.98534334,458.42828,245.12532,0.9090364,410.97235,245.16325,0.91725904,455.22073,251.17781,0.8669605,414.38843,248.91675,0.87006587,444.48044,267.43808,0.9877694,424.97794,267.358,0.9888493,443.90814,300.42477,0.976096,425.63235,300.0576,0.97582406,441.35336,332.9079,0.9489032,428.22256,332.1906,0.9488465
0.0,0.0,0.18389678,0.0,0.0,0.076172955,0.0,0.0,0.17468399,0.0,0.0,0.24444094,833.2507,206.54831,0.6213766,817.1047,221.49646,0.85980934,835.87836,222.77722,0.9318903,0.0,0.0,0.37741315,843.2612,240.59149,0.70013714,0.0,0.0,0.24024142,0.0,0.0,0.45240483,818.9266,262.0343,0.9347633,831.78076,262.88583,0.9566735,815.4954,295.8382,0.90756834,831.2405,296.51282,0.9360351,814.64465,328.60535,0.89426696,829.6932,330.06982,0.91873014
