0.0,0.0,0.17727421,0.0,0.0,0.111134596,0.0,0.0,0.099518836,743.12555,208.81438,0.5963019,758.0924,208.22182,0.59725666,737.0775,226.39528,0.9832962,766.6121,224.45607,0.9880249,730.5868,251.24826,0.9150918,775.89746,246.75055,0.93313104,730.7607,272.67462,0.7680908,773.2962,265.67587,0.7961466,746.5534,269.72098,0.99381775,765.06683,269.11945,0.9949361,752.5651,300.9827,0.9828825,761.3169,300.44794,0.98432183,756.8617,330.56158,0.95953995,758.10657,329.78372,0.96194106
0.0,0.0,0.18951844,0.0,0.0,0.07463787,0.0,0.0,0.15764222,0.0,0.0,0.45556894,384.4088,182.64597,0.7855813,352.5908,203.78981,0.97744435,387.99857,205.93018,0.9930466,339.23642,237.9368,0.8491037,395.94943,235.6494,0.96846753,337.33945,263.01675,0.6663999,393.12878,252.55052,0.8668915,358.0513,263.0215,0.9939229,379.5144,264.55457,0.9966911,362.53085,310.2834,0.9821456,373.9589,311.71072,0.9889392,367.427,354.84744,0.94839096,368.3617,357.4537,0.96325874
0.0,0.0,0.14636703,0.0,0.0,0.08663165,0.0,0.0,0.09906145,480.8949,214.9859,0.6591378,494.76926,215.70352,0.71923816,470.03748,230.00903,0.9828121,501.57175,231.89847,0.9863667,461.18796,248.88478,0.8845739,508.96637,252.9091,0.9033624,462.83063,264.01678,0.6769703,508.97708,267.99234,0.69744325,472.63528,271.85614,0.9935494,493.52188,272.80023,0.99416155,470.87125,304.34625,0.9862179,491.3474,305.33612,0.9856641,472.14728,335.3379,0.97161204,491.96857,336.829,0.97027695
251.6759,177.41711,0.9379049,256.20135,173.93565,0.87250787,247.81651,173.75479,0.87557185,262.28348,177.47675,0.67561406,241.74675,176.94174,0.6696194,271.48248,201.80794,0.98000515,233.79602,202.47453,0.97931576,283.7018,227.25677,0.9104385,225.02646,232.06065,0.9040284,271.62476,219.02403,0.85417145,229.71078,235.65874,0.8506577,265.69717,262.79297,0.98718154,241.53728,262.73804,0.98632985,262.3558,313.2216,0.9798426,244.3673,313.68402,0.9799448,261.50314,355.92377,0.9510487,251.51367,358.33588,0.95255435
668.0419,186.9373,0.9536984,670.67584,183.73187,0.8605345,664.4923,182.88135,0.9478595,0.0,0.0,0.45542035,654.6751,184.46123,0.8635592,676.06726,209.06949,0.9850311,642.11334,208.53604,0.99544513,686.7893,230.90947,0.87706065,629.8931,238.08281,0.9734948,681.1305,236.9781,0.8403007,623.0806,264.5038,0.9424515,671.6068,262.97076,0.9903639,650.6056,263.22253,0.99467975,672.16815,302.15988,0.97577184,655.7207,302.32092,0.98482716,675.9026,339.71262,0.9411128,665.0962,340.32996,0.9575079
39.13276,194.27742,0.92041135,43.50999,189.54062,0.9248227,37.084328,190.76184,0.6788153,55.306965,189.66147,0.87538713,0.0,0.0,0.2570313,69.046906,214.41972,0.9927234,40.504723,215.65366,0.92355597,78.70746,247.44685,0.98077184,28.993824,239.50865,0.68014336,66.10017,241.15244,0.9534039,33.771477,224.29759,0.66050667,63.690002,280.274,0.9933293,45.14963,281.43832,0.97847646,63.12287,334.0885,0.99032253,48.593456,340.239,0.97129786,74.82924,378.95477,0.97377056,53.13298,385.26523,0.94872594
0.0,0.0,0.08143359,0.0,0.0,0.07331024,0.0,0.0,0.030831512,512.02216,204.35503,0.5557593,0.0,0.0,0.22165504,510.50732,217.68083,0.93903553,531.861,216.06784,0.90669346,505.71185,236.45557,0.79926765,541.9387,231.92902,0.61962587,505.81992,242.61246,0.5934482,0.0,0.0,0.42528626,516.3996,259.26505,0.9840973,530.88965,258.56714,0.9803303,514.7802,294.35156,0.9761881,532.48425,294.17795,0.9672288,514.98425,330.31805,0.9624237,532.0498,328.93286,0.9523132
302.9575,199.39844,0.9120609,307.00674,196.02472,0.91458833,300.78415,196.16109,0.7393796,315.12503,198.15427,0.85970765,0.0,0.0,0.32705373,324.0848,216.78693,0.99001795,293.9154,218.2205,0.9739986,325.27365,239.03137,0.96220976,287.80377,240.1845,0.77728975,306.96445,235.52843,0.9294539,298.41675,235.73741,0.73322207,319.6106,267.5485,0.9893908,299.43756,267.87405,0.981673,318.69183,306.4437,0.97982234,297.4319,306.52487,0.95879436,318.22592,343.52847,0.9469965,301.24008,342.51788,0.91084844
0.0,0.0,0.088371,0.0,0.0,0.05948307,0.0,0.0,0.04450362,154.22287,205.504,0.5056135,0.0,0.0,0.41377485,145.84804,221.11026,0.95011157,173.5886,221.1027,0.93057305,137.94748,241.77873,0.76326257,176.19704,243.30403,0.63241214,0.0,0.0,0.4988671,0.0,0.0,0.38016188,150.25699,264.4138,0.9809426,169.56798,264.56836,0.9771205,145.85512,299.25403,0.9676577,167.91922,299.7219,0.9577389,145.02855,332.6511,0.9421973,168.02849,332.92935,0.92966974
0.0,0.0,0.34142885,0.0,0.0,0.3370961,0.0,0.0,0.16806883,690.69586,211.56001,0.5639593,0.0,0.0,0.15738644,693.68665,222.00462,0.9190454,693.8805,221.86841,0.84733516,696.04126,235.33556,0.7642707,0.0,0.0,0.462567,692.131,242.60117,0.63668185,0.0,0.0,0.38881963,694.0147,249.42085,0.9449805,694.463,249.14961,0.92399836,693.56226,271.1325,0.9274352,694.16943,270.9171,0.89668006,696.9254,291.95526,0.8848526,696.6003,291.40344,0.850278
