0.0,0.0,0.13830867,0.0,0.0,0.13816595,0.0,0.0,0.029136017,378.6419,88.355156,0.86192507,0.0,0.0,0.28119472,363.69983,136.00323,0.9754853,442.26736,129.58974,0.8975805,344.54742,209.84053,0.90266323,441.0906,195.3131,0.5455529,349.59796,230.51501,0.71132445,0.0,0.0,0.3688971,377.47037,254.06236,0.9878781,430.77856,251.1144,0.9762872,375.24683,370.057,0.97711027,423.0847,368.59128,0.9594766,388.4088,463.52322,0.8808141,433.60635,463.52347,0.84223455
0.0,0.0,0.085536115,0.0,0.0,0.06657467,0.0,0.0,0.038068656,196.89774,195.99327,0.7022307,0.0,0.0,0.436987,189.53755,213.46059,0.9838419,220.92183,213.9294,0.98373264,178.10622,237.30132,0.948477,229.71129,236.35876,0.92039937,173.27267,259.1984,0.8425973,227.55148,257.65878,0.7737821,193.05719,258.95996,0.9967334,213.09937,259.24103,0.9965306,195.88165,293.74545,0.99298203,212.30222,294.18964,0.9908806,199.72922,326.86902,0.9833726,212.52219,327.16724,0.97959304
660.7905,114.11059,0.9630308,666.38586,108.46942,0.81397545,652.52435,108.280556,0.9570665,0.0,0.0,0.3959988,634.60864,113.24378,0.9016016,675.31525,156.2836,0.9717668,620.85376,160.03294,0.99617755,698.13873,209.86238,0.81359226,626.4041,216.41655,0.9846132,687.619,212.01265,0.7649276,667.8951,209.35641,0.9611862,663.0217,265.08545,0.99190944,633.59546,269.00656,0.996682,651.3053,356.53696,0.9897664,673.04,370.4218,0.996309,605.10034,429.59415,0.9655796,679.5977,453.03177,0.98182213
572.7089,174.97292,0.94850534,575.93066,170.40535,0.8027828,567.0185,170.93257,0.9507145,0.0,0.0,0.2867215,556.1401,176.20258,0.88387465,581.245,202.55826,0.9798052,549.30835,202.73961,0.99628407,586.37164,234.42372,0.84721607,540.87067,230.44412,0.9874143,584.17993,237.25095,0.8284632,559.8931,220.62886,0.9720961,577.35455,270.28598,0.9956208,554.8157,271.21048,0.9982924,576.2792,324.9439,0.99290705,550.9486,326.3378,0.9970342,567.6462,376.52963,0.9810387,535.4916,379.07843,0.99008113
0.0,0.0,0.06622898,0.0,0.0,0.035693057,0.0,0.0,0.03995123,0.0,0.0,0.32906595,0.0,0.0,0.41322443,730.66895,216.12158,0.9197216,761.2168,216.35573,0.9282762,722.48285,240.55258,0.7612574,768.4469,241.3437,0.7950318,723.4923,258.30847,0.5553595,767.2535,258.09933,0.59264135,733.1253,262.88812,0.9842457,753.0649,262.7425,0.98545235,733.5334,300.6318,0.9798315,750.69116,300.56308,0.98040867,729.73114,337.18185,0.9667795,744.3778,337.46936,0.9676971
0.0,0.0,0.21542884,0.0,0.0,0.15286164,0.0,0.0,0.12901503,82.60504,220.38805,0.63447326,90.76458,220.27315,0.5048476,78.576996,230.64247,0.983386,95.09911,230.57524,0.98125976,73.78824,243.82263,0.8547739,100.83671,243.6363,0.82374644,73.46043,255.67314,0.67303514,101.27838,255.33087,0.62327814,81.03033,255.01294,0.99105024,91.48182,255.03548,0.9905252,81.87139,274.2225,0.9799375,90.36161,273.94495,0.9786218,82.884766,292.42755,0.967,90.31926,292.3306,0.96562076
0.0,0.0,0.1446498,0.0,0.0,0.09615096,0.0,0.0,0.12890175,0.0,0.0,0.11912111,0.0,0.0,0.21173981,0.0,0.0,0.41034737,845.35266,225.26338,0.62720114,0.0,0.0,0.2078922,0.0,0.0,0.47894752,0.0,0.0,0.20577353,0.0,0.0,0.3934406,848.06775,262.05106,0.62615573,847.1342,262.24164,0.73801017,847.21454,294.14142,0.60678375,846.167,294.10114,0.707987,848.25433,325.3832,0.63593024,846.65015,325.4948,0.71247005
0.0,0.0,0.047136284,0.0,0.0,0.04372404,0.0,0.0,0.018644402,0.0,0.0,0.38207954,0.0,0.0,0.13297577,780.64514,214.54117,0.85242754,802.29663,212.58757,0.755492,777.1189,232.455,0.7445713,812.1426,231.6358,0.51319766,778.42816,247.0177,0.5541162,0.0,0.0,0.37800416,789.8671,250.18465,0.96340674,803.3493,249.2382,0.95059884,790.98956,280.70206,0.9599716,800.0038,279.89923,0.942797,794.868,310.01736,0.94620746,799.07275,307.837,0.93017155
0.0,0.0,0.12230683,0.0,0.0,0.13014044,0.0,0.0,0.046385765,305.95157,209.33607,0.7215506,0.0,0.0,0.2876818,302.76572,221.35971,0.96426624,324.16187,220.6079,0.91983026,299.68436,237.45866,0.86301345,329.47928,236.06407,0.5727307,299.41168,248.95721,0.6528752,0.0,0.0,0.37105843,305.65973,252.4871,0.98427606,320.33685,252.21736,0.97480917,305.14374,278.33792,0.9789899,320.15796,278.59354,0.9620081,305.09653,304.17688,0.9687066,321.02335,303.4286,0.9508848
0.0,0.0,0.09723483,0.0,0.0,0.058420967,0.0,0.0,0.069986396,0.0,0.0,0.44578636,254.17146,217.09796,0.5029889,240.64854,229.3433,0.9672902,258.9391,229.13947,0.9713864,236.8943,244.64697,0.766081,264.67737,244.11258,0.82065046,237.33977,257.72318,0.50875044,264.7223,257.62057,0.5683686,244.16005,257.40866,0.9848237,256.8453,257.2669,0.98621166,244.68086,279.0985,0.9620379,256.20947,278.80264,0.9656264,244.98203,298.02652,0.93805254,255.14056,297.63956,0.9428225
0.0,0.0,0.12852381,0.0,0.0,0.09246446,0.0,0.0,0.09114046,0.0,0.0,0.4745034,0.0,0.0,0.4339745,140.02553,229.22488,0.9525152,156.77478,229.0547,0.95298237,134.99544,242.08786,0.75069684,161.23178,241.52863,0.7580383,133.54976,251.69016,0.5492191,160.7946,251.44276,0.5505791,141.61494,253.77658,0.9788906,152.74455,253.52809,0.9793586,141.05232,273.74966,0.9582957,150.88727,273.422,0.9589085,141.1525,291.86118,0.9332585,149.7035,291.46094,0.9343526
494.5337,213.28195,0.6494268,496.39694,211.31729,0.66202366,0.0,0.0,0.33549616,502.2816,213.4903,0.70276016,0.0,0.0,0.16098864,509.36624,225.9652,0.9675531,494.44095,225.44891,0.90080684,509.8584,240.66983,0.9293674,489.09686,238.67828,0.6108513,496.37408,235.57912,0.87703574,488.34094,233.5697,0.58941597,503.3267,259.0525,0.9789315,493.86594,258.21402,0.9598284,500.95828,284.81027,0.97029626,493.47318,284.22995,0.93686,500.33884,309.37775,0.9474328,495.8534,307.7636,0.90847427
0.0,0.0,0.09890931,0.0,0.0,0.066814505,0.0,0.0,0.07649412,0.0,0.0,0.3620718,0.0,0.0,0.40423477,114.85224,231.17494,0.9154393,128.21074,230.89421,0.92498404,110.424126,243.33699,0.6233486,131.36996,242.89027,0.68528134,0.0,0.0,0.4052752,0.0,0.0,0.45267925,116.61854,253.70544,0.96107936,125.626656,253.57245,0.9642434,116.500656,272.49252,0.9461349,124.99195,272.3126,0.95036507,116.113686,290.483,0.9346546,123.899414,290.23926,0.93900007
