822.88367,167.64766,0.973189,828.0349,163.32698,0.86852705,817.7442,162.46393,0.97028804,0.0,0.0,0.4174952,804.7407,163.1134,0.9052085,835.7432,193.43573,0.96488315,789.05066,191.18971,0.9955514,851.8728,215.56703,0.798121,772.228,228.45538,0.9828395,845.0371,204.08296,0.7607762,762.0182,259.8324,0.9612298,823.9058,271.0235,0.9883118,792.35144,269.28085,0.99560356,827.9363,327.87817,0.9845249,793.2093,325.09424,0.99446726,831.1009,382.9432,0.9671465,799.2748,386.9291,0.9833103
101.83984,150.36485,0.9389656,107.525795,145.67696,0.94803005,98.18338,145.1057,0.774377,118.32351,147.43074,0.87146467,0.0,0.0,0.21724194,130.51169,174.02972,0.98928225,88.10928,177.53813,0.96123683,140.48375,202.84477,0.9737583,82.88824,220.65323,0.7175494,117.84209,187.53241,0.9559506,86.86449,233.27638,0.7100249,120.68591,258.67206,0.99442863,94.31434,259.3002,0.9877242,117.038124,324.1848,0.9921787,102.6841,324.01227,0.9787325,115.45586,384.93442,0.97149235,112.91156,383.10428,0.94152504
242.22327,185.95555,0.9319314,246.84479,182.22096,0.8694761,238.95242,181.3812,0.88059705,252.94374,184.29408,0.6258351,232.33504,181.77046,0.66842055,259.48016,205.59433,0.99101686,219.32568,203.46417,0.9945945,265.91525,233.71014,0.9541317,209.74908,231.4656,0.96930504,254.97092,226.76846,0.9316133,228.94565,227.75476,0.94466144,254.12119,267.1223,0.9968449,228.05272,266.81625,0.9975656,253.15987,316.31604,0.993515,231.26466,315.71634,0.9941466,251.15614,365.57874,0.9802418,238.405,364.1584,0.9814788
0.0,0.0,0.12204195,0.0,0.0,0.07301649,0.0,0.0,0.06155044,0.0,0.0,0.47076464,0.0,0.0,0.43081194,414.289,213.99716,0.9640786,443.67007,212.44975,0.95410395,407.45514,239.896,0.8388464,449.7567,234.63635,0.7500812,405.7486,262.4712,0.6252022,445.5631,250.98213,0.51684994,419.6786,260.6489,0.9876645,438.71176,260.1179,0.9859833,422.37247,297.09174,0.97262293,437.5758,296.8777,0.966684,425.33197,331.95068,0.9459039,435.94397,332.08417,0.9379298
0.0,0.0,0.1229839,0.0,0.0,0.05316593,0.0,0.0,0.09429976,0.0,0.0,0.31493747,512.53033,216.66458,0.6068768,493.02994,231.55452,0.9493349,518.62415,231.7898,0.97234184,485.59418,250.14003,0.7808782,527.2362,252.69977,0.9081087,486.06708,265.34143,0.6037461,531.4603,269.75565,0.766881,499.62558,270.46732,0.9889486,516.0241,270.45663,0.99243116,499.90466,299.62354,0.9819186,512.39764,299.28107,0.98704684,502.42,326.50015,0.9696493,511.3851,326.57217,0.976284
0.0,0.0,0.24973129,0.0,0.0,0.27363238,0.0,0.0,0.0805964,662.53345,203.16005,0.8358404,0.0,0.0,0.33793148,658.75244,221.81148,0.9821752,683.90594,220.13747,0.9523278,653.0284,247.64632,0.92109853,687.79596,245.09196,0.6379448,651.4242,269.18918,0.7571232,0.0,0.0,0.43154463,663.2271,265.91583,0.9900005,680.06525,265.29352,0.9826737,664.85693,301.95526,0.9853019,680.47626,301.96094,0.9710146,667.68524,337.3003,0.97404104,682.36865,336.072,0.9571177
0.0,0.0,0.24524295,0.0,0.0,0.10939652,0.0,0.0,0.21158881,0.0,0.0,0.44030464,745.4212,213.41661,0.7684453,725.66,228.64262,0.9660121,750.043,228.12186,0.9798605,718.9184,249.97379,0.80022115,754.8376,248.67659,0.9025296,718.74097,267.42203,0.58810353,753.5175,265.55762,0.7212866,728.1843,268.85406,0.96803635,744.1154,268.55206,0.9755105,731.45233,299.3701,0.8744164,743.0262,299.0229,0.8975402,733.68085,322.26096,0.7148823,742.0596,322.74023,0.74739593
0.0,0.0,0.049382545,0.0,0.0,0.0298544,0.0,0.0,0.03184121,0.0,0.0,0.3042272,0.0,0.0,0.35500813,542.5968,230.7824,0.8791787,564.8977,228.09976,0.9152124,538.25903,252.75003,0.669141,573.16174,246.40056,0.7860282,0.0,0.0,0.4669867,573.90466,260.33435,0.5801252,551.75256,268.06253,0.9780238,565.99347,267.19418,0.9820624,553.6235,298.09888,0.97319466,564.1434,297.28384,0.9764874,556.37524,327.6563,0.96182513,562.5721,325.84,0.964971
0.0,0.0,0.19478786,0.0,0.0,0.07416393,0.0,0.0,0.16113317,0.0,0.0,0.06721342,0.0,0.0,0.28357112,0.0,0.0,0.37608537,0.0,0.0,0.4673136,0.0,0.0,0.29347068,0.0,0.0,0.4148369,0.0,0.0,0.32520115,0.0,0.0,0.44394875,0.0,0.0,0.38045037,0.0,0.0,0.40878204,0.0,0.0,0.36596936,0.0,0.0,0.4015958,0.0,0.0,0.20537493,0.0,0.0,0.21120895
0.0,0.0,0.15460849,0.0,0.0,0.11548044,0.0,0.0,0.11877038,0.0,0.0,0.4130086,0.0,0.0,0.38074115,694.6525,228.06711,0.89602005,710.85034,228.53107,0.896799,690.0463,241.65392,0.5689904,713.6533,241.94289,0.58241475,0.0,0.0,0.3611428,0.0,0.0,0.3664595,696.64417,253.04369,0.915445,707.02844,253.12776,0.9175686,698.02655,273.35654,0.84292036,705.85913,273.40723,0.8463828,700.022,291.88303,0.8028393,705.15564,291.94592,0.8061236
