0.0,0.0,0.110331476,0.0,0.0,0.07507318,0.0,0.0,0.049930725,746.61566,184.38855,0.68927026,769.9716,184.03456,0.5501065,736.8035,211.21024,0.9773697,781.8564,210.74094,0.9817423,725.4677,247.0505,0.8884569,789.3599,246.02269,0.89225286,731.52246,273.7692,0.6776781,787.4724,275.4604,0.6695541,744.6138,278.60834,0.99174434,772.69574,278.54276,0.99236155,755.46216,328.64066,0.978303,769.0561,328.60287,0.9772275,764.33545,380.9349,0.9363384,765.7136,380.27554,0.93423146
0.0,0.0,0.045705695,0.0,0.0,0.05579835,0.0,0.0,0.011593552,815.23627,196.45082,0.7791286,0.0,0.0,0.22634456,810.7679,224.84201,0.9476366,848.6929,220.49945,0.8395926,803.6479,263.666,0.8377656,0.0,0.0,0.34616855,805.4757,286.02264,0.51514447,0.0,0.0,0.16049322,825.39233,294.31903,0.97138005,851.43463,292.6674,0.94442326,819.05927,350.4326,0.9511213,848.5748,349.49396,0.88998574,821.04315,403.63974,0.88835543,851.7912,400.9246,0.8057605
0.0,0.0,0.13616645,0.0,0.0,0.06357504,0.0,0.0,0.08843802,0.0,0.0,0.3992015,537.2359,196.65167,0.6072145,512.71826,217.99277,0.9516364,543.59985,217.13261,0.95738083,505.07773,247.0625,0.7593762,550.91626,245.07489,0.7970154,507.11743,271.15015,0.5303481,549.0163,266.0618,0.5671189,516.70514,269.83505,0.9854372,537.5437,269.6093,0.98671514,517.02545,313.47122,0.97975725,538.93036,313.4245,0.98069715,516.4131,353.9981,0.96381676,538.8992,354.67313,0.96521044
0.0,0.0,0.1058333,0.0,0.0,0.050459035,0.0,0.0,0.061573427,0.0,0.0,0.4802756,323.05582,203.12311,0.6281153,295.4942,223.18121,0.98140943,331.62723,220.78833,0.9861731,283.46506,253.2132,0.9222003,343.0225,250.67862,0.9383309,282.17657,276.8232,0.7793022,342.17407,275.38364,0.8043115,302.6492,270.1841,0.9953458,325.00778,269.00815,0.99615544,309.35602,314.8808,0.9875894,323.05417,313.74564,0.98882395,312.1035,358.3209,0.96447474,318.67697,357.74384,0.96733296
0.0,0.0,0.11877881,0.0,0.0,0.059302025,0.0,0.0,0.09221652,0.0,0.0,0.47481534,401.85767,195.9113,0.66279006,377.52274,217.91669,0.95573527,407.9962,219.738,0.9773368,368.1213,246.76549,0.78203994,414.55038,249.23708,0.90455675,366.6776,272.85248,0.5666592,415.75546,276.46725,0.7183954,379.48688,271.25845,0.9890304,398.90222,272.134,0.992152,380.79654,310.89484,0.9822563,395.62314,311.7264,0.98558295,382.3704,348.76105,0.96780014,392.60394,350.2618,0.9719206
0.0,0.0,0.097293176,0.0,0.0,0.09363277,0.0,0.0,0.039008312,581.7366,216.33882,0.6954023,0.0,0.0,0.35272142,577.8166,236.20578,0.97019804,603.8273,235.29652,0.9581794,571.1514,260.1336,0.8979535,611.1234,259.8694,0.7988552,568.59784,277.67892,0.71288073,611.8725,277.95566,0.57703143,582.12537,282.7268,0.98787284,597.9359,282.37766,0.98542863,587.25946,317.23624,0.9741744,594.49457,317.49194,0.9651741,592.0173,350.86246,0.9429458,592.29193,350.2213,0.9287466
0.0,0.0,0.11059611,0.0,0.0,0.062389348,0.0,0.0,0.078565195,0.0,0.0,0.4558163,467.71735,230.25615,0.5769417,450.14038,245.42323,0.96055526,473.6831,245.59601,0.9720426,444.31076,264.43463,0.80479264,480.51297,266.5316,0.8711506,444.07315,281.70163,0.57973456,483.27615,285.91138,0.66404784,454.73352,280.94867,0.9859553,469.6974,281.22617,0.98827094,457.92343,307.37344,0.9705345,468.3448,307.66406,0.97340536,460.92624,331.61798,0.9459067,466.72797,331.8526,0.94910675
0.0,0.0,0.11706705,0.0,0.0,0.10828789,0.0,0.0,0.0489809,626.81555,233.62039,0.57951236,0.0,0.0,0.25586072,624.2259,246.11064,0.9390102,643.288,244.94939,0.89695334,620.8058,262.5501,0.83305633,648.1859,260.36783,0.6361257,621.6349,274.00327,0.65313375,0.0,0.0,0.4627453,626.3104,277.10272,0.9763541,639.2921,276.64438,0.9677856,627.3873,301.52695,0.9666509,640.05566,301.50186,0.95009077,628.9189,326.93588,0.95291686,641.6746,326.0072,0.93619066
0.0,0.0,0.12734316,0.0,0.0,0.0715327,0.0,0.0,0.13268432,0.0,0.0,0.3057565,441.43106,217.91212,0.56181234,423.7472,230.11183,0.88972276,444.44073,230.89557,0.9237505,417.10226,246.25609,0.5089086,448.3423,246.21207,0.70962876,0.0,0.0,0.34388155,0.0,0.0,0.4947769,426.87787,264.68518,0.95409095,441.0346,265.0734,0.96193254,426.55957,293.37903,0.93166775,443.70435,293.27512,0.94595104,426.48492,321.19415,0.8868306,443.62802,321.67532,0.90495247
213.56242,242.57909,0.6497161,214.8964,240.90839,0.5928857,0.0,0.0,0.4925378,218.18222,241.202,0.50053203,0.0,0.0,0.30143112,222.81795,250.28075,0.96245325,210.76562,250.24683,0.95502335,227.55205,263.06482,0.8439466,206.01208,262.51373,0.7937761,226.77275,275.44168,0.7969132,203.43861,274.76395,0.7458649,219.7175,274.258,0.98443735,212.81714,274.0605,0.9831517,217.3706,293.99625,0.97743374,211.98116,293.6422,0.97500515,216.46065,312.8097,0.96552426,212.26111,312.2996,0.9629109
