0.0,0.0,0.3157541,0.0,0.0,0.108122356,0.0,0.0,0.16349553,280.093,150.02461,0.5015524,307.36658,151.16191,0.62357986,266.0225,181.37004,0.97427434,318.64093,184.2027,0.98079324,248.74648,230.04295,0.92291206,332.99927,232.01408,0.9504902,245.36407,270.68567,0.8486779,330.37454,267.67062,0.8911796,270.6937,268.36853,0.9941239,305.3925,268.84253,0.99522793,266.79202,330.647,0.9891423,302.1611,334.48172,0.991759,261.51083,387.50543,0.9625937,292.08014,395.2539,0.9686799
489.28644,147.76549,0.8717071,0.0,0.0,0.4716907,484.2923,142.83492,0.8593956,0.0,0.0,0.16788974,469.2752,148.13715,0.8289058,485.91446,180.86449,0.9219766,450.50885,182.06853,0.9917149,487.03223,227.0233,0.78058034,436.5166,233.21838,0.98449254,492.95663,262.9408,0.77472496,444.1373,280.99844,0.9684408,483.0167,267.02686,0.98772895,456.9686,268.18973,0.99571407,493.47507,333.95023,0.98176354,455.82648,332.6476,0.9935633,499.77664,400.18274,0.95500696,446.0274,397.9939,0.976849
580.4027,165.729,0.9123074,584.3451,161.75735,0.7373287,575.0047,161.07967,0.8646719,0.0,0.0,0.39153567,563.9418,165.8283,0.71233976,589.12787,197.25183,0.9518951,552.878,196.27992,0.9792565,591.57153,227.91537,0.8230772,540.546,231.71346,0.93271136,577.1518,207.33643,0.77335405,551.5902,224.92125,0.8913424,581.6918,270.95602,0.9756891,561.36383,271.06995,0.9838568,566.0129,328.46884,0.97296405,574.2409,332.05066,0.9825195,542.82336,383.45743,0.94423807,575.80334,391.74927,0.9573028
0.0,0.0,0.2532723,0.0,0.0,0.21514963,0.0,0.0,0.10728327,652.3821,181.99248,0.81123203,663.02893,181.74512,0.53044194,647.6029,201.43805,0.9851789,676.51,200.07756,0.9814984,641.89795,229.75168,0.8822415,687.9692,226.24225,0.7931899,641.1496,250.31026,0.6595079,682.0917,246.41309,0.5294108,654.1832,252.75145,0.990449,673.0997,251.97707,0.9890275,648.25714,294.21564,0.977013,668.5379,293.83356,0.9688824,649.2051,335.58466,0.9531187,666.66144,334.1126,0.940951
0.0,0.0,0.19136466,0.0,0.0,0.08224308,0.0,0.0,0.17251149,0.0,0.0,0.39295077,84.346794,212.03741,0.7430881,67.05604,226.77293,0.9649186,88.49968,226.06146,0.9812887,62.17347,245.4592,0.78093374,95.19828,242.86635,0.9096238,61.748016,259.775,0.5774232,96.06003,255.45421,0.7433226,69.53647,260.31512,0.986284,83.58264,260.0487,0.99007505,69.72762,285.6228,0.97085416,80.73597,285.409,0.97740126,70.075775,308.65955,0.94855213,79.049675,309.10315,0.9564581
0.0,0.0,0.13547312,0.0,0.0,0.07323878,0.0,0.0,0.09998594,0.0,0.0,0.47317952,132.08536,213.61792,0.61360836,116.13315,226.65727,0.9679339,136.99553,227.02798,0.97844326,109.73224,242.72804,0.82921815,142.01128,244.57628,0.89106,109.097565,255.63554,0.6285938,143.73662,259.44354,0.7078618,118.606575,259.96924,0.9899122,132.51677,260.1872,0.9916197,117.98838,285.16547,0.97992307,131.07567,285.3903,0.98143274,118.04164,308.99744,0.9643038,129.88112,309.3702,0.9657038
0.0,0.0,0.082462296,0.0,0.0,0.047216624,0.0,0.0,0.053685334,790.43805,201.60966,0.6664711,805.6259,202.76913,0.7205262,778.1977,219.87201,0.9760138,815.24677,222.34354,0.9790862,765.37427,242.82263,0.78390425,826.4097,248.11383,0.8080438,0.0,0.0,0.45116436,0.0,0.0,0.4672401,780.3609,269.60437,0.9857911,805.30585,270.60413,0.98692733,774.21246,304.5064,0.95919204,806.63965,305.74347,0.9581675,773.74426,339.7136,0.9219562,808.86755,341.53073,0.91970974
0.0,0.0,0.07504855,0.0,0.0,0.047514334,0.0,0.0,0.045295704,0.0,0.0,0.40135103,0.0,0.0,0.38951787,157.99252,224.35599,0.94940925,176.70532,223.99474,0.9611638,153.66525,242.50745,0.8366831,182.4845,241.90468,0.87271696,152.8938,256.54648,0.6641603,183.39508,256.32178,0.70787185,161.4714,257.33182,0.9905245,173.9902,257.3179,0.9917498,163.78519,282.606,0.9843113,174.87936,282.71024,0.9849176,162.7906,307.4734,0.97296214,172.45396,307.1584,0.9734307
375.3984,204.18465,0.8807313,377.5052,201.68011,0.74306446,372.57544,201.43991,0.85629165,0.0,0.0,0.42653254,366.0623,203.68013,0.7452266,382.13504,221.69014,0.96061003,358.34897,220.83871,0.97998315,386.60638,240.85175,0.7265294,355.11536,240.53252,0.88188535,384.9378,243.7108,0.6565696,366.49448,241.67564,0.80029154,379.3551,261.47104,0.95701194,364.10538,261.5611,0.97044826,375.33044,296.90125,0.9072983,364.43402,297.1055,0.9324092,372.5239,329.54663,0.8356675,365.09848,329.98822,0.8678975
0.0,0.0,0.051276967,0.0,0.0,0.015194585,0.0,0.0,0.070193596,0.0,0.0,0.13635474,517.8676,185.99867,0.72302306,493.17157,205.37523,0.74891275,523.95123,203.22125,0.90039575,0.0,0.0,0.20304473,530.8294,223.00345,0.6696214,0.0,0.0,0.10053464,0.0,0.0,0.34354714,501.0478,250.42403,0.9032868,522.3308,249.89742,0.94356805,500.32498,288.2342,0.87381506,519.8681,287.616,0.9253404,499.92072,323.90253,0.8531187,517.7305,323.7986,0.8973761
425.2061,211.47453,0.8083193,427.4009,209.12115,0.6123636,422.8309,208.8864,0.79081833,0.0,0.0,0.32103753,417.91843,210.48837,0.708831,430.48123,225.93895,0.91935635,411.4434,224.44098,0.96970177,431.22784,243.53432,0.5544558,405.29724,240.24974,0.8629608,426.36826,250.81134,0.501977,412.69922,245.90633,0.77095777,425.9362,260.11182,0.9241932,413.6131,259.79294,0.95578516,425.28265,291.18835,0.8712417,416.31845,290.84668,0.92152184,421.44922,321.12277,0.8142588,414.56036,320.76334,0.86883056
348.71735,185.65602,0.8863988,350.05457,183.00647,0.73348904,345.1799,182.83383,0.8605359,0.0,0.0,0.41349795,336.63007,185.8398,0.7663587,354.67862,206.48479,0.96971333,329.76633,205.9837,0.9810987,361.23495,227.88739,0.73058313,333.1256,229.84862,0.84997195,357.97806,230.83281,0.6364492,350.52853,232.72774,0.7462561,354.46304,256.48383,0.9707318,337.85425,256.77966,0.97772574,352.11392,300.12338,0.9145855,337.1232,300.7015,0.9323883,348.90103,341.3566,0.84988946,337.11676,342.5135,0.872957
0.0,0.0,0.35521203,0.0,0.0,0.17480643,0.0,0.0,0.30074465,0.0,0.0,0.24125303,728.5832,207.97095,0.5300073,722.5415,219.67133,0.8740984,727.6089,220.49619,0.9196838,723.31,237.53746,0.518237,730.732,238.75352,0.72357756,0.0,0.0,0.39951712,731.67566,245.42563,0.5582517,722.33026,255.0192,0.9199279,725.57874,255.4977,0.93679786,718.9658,286.07523,0.8755667,720.9772,286.39154,0.8992822,720.74365,315.38885,0.8100395,720.0613,316.0926,0.8354368
