540.8551,158.8099,0.9201824,542.9207,154.4676,0.6254507,536.87854,152.92525,0.9313594,0.0,0.0,0.23591667,521.35956,151.55615,0.9069483,535.72894,180.75732,0.948748,504.53018,180.08966,0.99301213,542.17114,216.06161,0.742768,504.51105,219.78018,0.98087424,558.36707,211.14326,0.71698695,539.8238,208.05222,0.9603217,537.34875,257.0765,0.9869516,515.9077,259.38684,0.9951757,553.2088,313.6925,0.9706781,526.6808,318.35416,0.98990285,537.1095,366.53955,0.9224361,513.2929,375.20038,0.95938003
288.4812,196.92764,0.9223481,290.2673,193.43643,0.7298238,284.59967,193.62143,0.9278781,0.0,0.0,0.25998598,275.517,195.75795,0.8707649,293.54422,215.93019,0.9685888,265.74692,216.12762,0.99323833,296.79724,242.08945,0.7713472,259.52063,242.84001,0.97486126,295.90262,257.82837,0.7396178,271.87534,255.8119,0.9454115,291.51514,267.00934,0.9880626,271.8719,267.94852,0.9947883,297.58588,304.97876,0.977666,268.89792,306.03134,0.98983455,298.3513,340.86816,0.95862454,262.41183,342.83008,0.97696805
358.59845,207.5121,0.8650845,359.9877,204.53502,0.5733963,355.54367,204.39973,0.88692504,0.0,0.0,0.19909854,347.80414,205.26364,0.87312794,361.78342,224.02367,0.9598534,338.04898,223.49046,0.9928698,366.1742,247.2123,0.68368596,332.05075,248.37175,0.97377557,370.40256,266.18698,0.6413943,333.9207,269.65668,0.9370624,357.5942,268.11346,0.9832493,343.07114,268.5637,0.9935602,354.89124,301.03146,0.96651846,346.33176,301.72052,0.98680633,349.75143,331.9872,0.936621,344.22458,333.54987,0.96766204
712.7624,206.9432,0.83568984,714.7881,204.20488,0.85255253,711.8337,204.65851,0.55569696,721.62585,203.47519,0.82629544,0.0,0.0,0.20865606,733.67755,216.03223,0.9855597,712.96313,217.29211,0.9608245,742.31445,234.62672,0.961947,711.1208,233.33727,0.7785193,735.1038,246.59126,0.9269678,706.73444,238.643,0.7367821,729.28107,254.64185,0.98193604,715.8603,254.34657,0.9702144,727.852,284.30478,0.9448006,709.0735,284.13974,0.89739,727.712,307.94016,0.85992116,705.92804,307.10867,0.7874492
656.6158,204.10657,0.8104231,657.3795,200.85292,0.50646967,653.72614,200.81473,0.8194962,0.0,0.0,0.17811379,646.3819,200.79605,0.77206796,654.3075,216.6824,0.9173804,639.44305,216.58827,0.9761534,656.62286,239.63937,0.6260992,633.2346,240.58604,0.9338618,661.57605,261.31747,0.6144707,638.6312,264.08383,0.8856104,646.9011,259.4598,0.96199083,638.1754,259.80966,0.9807926,649.87134,290.01984,0.94553566,644.73114,290.49182,0.9723345,638.1161,321.73822,0.92746496,635.13904,323.2648,0.9560482
0.0,0.0,0.39626268,0.0,0.0,0.16656202,0.0,0.0,0.33788243,0.0,0.0,0.27836722,492.6116,166.72673,0.68121326,479.02982,186.24828,0.9261423,489.9466,186.51448,0.9558702,470.33047,212.57063,0.6156779,488.64807,211.64035,0.80749905,0.0,0.0,0.4530494,485.20038,215.78722,0.62202656,478.93875,243.94528,0.9733839,486.8671,244.37878,0.9795359,476.3833,289.63574,0.96537125,488.43207,289.9873,0.97224694,472.1556,333.08414,0.9361013,486.17465,334.12784,0.94565046
101.95814,208.78787,0.9041755,103.81829,206.7341,0.79482406,99.92875,206.69872,0.8719381,105.66763,208.06552,0.52067775,95.92553,207.77583,0.7521594,108.74397,219.8744,0.98030245,89.90851,219.63937,0.9915006,112.49736,233.89429,0.86222225,81.71283,233.89368,0.95510775,110.12615,242.8858,0.81539446,80.707306,246.27278,0.9152849,103.2027,248.7068,0.9857993,91.6961,248.44981,0.99095637,99.855774,271.26617,0.9704671,89.742584,270.80417,0.9795176,96.86565,292.7993,0.94971806,89.75872,292.4071,0.9613204
0.0,0.0,0.15086484,0.0,0.0,0.09475806,0.0,0.0,0.14253987,0.0,0.0,0.30030268,0.0,0.0,0.4472796,311.7859,220.66699,0.8545687,329.31735,221.84341,0.8856089,0.0,0.0,0.47001922,329.26462,236.55438,0.6132786,0.0,0.0,0.32551947,0.0,0.0,0.42658627,312.06403,251.19394,0.9346576,323.3763,251.61015,0.94225013,312.0068,279.0184,0.9019569,322.90778,279.2581,0.91546386,312.00974,306.11176,0.8563786,320.25378,306.70187,0.8715061
133.74695,207.84335,0.7452387,135.33794,206.14186,0.65750057,132.66563,206.05002,0.58775204,138.00638,207.80385,0.5440904,0.0,0.0,0.39185297,141.3377,218.11499,0.96324027,126.00653,218.0268,0.95335656,143.26468,229.86845,0.8722895,120.92297,229.26299,0.80139244,139.05064,233.02536,0.81517816,123.33016,231.47278,0.7454413,136.63312,244.74652,0.97606295,126.901024,244.66974,0.9725221,135.10092,266.50308,0.9638364,125.22775,266.49643,0.9550526,133.90591,287.05707,0.945369,123.8154,286.782,0.9354345
609.54895,215.48799,0.55994135,0.0,0.0,0.23537688,608.14624,213.29947,0.5759259,0.0,0.0,0.16151004,604.863,214.37099,0.75129193,601.76105,226.24095,0.9017124,601.6165,226.08733,0.97043824,601.6466,241.34567,0.5264636,602.83875,242.28262,0.9071187,0.0,0.0,0.46929622,610.906,251.31476,0.81632435,600.431,256.1907,0.9429229,600.5009,256.52625,0.97164243,605.2956,279.2091,0.90322334,605.2419,279.44547,0.9528674,602.36896,303.11572,0.86296195,601.10864,304.06406,0.9182304
