0.0,0.0,0.18215212,0.0,0.0,0.13725643,0.0,0.0,0.073738776,748.3555,182.8188,0.7792838,771.8147,182.25717,0.56168175,739.91797,210.70015,0.9819547,786.04346,209.4576,0.9835343,729.9356,247.79189,0.89494544,793.3697,244.6978,0.8737853,735.08185,272.28494,0.68919843,789.2251,271.62146,0.6383804,748.981,279.97583,0.9896926,777.9115,279.4239,0.98977625,759.337,330.40164,0.9701118,774.13214,329.8506,0.9663612,767.5759,384.17465,0.9097985,769.6954,382.58447,0.9028893
0.0,0.0,0.06642892,0.0,0.0,0.091378696,0.0,0.0,0.01597044,823.1013,197.13274,0.8112871,0.0,0.0,0.20958342,817.64264,225.41814,0.9375111,852.7993,222.7915,0.8159313,807.49585,262.45212,0.7971805,0.0,0.0,0.27553177,0.0,0.0,0.46681482,0.0,0.0,0.13059817,831.42786,292.45908,0.94745314,854.0,291.65726,0.9024319,822.11395,348.73373,0.9043475,848.5875,348.78326,0.79610807,821.8799,403.8238,0.8068953,849.242,402.31995,0.6860821
0.0,0.0,0.10377998,0.0,0.0,0.05679155,0.0,0.0,0.058463078,0.0,0.0,0.449593,539.5817,197.70624,0.5253401,515.95856,218.60309,0.95118856,547.2799,217.7758,0.9489678,508.85645,246.4218,0.77213603,553.9194,244.71515,0.75542825,508.15997,269.43185,0.5292948,549.8301,264.78717,0.51240975,520.08704,270.68274,0.987199,541.4014,270.35764,0.9871573,517.7307,312.9026,0.9833468,541.22864,312.88336,0.9822203,516.55524,352.43555,0.97112334,541.1052,352.82748,0.9698448
0.0,0.0,0.10802941,0.0,0.0,0.06459564,0.0,0.0,0.071190305,386.82153,196.65761,0.52624387,401.84842,197.29851,0.5646683,378.8829,219.4708,0.9526426,408.96466,220.42871,0.96960104,370.1341,248.60721,0.7990722,415.34756,248.8748,0.87508404,367.8082,275.33875,0.5875753,416.325,275.4706,0.67324585,381.0278,271.36905,0.9871241,400.0643,271.8622,0.98957473,382.06976,309.53845,0.9793228,396.09714,310.15228,0.9808693,384.75488,346.65332,0.96284956,393.6462,347.5357,0.9644221
0.0,0.0,0.11197278,0.0,0.0,0.05650781,0.0,0.0,0.07108741,304.70676,203.25888,0.57714695,321.83966,203.35413,0.6510357,295.2096,222.1167,0.9753136,330.53012,222.39047,0.98354536,285.788,250.97054,0.87176424,341.556,249.96121,0.914289,284.57785,276.6388,0.6780053,344.6974,276.458,0.7270635,301.42764,270.32318,0.9925809,323.90802,270.47525,0.9937091,303.22507,313.0719,0.98247004,323.05676,312.89325,0.9830973,306.28732,352.50363,0.9564584,322.6065,352.52142,0.95733964
0.0,0.0,0.08298337,0.0,0.0,0.064795375,0.0,0.0,0.039293565,583.01184,216.17044,0.59805745,0.0,0.0,0.41199714,578.57434,235.4985,0.96864027,604.8963,234.94283,0.96885735,572.4009,259.01355,0.87612504,613.19775,259.5047,0.85428107,569.49896,276.97495,0.67591196,614.956,278.7061,0.6424255,583.04596,282.11728,0.99039453,599.0198,281.92316,0.9904884,586.7477,316.55762,0.97843355,595.3638,316.86172,0.97614187,591.35095,351.08173,0.9536764,592.8927,350.771,0.9497186
0.0,0.0,0.114119716,0.0,0.0,0.066463664,0.0,0.0,0.07805454,0.0,0.0,0.48719695,467.85315,230.22244,0.57710093,450.69495,245.54498,0.96491754,474.27304,245.53325,0.9747658,445.65372,264.72064,0.8209031,481.5725,266.40884,0.87735206,445.6629,281.6226,0.60029685,484.1406,285.44324,0.6741552,455.39795,280.90015,0.98785037,470.61487,281.12122,0.98977274,458.43768,307.5526,0.97464716,470.3845,307.80917,0.9767611,460.8132,332.36908,0.9533977,469.2241,332.444,0.95564
0.0,0.0,0.1388303,0.0,0.0,0.11604267,0.0,0.0,0.07177883,628.7513,232.46039,0.66425467,0.0,0.0,0.3887581,625.1624,244.45161,0.97469485,644.3692,244.11023,0.9646328,620.6542,259.68588,0.8275515,650.25366,259.3635,0.7005852,620.1375,270.65878,0.605919,0.0,0.0,0.46574047,628.41797,274.41904,0.9879127,641.76605,274.33023,0.9858539,624.0159,298.68832,0.9769707,643.021,298.54083,0.971963,624.0138,322.46582,0.95743334,644.34296,322.0693,0.9510155
0.0,0.0,0.11535408,0.0,0.0,0.06943425,0.0,0.0,0.111478865,0.0,0.0,0.3493884,441.22424,218.0745,0.53313124,423.07437,230.06516,0.9135732,444.74945,230.76465,0.93546474,415.9504,246.27298,0.575476,448.84372,246.12938,0.72579134,0.0,0.0,0.39417335,448.66364,254.52121,0.5119049,425.6642,264.1744,0.9703287,440.5907,264.43567,0.97446436,424.7666,292.15305,0.95756716,442.7043,291.98935,0.96487445,424.81622,319.82065,0.93106973,442.87125,320.1192,0.94037443
213.36334,242.85854,0.66254354,214.70032,241.19421,0.60342675,212.7367,241.17796,0.5103183,217.91185,241.51277,0.50759965,0.0,0.0,0.3177614,222.76094,250.508,0.96397537,210.09183,250.54816,0.9568441,228.25487,262.88748,0.8429306,205.15645,262.49197,0.79596156,228.05995,275.57858,0.7925595,202.49944,275.03967,0.7444099,219.7525,274.02737,0.9836558,212.59438,273.88806,0.9823038,217.42242,293.4361,0.97495157,211.79752,293.09717,0.9724315,216.61618,311.7328,0.9617181,212.03847,311.24707,0.95901954
