0.0,0.0,0.14663905,0.0,0.0,0.15538625,0.0,0.0,0.02116467,516.2889,110.37024,0.9000695,0.0,0.0,0.27410808,498.9326,173.54228,0.9700936,598.04083,167.82985,0.92061955,470.13675,259.19528,0.8438016,604.36676,254.20409,0.5034118,483.99252,294.79443,0.552942,0.0,0.0,0.26945198,508.25436,342.82025,0.9360805,578.32153,340.51993,0.89474314,488.7512,468.6393,0.58234143,0.0,0.0,0.4562137,0.0,0.0,0.119780555,0.0,0.0,0.093005866
0.0,0.0,0.17701213,0.0,0.0,0.15440726,0.0,0.0,0.07496328,164.83588,188.2238,0.7566552,0.0,0.0,0.4768897,158.19238,207.15092,0.9791226,186.81152,205.63358,0.9718195,147.69255,232.73676,0.8725161,194.13155,226.5817,0.7510656,144.94911,248.95796,0.65512705,0.0,0.0,0.4973249,164.77954,255.88365,0.9910964,183.19101,255.54999,0.9892063,163.65692,297.01395,0.98503625,179.7012,297.3865,0.97866905,165.94925,339.92566,0.9706561,178.16312,339.6141,0.96160245
361.25446,205.15808,0.9007568,363.42923,202.87685,0.7911977,359.06796,202.86052,0.86087996,366.51077,204.90286,0.53034496,355.20413,204.57547,0.7421167,370.96164,219.38025,0.98140115,349.19284,219.91501,0.99071956,376.0227,234.91595,0.85800433,344.51562,238.17754,0.9397033,375.12695,240.3057,0.8019306,353.44827,246.2627,0.8866109,369.12225,256.6026,0.98580915,355.61932,256.97568,0.99018997,367.6129,286.75937,0.9683841,356.98416,286.7883,0.9766104,365.24103,315.33612,0.9360476,358.87003,315.21127,0.9489642
338.63098,203.70662,0.86579037,340.06726,201.78273,0.7145861,336.7404,201.68913,0.8337832,0.0,0.0,0.44710627,332.23013,202.74966,0.7479954,342.97437,216.02344,0.96956515,325.94162,215.10751,0.9879062,341.36343,229.30826,0.7758459,319.2742,228.03894,0.9294382,336.94537,227.3979,0.71704,325.26834,226.61655,0.869729,340.53586,249.9764,0.9764716,329.72614,249.79926,0.98579675,338.34247,278.78638,0.9514503,329.61478,278.52692,0.96823883,336.4188,307.16,0.914446,328.80884,306.852,0.93691486
292.2969,216.68541,0.8332074,294.1182,214.76569,0.681818,290.73685,214.54022,0.7813527,0.0,0.0,0.43599933,286.70917,214.7582,0.6629629,299.01617,224.76524,0.9749703,279.2116,224.43355,0.9866981,305.54913,231.7587,0.8744939,269.2983,232.39276,0.94494545,302.8563,225.60196,0.8317802,273.902,228.3491,0.90452915,294.6807,254.97733,0.9886423,282.12915,255.06447,0.99183404,293.467,278.2221,0.97916085,281.5625,278.28946,0.9837857,291.5146,299.42386,0.9614414,281.0646,299.57693,0.96770626
634.416,164.25923,0.86088073,638.7161,160.14948,0.7467959,630.2861,159.31665,0.8434157,0.0,0.0,0.37676775,621.1064,160.99313,0.6490731,647.4804,189.88234,0.8860335,608.07837,188.21246,0.9248521,0.0,0.0,0.49613118,603.9843,221.06181,0.67704636,0.0,0.0,0.43427587,617.2086,243.1256,0.5646663,638.1978,252.82684,0.8898485,613.32465,252.5782,0.91038966,636.2187,297.98666,0.84196216,618.2982,297.49313,0.86844695,630.3804,336.63647,0.77189296,620.90765,335.7116,0.80175894
732.70496,208.6865,0.62877613,733.72375,206.67119,0.58666897,0.0,0.0,0.40481776,736.4926,208.30249,0.6750842,0.0,0.0,0.372783,738.7911,221.85132,0.96514356,739.49756,220.8406,0.94734216,743.1842,236.73401,0.849708,740.6783,235.19876,0.69484013,742.144,244.45009,0.7380201,735.66,244.7775,0.57847816,736.7292,254.87965,0.967061,737.7928,254.1082,0.95898545,734.5375,278.0289,0.9337061,735.0799,277.52994,0.90944433,735.7613,301.32736,0.89432484,735.0305,300.2997,0.867815
0.0,0.0,0.15386151,0.0,0.0,0.093294285,0.0,0.0,0.1612857,0.0,0.0,0.07906587,0.0,0.0,0.22253719,0.0,0.0,0.20210919,0.0,0.0,0.4290096,0.0,0.0,0.095335394,0.0,0.0,0.36600965,0.0,0.0,0.119398475,0.0,0.0,0.32280713,0.0,0.0,0.2965188,0.0,0.0,0.44607556,0.0,0.0,0.3680381,846.2157,296.4072,0.52112126,0.0,0.0,0.4612803,846.44775,327.87988,0.58033323
0.0,0.0,0.09878991,0.0,0.0,0.052052785,0.0,0.0,0.0827943,0.0,0.0,0.3757813,204.67418,220.79308,0.5646115,191.09525,230.86964,0.9503728,208.43243,231.12483,0.9618041,189.35791,243.09631,0.6433704,215.82542,243.26822,0.78243333,0.0,0.0,0.3942093,219.5759,254.27264,0.5169633,193.93513,254.58752,0.97286814,205.7617,254.77034,0.97685504,195.39607,273.54404,0.9480647,206.60484,273.1867,0.95769995,194.71513,291.49713,0.9313107,205.34319,291.75558,0.9418478
663.2968,206.92828,0.9456414,666.85016,203.83974,0.94827485,660.93787,203.71419,0.8721276,673.26514,205.71664,0.87170535,0.0,0.0,0.43025276,679.0384,223.47241,0.9864834,656.66437,223.5751,0.9699584,683.2395,247.32039,0.8759029,655.79895,246.6168,0.6358354,676.51953,264.7502,0.7690117,657.6292,263.21793,0.53308076,671.9609,266.98447,0.92336106,657.55273,266.55807,0.8901124,671.3378,296.11887,0.59983546,0.0,0.0,0.49705994,0.0,0.0,0.33472833,0.0,0.0,0.26580298
