508.5229,166.98587,0.8278899,0.0,0.0,0.3709953,504.87976,162.77838,0.85753113,0.0,0.0,0.13900636,492.27982,161.3745,0.86453944,504.68924,184.30568,0.90163285,477.29086,186.46722,0.99331975,508.58093,216.21925,0.617439,477.55228,223.71753,0.9856228,508.95523,207.84863,0.5829629,510.43796,215.52423,0.959929,502.45026,256.3487,0.9886141,488.09595,259.88495,0.996988,496.09537,309.80188,0.9886722,511.61795,322.30582,0.9972295,461.34766,354.79095,0.9801065,509.94284,379.1945,0.9918251
632.1586,208.70691,0.8331451,0.0,0.0,0.45123848,629.26373,205.29594,0.8508509,0.0,0.0,0.17975591,620.2322,206.04674,0.8876492,620.0638,223.14949,0.9672685,613.1005,222.48206,0.99336034,625.9693,242.90378,0.76034665,608.5294,244.61984,0.9758198,640.90906,253.79376,0.741061,623.2622,257.9428,0.9455816,615.38513,266.8391,0.9896694,612.34625,267.10095,0.995672,613.68823,296.25266,0.98133206,617.79083,296.51605,0.99194604,604.3931,320.6737,0.97009426,611.4936,322.51276,0.9842052
273.49088,200.0232,0.9298592,275.42184,196.83858,0.8095613,269.80313,197.05954,0.91791993,0.0,0.0,0.44328827,261.93338,199.89207,0.8335463,281.8793,220.64474,0.98509306,252.51724,219.8166,0.99520147,289.6128,244.44077,0.8755447,237.73486,240.09644,0.9733994,290.01804,265.5738,0.8224574,235.52843,256.6907,0.93964475,276.17642,269.35178,0.9895872,258.27853,269.40927,0.99432194,273.9923,304.31213,0.9643106,262.69147,304.74127,0.9786805,264.62393,336.70856,0.91161764,260.80655,337.98544,0.93846005
797.68146,105.509834,0.90741724,0.0,0.0,0.41172877,787.87695,99.52406,0.9171819,0.0,0.0,0.07177009,760.6134,113.15016,0.9148093,794.05225,164.95207,0.926539,733.85236,169.17416,0.9935179,809.8563,229.56111,0.73474985,733.78076,243.67017,0.9872952,814.1679,208.53452,0.71585226,793.16833,216.80287,0.97069156,779.95654,303.1466,0.9783483,739.52155,304.9458,0.99288225,763.1656,414.39124,0.88627315,738.28357,419.5297,0.96020544,710.71295,469.36722,0.50291026,693.4789,469.92154,0.6598762
348.32294,209.97551,0.84426886,348.60458,207.28522,0.55017316,345.89084,207.1821,0.84932536,0.0,0.0,0.20382078,337.2951,208.34192,0.81475455,345.5404,224.61621,0.94530094,328.43536,224.77603,0.9816829,350.2986,239.83406,0.67353183,322.66794,243.76613,0.9285215,354.87997,241.84065,0.644436,331.1862,249.40364,0.8752346,342.67596,262.9918,0.97224176,332.4667,263.8712,0.9848555,339.56192,293.5407,0.96179634,335.58704,294.84183,0.97844076,337.50336,321.9307,0.9451879,336.9353,324.54868,0.9634976
102.03459,208.17546,0.88819814,103.61854,206.11055,0.74523735,99.97872,206.13751,0.86603785,0.0,0.0,0.45603812,95.76549,206.92157,0.7850033,107.846985,218.94019,0.97739476,89.036896,218.3107,0.99182653,111.2061,233.336,0.822017,80.88512,232.532,0.95590615,110.72288,245.06348,0.7564345,80.37235,246.39906,0.90649706,101.67686,247.56615,0.9809981,89.82142,247.21254,0.98913914,100.82051,269.14764,0.95315766,87.20179,268.6336,0.97143954,97.942825,289.8832,0.9120351,85.39315,289.60614,0.9380895
527.63995,162.9194,0.63657016,0.0,0.0,0.32468697,524.339,159.41786,0.6194826,0.0,0.0,0.16020162,516.41003,161.17642,0.65312284,524.81055,182.8367,0.869854,510.34048,182.66116,0.9289067,0.0,0.0,0.46184728,506.4023,210.44533,0.74059457,0.0,0.0,0.40120217,520.53735,213.37448,0.6202173,526.76904,243.00932,0.9563737,518.3604,243.99046,0.9692332,526.4333,292.01303,0.96092325,524.0613,293.16837,0.97254217,524.7212,340.18112,0.9436053,525.6855,342.06506,0.95629954
0.0,0.0,0.19123705,0.0,0.0,0.034884997,0.0,0.0,0.29981077,0.0,0.0,0.010869586,838.465,123.34685,0.52110803,0.0,0.0,0.25367692,821.4986,161.91487,0.72619,0.0,0.0,0.09981587,824.6795,221.2589,0.7821282,0.0,0.0,0.12522978,833.02637,215.6584,0.6455194,0.0,0.0,0.26210338,829.4989,257.61014,0.5305504,0.0,0.0,0.050765455,0.0,0.0,0.1546341,0.0,0.0,0.019944143,0.0,0.0,0.049562767
593.2633,215.67091,0.7247868,0.0,0.0,0.4907607,591.0975,213.0522,0.76358855,0.0,0.0,0.22613738,586.20374,213.93356,0.777246,591.9015,227.86618,0.9464423,579.21545,227.06421,0.9730031,593.33826,244.73886,0.64256924,575.10736,244.47057,0.89451396,594.9049,257.3351,0.57966334,581.20703,258.29227,0.8197476,587.0314,259.86038,0.9645274,579.5248,259.98148,0.9748516,585.8138,285.41727,0.9233924,579.73975,285.2463,0.9486008,580.77435,307.76608,0.86111933,575.4625,308.53287,0.8970589
127.39372,207.69884,0.8269835,129.40176,205.77606,0.806024,126.31677,205.809,0.61347365,133.07556,207.0074,0.7601744,0.0,0.0,0.32860768,137.78642,217.88687,0.98249257,122.147194,218.34218,0.9590171,140.66469,230.9553,0.9336161,117.89512,230.41484,0.7309363,133.26309,237.05621,0.8851746,121.47624,234.03297,0.6831312,133.53139,245.412,0.9813348,123.5283,245.47008,0.97019154,132.01224,268.3508,0.9685533,122.45684,268.45786,0.9440593,131.80287,289.10974,0.9419069,123.451965,288.69067,0.9108216
798.67096,109.01072,0.70235586,0.0,0.0,0.14719424,790.41125,101.47333,0.8419781,0.0,0.0,0.0114101395,765.0715,109.61566,0.8864342,781.99005,159.75146,0.75465256,737.2632,165.5871,0.9509064,0.0,0.0,0.32259578,728.88257,243.32028,0.92881125,0.0,0.0,0.34439567,792.2506,217.79652,0.84767807,785.83496,299.59113,0.74173003,755.4929,305.7527,0.88435286,0.0,0.0,0.0707315,0.0,0.0,0.19227998,0.0,0.0,0.00886165,0.0,0.0,0.022259448
377.21692,212.9089,0.7439869,378.28583,210.87785,0.5771173,375.2004,210.78058,0.7705671,0.0,0.0,0.2764345,371.27036,211.69049,0.7208037,379.90628,223.23517,0.9479705,365.46478,223.23119,0.9685948,384.78757,235.2894,0.6895371,362.40414,236.08337,0.8864375,386.49243,242.18484,0.6414946,368.72424,243.4019,0.82628244,376.18784,251.45564,0.96737456,367.5729,251.69514,0.97511977,376.07242,274.38727,0.9380941,368.182,274.29828,0.955705,372.67404,294.93246,0.88599616,365.7719,295.6063,0.91188323
