0.0,0.0,0.3331413,0.0,0.0,0.18303387,0.0,0.0,0.124271065,415.10782,186.94972,0.6425452,0.0,0.0,0.4606323,409.86118,213.58354,0.9824472,454.55603,212.5313,0.9755117,399.8677,252.06429,0.9525421,474.70044,247.88644,0.92890394,395.7772,287.40076,0.8881115,474.2304,281.6414,0.85696155,419.5232,277.02872,0.9959663,449.2269,276.1499,0.99544936,415.01193,332.04773,0.9930727,446.33664,329.0026,0.9928087,422.25937,382.88443,0.9795744,450.19174,376.78323,0.9801949
0.0,0.0,0.08273674,0.0,0.0,0.07220001,0.0,0.0,0.0348597,704.0575,202.38115,0.73530304,0.0,0.0,0.48612517,697.8709,227.00566,0.9816735,730.7418,226.35847,0.98235357,688.9091,255.90762,0.9309132,741.1949,259.65607,0.9158836,688.4662,271.06003,0.7629217,746.96674,279.99155,0.731879,702.3259,283.99084,0.9926838,722.0551,283.61136,0.9930288,707.3986,328.79865,0.9754792,718.2955,329.0339,0.97337306,713.4451,372.51492,0.9241305,715.63,371.8954,0.91932255
0.0,0.0,0.16219537,0.0,0.0,0.055050664,0.0,0.0,0.13716774,0.0,0.0,0.40775347,532.50574,174.91614,0.7961757,498.9616,203.65672,0.97588605,537.8763,204.66742,0.99273175,487.96136,247.73044,0.85215276,543.88904,244.01201,0.97035235,489.41876,291.81326,0.6705174,549.71924,281.2867,0.8691184,505.6765,274.83154,0.99471813,529.8405,275.77823,0.9971517,515.1492,328.93567,0.98446727,527.83057,329.39874,0.9906989,520.52496,379.1616,0.95143217,523.4131,380.80023,0.9664589
803.4397,209.90338,0.9251299,806.65497,206.84085,0.9152232,801.0351,206.95801,0.7864863,813.5113,208.3837,0.83904403,0.0,0.0,0.42108348,822.756,225.72372,0.9918298,795.6052,226.45665,0.98461956,828.2884,247.61086,0.9629246,794.0161,248.45845,0.84954417,811.0958,250.3111,0.9358918,806.78894,251.2532,0.8077382,820.1686,272.29025,0.9898359,802.8035,272.3396,0.9853306,819.0589,309.59924,0.97278666,806.9833,309.33945,0.9546638,815.63513,344.80426,0.93063253,813.3812,343.659,0.90123403
0.0,0.0,0.072828114,0.0,0.0,0.053861488,0.0,0.0,0.035392348,616.97314,180.59181,0.6701269,0.0,0.0,0.49479938,606.5561,205.86438,0.9691731,647.01984,206.11383,0.95387655,594.936,239.25279,0.81251794,654.8347,239.17557,0.6494478,0.0,0.0,0.49986342,0.0,0.0,0.33534944,615.8389,266.65393,0.99034774,641.01086,267.1622,0.9871609,621.9798,316.61987,0.9855692,636.9904,317.41235,0.9781782,625.1836,366.5517,0.9708204,629.6119,367.15125,0.9600661
0.0,0.0,0.16816331,0.0,0.0,0.10559253,0.0,0.0,0.10653878,0.0,0.0,0.43757734,0.0,0.0,0.46711457,654.7368,246.30176,0.92409855,676.1143,246.6765,0.93564767,652.2679,261.95926,0.6402316,681.52496,264.03873,0.7069715,0.0,0.0,0.43049374,0.0,0.0,0.48714903,658.2464,278.58392,0.96377724,672.5231,278.71402,0.96868694,658.765,305.4019,0.945354,673.1716,305.55136,0.9506026,661.0705,332.25125,0.9271641,673.5699,332.23337,0.9322264
0.0,0.0,0.15319939,0.0,0.0,0.078063354,0.0,0.0,0.16798967,0.0,0.0,0.30972075,295.25604,232.3425,0.6686028,282.03476,242.25291,0.96094614,297.67188,242.8182,0.974632,275.69104,257.0551,0.71481955,301.5653,257.5919,0.87588125,276.65472,268.64548,0.50223,302.47238,269.7034,0.6911945,284.22775,269.97006,0.9841723,294.33038,270.2415,0.9875581,285.4551,293.18085,0.96580875,294.7363,293.2332,0.9744266,284.1568,315.61514,0.9504811,292.62564,316.1559,0.9605309
0.0,0.0,0.13710867,0.0,0.0,0.101267315,0.0,0.0,0.09040941,0.0,0.0,0.3761635,0.0,0.0,0.32046214,584.8904,245.82278,0.91304797,597.48615,244.63792,0.9148096,580.35754,266.08707,0.67326504,599.5727,263.9619,0.6594247,0.0,0.0,0.47705254,0.0,0.0,0.4639939,590.75555,281.97437,0.9672016,598.7169,281.65515,0.967975,594.86,310.75027,0.9423851,600.27563,310.46042,0.9413165,599.50073,337.6539,0.89930767,601.96466,336.92093,0.89781886
0.0,0.0,0.1297274,0.0,0.0,0.07866138,0.0,0.0,0.11965085,0.0,0.0,0.3718128,260.76086,237.33852,0.53052753,246.93462,246.4116,0.9438549,263.34543,247.24141,0.95484126,241.40164,259.35812,0.68910927,266.02637,259.90652,0.7931432,0.0,0.0,0.48891312,265.5752,270.25247,0.5899166,247.90445,271.02557,0.97654927,258.938,271.26004,0.97956985,247.79636,290.43466,0.95960075,258.91257,290.50204,0.96553916,246.7227,308.67822,0.943772,257.34802,308.99954,0.9503433
0.0,0.0,0.24449319,0.0,0.0,0.15681443,0.0,0.0,0.18750308,349.8924,236.91994,0.5051785,356.34152,237.06883,0.57522845,346.17307,247.6776,0.97427875,360.30695,247.88084,0.9766872,341.62396,260.8906,0.79382116,365.58847,260.96722,0.8360397,341.46008,270.7146,0.6026951,366.1029,270.6926,0.6494664,349.10638,273.42154,0.9842876,357.81067,273.50247,0.9851608,349.94595,293.79645,0.9624715,356.8504,293.60025,0.96531284,350.24448,312.6269,0.9359772,355.94443,312.65408,0.94006324
