0.0,0.0,0.23720622,0.0,0.0,0.13172266,0.0,0.0,0.05251733,423.68607,96.33466,0.8109912,0.0,0.0,0.4783092,413.859,144.41794,0.98850805,488.3322,143.06543,0.98362374,375.34918,207.18681,0.964355,510.55206,216.01749,0.93875796,354.7253,248.4402,0.8866425,504.55563,270.58545,0.84712166,428.59525,274.11673,0.9956879,472.8101,272.455,0.99515814,430.49548,374.79694,0.9672106,451.53503,372.0404,0.9662729,444.97787,454.2814,0.74968946,438.97083,451.2346,0.7541335
0.0,0.0,0.07295141,0.0,0.0,0.069371656,0.0,0.0,0.026432391,573.80975,173.02411,0.76574993,0.0,0.0,0.37374762,567.28644,195.86276,0.9843759,601.16504,195.5415,0.97751725,555.53656,226.13928,0.9459528,610.149,226.7239,0.86021584,551.4657,251.36583,0.8037594,607.7967,253.96613,0.63762844,574.2348,252.22516,0.9959428,595.35114,252.24011,0.9948383,577.9307,296.14914,0.99028087,593.1752,296.64688,0.9849311,581.7985,339.15195,0.9742454,590.01355,338.98785,0.96425545
0.0,0.0,0.12713104,0.0,0.0,0.07030294,0.0,0.0,0.06817918,0.0,0.0,0.4125456,0.0,0.0,0.43184286,171.68784,218.14305,0.9576753,194.95584,218.46144,0.9605711,162.74312,236.87355,0.83523744,201.1175,241.2333,0.8420677,163.51578,252.30048,0.6574504,206.4929,260.04965,0.666681,174.69147,258.2747,0.98623836,189.30696,258.1032,0.9875044,175.49402,287.00687,0.9687858,186.2463,286.9445,0.96993935,176.24161,313.82056,0.939893,183.45114,313.97467,0.9419153
0.0,0.0,0.2920961,0.0,0.0,0.32903886,0.0,0.0,0.055582028,722.4121,165.74164,0.8085859,0.0,0.0,0.13083816,722.07715,189.306,0.9849349,756.8512,185.15836,0.84440935,713.37585,224.79874,0.97416127,769.579,218.53624,0.5667613,705.8627,255.75006,0.9239611,764.93195,243.01883,0.5159805,731.72186,254.20901,0.992211,754.31244,252.0915,0.9743158,728.8685,309.11642,0.9867383,748.402,305.9715,0.9603447,739.2933,358.36923,0.95887053,754.4814,351.81714,0.92190975
0.0,0.0,0.25325406,0.0,0.0,0.092562795,0.0,0.0,0.25594184,0.0,0.0,0.37973818,86.010506,203.70016,0.8467533,65.07398,222.17314,0.9677807,90.72444,221.2857,0.98687625,60.871696,244.60695,0.7138285,96.7036,242.36833,0.9187755,0.0,0.0,0.4819937,97.42197,258.23648,0.73780334,70.57631,261.38818,0.98503137,87.55237,261.16577,0.99063766,72.47226,291.32593,0.96878034,85.04434,290.92325,0.979287,74.447876,319.109,0.9450551,84.300995,319.46353,0.95844185
346.70258,171.01678,0.94026077,350.0596,166.62024,0.8089822,341.62152,166.77489,0.9572921,0.0,0.0,0.2889381,332.28726,170.15587,0.9014081,360.54968,199.50829,0.9399441,322.24048,200.08461,0.99268407,0.0,0.0,0.46050942,314.3877,233.66603,0.9606714,0.0,0.0,0.42735982,309.8008,267.6005,0.8991788,354.59702,265.61948,0.960285,331.48148,266.08243,0.98758477,350.77322,314.4835,0.91471493,335.30026,314.57828,0.97094,342.59933,361.20142,0.87430274,335.1536,361.75345,0.9423239
0.0,0.0,0.13119105,0.0,0.0,0.043935414,0.0,0.0,0.12041647,0.0,0.0,0.22330116,131.10428,206.8953,0.692095,112.03084,221.85278,0.9368211,135.74397,221.9614,0.9718778,105.077065,240.48738,0.6804323,141.92465,242.77863,0.90378207,0.0,0.0,0.49025568,144.97519,261.41077,0.7479161,115.50885,260.1832,0.9855848,130.82407,260.0567,0.9911765,117.6718,288.4281,0.97722024,128.46443,287.98578,0.98597497,118.551796,315.68915,0.96343595,125.96144,315.96695,0.97432864
0.0,0.0,0.19689491,0.0,0.0,0.09287252,0.0,0.0,0.2187209,0.0,0.0,0.08444286,0.0,0.0,0.39164484,0.0,0.0,0.35212564,842.8849,211.59764,0.69181365,0.0,0.0,0.12641998,831.2369,239.22757,0.575964,0.0,0.0,0.12911099,0.0,0.0,0.4391811,0.0,0.0,0.4423789,846.94366,264.09244,0.642263,0.0,0.0,0.37871766,846.9796,300.32617,0.57374424,0.0,0.0,0.36819464,846.60785,337.11847,0.5163573
0.0,0.0,0.14156683,0.0,0.0,0.09677869,0.0,0.0,0.078245655,537.7426,196.04448,0.5222063,0.0,0.0,0.4611251,530.6207,213.16884,0.9431381,556.8973,214.08266,0.93906695,523.24207,234.50621,0.67241645,560.2053,238.463,0.62806827,0.0,0.0,0.40642276,0.0,0.0,0.37098417,535.3892,257.55585,0.9746661,552.5384,258.17963,0.97427964,538.73785,293.3685,0.96171916,555.358,294.18326,0.9588275,542.6541,329.77307,0.947907,555.7375,330.35138,0.9451485
664.2307,205.79031,0.91531116,667.4208,202.99924,0.8893403,661.5931,203.20764,0.8477408,672.6293,205.40282,0.73044926,658.25555,206.05263,0.57405555,678.7911,222.82996,0.964051,654.07666,224.01213,0.960861,682.8738,243.46318,0.78701323,651.3398,244.091,0.73366064,676.4565,258.69302,0.6743797,654.1535,256.19904,0.6179757,675.06635,262.10962,0.8273248,659.00684,262.66748,0.82513636,0.0,0.0,0.48141223,0.0,0.0,0.4639885,0.0,0.0,0.2854455,0.0,0.0,0.27594066
304.03256,203.70836,0.8700284,306.38983,201.3484,0.7476206,301.98755,200.92142,0.82500607,0.0,0.0,0.46679443,297.08826,202.17262,0.67893434,310.93622,219.7562,0.95649755,289.02554,217.16463,0.97371656,312.51743,239.39839,0.74215204,280.1085,232.80957,0.854247,305.96225,251.60423,0.67577094,287.7399,239.81471,0.7757483,304.69876,256.04745,0.9567474,290.78113,255.276,0.9663253,302.28397,285.3414,0.9263788,291.4837,284.80405,0.93862575,299.05502,312.82224,0.8812168,292.09305,312.3053,0.89552695
