0.0,0.0,0.085958034,0.0,0.0,0.045926638,0.0,0.0,0.054459445,304.05826,206.39418,0.5302465,320.49478,206.62094,0.58766735,295.09055,223.76479,0.9705357,328.5829,223.92961,0.9809761,284.0439,249.82153,0.8720926,338.2358,248.51108,0.9166565,282.38974,272.1904,0.6882197,338.1792,271.45435,0.7438391,299.8046,269.6753,0.9937655,321.02063,269.6724,0.9948125,299.33435,309.22653,0.98837215,315.79184,309.11212,0.9887482,300.98212,347.6547,0.9735141,312.89362,347.77313,0.9738385
0.0,0.0,0.070577264,0.0,0.0,0.05836934,0.0,0.0,0.02971537,793.7457,199.65103,0.71842366,0.0,0.0,0.4723625,787.5028,227.16386,0.9807765,824.04504,225.28891,0.9792979,777.79626,262.69742,0.921974,840.60034,257.71323,0.88869226,772.74805,281.2123,0.7343542,842.9463,271.58038,0.6648012,797.4203,292.55826,0.99327856,818.5912,292.02795,0.99295104,802.35474,341.71274,0.97792643,811.8577,341.9238,0.97344285,809.6188,387.98816,0.9292544,805.2143,387.4218,0.9189536
0.0,0.0,0.33779252,0.0,0.0,0.12529911,0.0,0.0,0.30557233,0.0,0.0,0.4036711,527.03784,199.08028,0.82011414,503.7452,218.73735,0.9747138,530.81256,219.67961,0.98914146,494.15396,244.4842,0.75618047,538.3583,245.69875,0.91790026,497.08606,261.59958,0.53893876,536.3879,264.75217,0.74006075,510.14218,270.55826,0.9883237,526.8909,271.15143,0.9921813,512.1095,311.24518,0.97057873,521.8957,311.4801,0.9783716,514.67926,349.71808,0.93968886,516.64276,350.88754,0.95114404
0.0,0.0,0.10216523,0.0,0.0,0.085984394,0.0,0.0,0.047725353,382.41296,199.53012,0.74338794,397.37195,199.41428,0.5229526,373.89938,221.00337,0.9738115,406.27658,221.52252,0.9692165,362.13235,246.62166,0.8521164,409.3603,249.16621,0.7774362,363.30234,268.7957,0.5902522,0.0,0.0,0.48988113,378.14584,272.96442,0.9893112,399.21054,273.3657,0.9879339,376.58725,312.1067,0.98068696,396.19272,312.99414,0.9745423,377.69128,350.44928,0.96108586,394.7928,350.729,0.9519327
0.0,0.0,0.14110036,0.0,0.0,0.16430035,0.0,0.0,0.041195143,733.4896,186.04005,0.9052911,0.0,0.0,0.4781161,725.6185,212.32817,0.98743725,764.2467,210.8618,0.9725701,713.45636,245.49245,0.90892047,772.34094,244.5376,0.67244333,716.95807,271.07886,0.6408348,0.0,0.0,0.34840104,732.5033,278.6966,0.99027807,757.30743,278.30597,0.9849926,733.6427,327.79016,0.9763337,755.36865,328.35233,0.9573592,736.48175,375.08182,0.9393189,753.53827,374.07263,0.9074578
0.0,0.0,0.18837516,0.0,0.0,0.075205,0.0,0.0,0.15988423,0.0,0.0,0.35196617,585.28827,213.51233,0.706368,566.2093,232.6273,0.94915724,590.7262,231.60172,0.9724043,561.3229,258.14984,0.6301158,598.85693,254.23491,0.8245636,0.0,0.0,0.38459653,600.58563,271.36694,0.56222767,574.93225,279.08105,0.9774146,590.4908,279.1314,0.98306966,575.6882,315.6059,0.9508515,588.90344,315.51477,0.9609165,577.27234,351.4098,0.91741943,585.24225,351.55383,0.92941725
0.0,0.0,0.090552405,0.0,0.0,0.02976885,0.0,0.0,0.098036006,0.0,0.0,0.18707041,467.1031,232.71577,0.6837455,447.53354,246.37349,0.91129726,469.7073,247.07184,0.96446854,441.9271,265.38785,0.63474333,473.0271,267.5605,0.903623,0.0,0.0,0.43916368,476.99677,283.1421,0.7336392,449.3563,282.71872,0.9761463,463.98767,282.96243,0.98572254,451.09824,309.2645,0.95196956,462.06973,309.28708,0.9703869,450.90314,332.37717,0.91854113,458.91214,333.30646,0.9418641
0.0,0.0,0.13238469,0.0,0.0,0.095911555,0.0,0.0,0.07451829,0.0,0.0,0.4476237,0.0,0.0,0.33264115,611.5404,244.73843,0.9258121,628.2357,243.93869,0.9185938,607.637,260.42218,0.7632252,631.8989,258.86337,0.7120697,605.6774,271.01645,0.57908803,628.0934,271.00348,0.52724254,614.1712,275.10953,0.97034454,624.91583,274.50208,0.96795344,612.7211,300.46268,0.95313555,619.6053,299.9864,0.9450459,615.11444,324.19397,0.92333454,617.8207,323.19464,0.9130526
0.0,0.0,0.11955958,0.0,0.0,0.070308805,0.0,0.0,0.11304424,0.0,0.0,0.30374926,0.0,0.0,0.49091557,414.98846,229.59055,0.89044803,434.5483,229.84024,0.91724926,409.72144,248.01144,0.54100984,439.43753,247.29839,0.699786,0.0,0.0,0.36279538,0.0,0.0,0.48330936,417.98666,263.96887,0.9536313,430.77487,263.96866,0.9599583,417.477,294.34918,0.9273498,430.523,293.95947,0.93930966,417.59497,322.38065,0.8750214,429.48346,322.4783,0.8908199
0.0,0.0,0.2704971,0.0,0.0,0.20254225,0.0,0.0,0.20947397,0.0,0.0,0.40592706,0.0,0.0,0.45280492,211.86815,248.58365,0.94255334,224.3811,248.39915,0.94710857,206.71442,261.26315,0.7396961,228.24298,261.46487,0.75711495,207.20326,273.20898,0.6163049,227.58064,273.14542,0.6267189,214.67308,271.76453,0.97767067,221.925,271.7942,0.97888124,214.76466,290.98196,0.9679139,220.31015,290.9796,0.9688228,214.21718,309.37003,0.95500267,218.77583,309.57373,0.9565099
0.0,0.0,0.16270357,0.0,0.0,0.13157356,0.0,0.0,0.085553564,232.81711,239.70668,0.5694065,0.0,0.0,0.32073462,232.09583,248.63783,0.9596116,245.9363,247.94958,0.9478544,230.9619,261.45407,0.79948175,251.72829,260.47952,0.700375,230.50839,271.93558,0.60659087,251.57259,270.66125,0.5013676,236.35619,271.5993,0.9782628,245.57086,271.30228,0.9757816,235.05229,291.0705,0.9587235,243.79953,290.6168,0.9523506,236.11523,309.19217,0.93308246,243.41254,308.41312,0.92582685
180.39783,240.7765,0.81213284,182.11772,238.95654,0.8035,179.57706,238.77417,0.652591,186.12201,239.72456,0.7270282,0.0,0.0,0.331767,191.39108,249.85733,0.98166084,177.44502,249.53433,0.9662849,198.17522,261.50626,0.90185016,176.10104,260.73904,0.7609371,197.65526,269.70792,0.8384091,177.1833,267.76974,0.69495785,189.03958,274.2553,0.97553,180.16376,274.0,0.96759474,189.24751,292.86896,0.9371988,179.22266,292.50366,0.91649556,190.12268,310.7123,0.88291436,179.70665,310.21036,0.85614973
