0.0,0.0,0.08958501,0.0,0.0,0.06577098,0.0,0.0,0.04669852,225.18436,193.07005,0.7003681,242.071,192.77734,0.58691376,216.02963,212.512,0.9817693,251.75664,213.67348,0.9836557,200.91367,233.87575,0.8909414,260.9566,241.90381,0.8846336,204.04483,244.98758,0.657431,263.5861,261.79944,0.6437086,224.45688,264.05862,0.99264854,246.07672,264.6936,0.9929351,228.54855,299.7101,0.9803475,240.90527,300.5553,0.9782437,235.06888,334.5147,0.9546201,237.16109,334.6089,0.95059294
0.0,0.0,0.25550327,0.0,0.0,0.2778759,0.0,0.0,0.0326424,489.41263,41.940605,0.9192444,0.0,0.0,0.22867008,472.89236,108.040634,0.97970974,554.66504,97.32423,0.9162592,440.7064,196.0493,0.9283262,567.57367,189.44504,0.56882405,470.05246,194.5367,0.7939926,0.0,0.0,0.40977356,488.60068,268.23477,0.973944,539.832,264.55075,0.94488436,492.61328,423.57172,0.85847074,525.26245,418.63126,0.7429508,0.0,0.0,0.30831692,0.0,0.0,0.22738975
0.0,0.0,0.2558785,0.0,0.0,0.18404719,0.0,0.0,0.075998634,787.3167,187.61699,0.64340925,0.0,0.0,0.25962466,782.56354,209.75893,0.9759532,815.5794,208.93881,0.93111897,776.4825,242.13248,0.9518683,826.2992,240.88391,0.8024237,774.4609,269.58408,0.8840689,830.1157,266.89505,0.70328027,785.90234,268.6159,0.9918121,810.2882,268.76288,0.98540294,775.05365,312.28937,0.9843844,812.1985,314.798,0.9737505,777.0055,350.96252,0.9543567,822.3636,353.56378,0.9378946
662.91376,205.90298,0.9052296,666.36096,203.30943,0.87855697,660.7689,203.20337,0.801789,672.1382,206.49461,0.73954594,0.0,0.0,0.46297133,676.29553,223.24315,0.98003274,653.18665,223.38644,0.97399944,676.79297,238.84828,0.9186538,643.6684,237.71739,0.85073864,665.4374,233.212,0.87441283,643.99036,232.59149,0.8026117,669.7314,262.37372,0.982803,653.6175,262.07013,0.97993314,670.1916,291.94843,0.9728706,647.7112,291.49716,0.96358114,673.5084,320.73996,0.955973,644.9412,319.60333,0.9445287
0.0,0.0,0.2070207,0.0,0.0,0.1498254,0.0,0.0,0.1291351,76.41223,221.81859,0.6289573,85.08283,221.7784,0.50914806,72.82899,231.98247,0.98376274,89.44881,232.05511,0.9816404,68.51947,245.14085,0.873353,95.10454,245.10925,0.84747916,67.7793,256.28183,0.70468915,96.10078,256.042,0.66403204,75.422585,256.71445,0.99211097,86.180305,256.8153,0.9916928,75.6523,276.36566,0.9810476,85.06361,276.14212,0.9797758,76.289696,294.3477,0.9666617,84.47612,294.2298,0.9651761
0.0,0.0,0.12782718,0.0,0.0,0.09409453,0.0,0.0,0.080737956,348.29688,206.97629,0.5303356,0.0,0.0,0.42495838,344.59067,219.7891,0.9662479,363.4569,219.67497,0.96305317,339.44833,236.67903,0.7852407,368.59174,236.91756,0.75173503,338.1861,249.26506,0.5537219,367.36392,249.73994,0.51264,347.4999,253.31842,0.9852093,359.66776,253.17938,0.98473245,348.3984,281.22174,0.96042144,357.69565,281.25504,0.9585002,350.84363,307.48328,0.9194223,356.46524,307.22693,0.9169086
0.0,0.0,0.115471356,0.0,0.0,0.08236599,0.0,0.0,0.063296095,114.404465,221.45958,0.53961456,0.0,0.0,0.36989212,110.40768,231.82532,0.9728919,127.6658,231.84897,0.9680371,104.42303,245.67706,0.82891613,132.3438,245.91779,0.7671609,102.37311,258.7218,0.6078207,131.0399,259.02063,0.5266148,112.99135,257.00238,0.98791134,124.01599,257.04684,0.98678744,112.5375,276.35477,0.9712494,121.51412,276.32742,0.9678907,112.94414,293.74008,0.9540927,120.42425,293.57968,0.95046085
0.0,0.0,0.11715624,0.0,0.0,0.07721491,0.0,0.0,0.077508844,0.0,0.0,0.45188066,0.0,0.0,0.4197857,139.88959,229.1647,0.9615343,156.02118,229.14561,0.9616531,136.37682,242.88458,0.7685144,161.9155,242.81026,0.77704805,136.60323,254.79689,0.5465706,162.1773,254.65787,0.5494436,143.81438,255.04076,0.9835649,154.13858,255.01257,0.9838605,145.89952,275.65634,0.96523595,153.1358,275.4659,0.96598613,147.81506,294.55167,0.94587713,152.69243,294.3649,0.94707555
0.0,0.0,0.09046956,0.0,0.0,0.06096324,0.0,0.0,0.059892397,0.0,0.0,0.48128882,0.0,0.0,0.46111998,269.80334,231.26076,0.9605261,288.21082,230.5848,0.961266,267.63492,246.09297,0.75206035,295.72632,245.15224,0.7663592,0.0,0.0,0.49975145,297.0027,257.28143,0.5112587,275.6945,259.14313,0.98225486,288.5765,258.8943,0.98309326,276.9221,282.0743,0.9632306,289.89377,281.67834,0.9646229,279.22342,303.35434,0.93707186,291.56897,302.69452,0.9391494
0.0,0.0,0.4667665,0.0,0.0,0.35178903,0.0,0.0,0.35967964,0.0,0.0,0.3761916,0.0,0.0,0.36390522,189.07556,234.43344,0.94334745,186.27974,234.6106,0.94087857,191.93982,244.81503,0.75310934,187.46597,244.95003,0.7619871,192.42848,248.2032,0.66543657,190.75601,247.8362,0.6703557,186.98773,258.21628,0.97324795,185.95755,258.24692,0.97318786,187.69016,277.84067,0.9603993,187.21582,277.5984,0.96105796,187.19945,296.66287,0.9421098,186.16847,296.80957,0.94308454
0.0,0.0,0.10887628,0.0,0.0,0.06984928,0.0,0.0,0.07973021,0.0,0.0,0.4310706,0.0,0.0,0.45547238,370.48016,230.4246,0.9548179,386.60287,230.64995,0.9569561,365.83606,243.63911,0.7415562,392.2587,243.98833,0.77464074,365.9117,253.93147,0.514296,393.73672,254.1426,0.54414403,372.05008,256.30777,0.9810832,382.2528,256.3995,0.98186076,372.46014,278.0137,0.96164864,380.36032,277.86807,0.9636564,371.69968,298.09586,0.93342286,377.59286,298.21045,0.9365659
0.0,0.0,0.12226977,0.0,0.0,0.05794647,0.0,0.0,0.0855234,0.0,0.0,0.10888791,0.0,0.0,0.19973202,568.19476,216.27472,0.64698577,570.7004,214.09077,0.61569625,0.0,0.0,0.42739108,0.0,0.0,0.42411053,0.0,0.0,0.37324354,0.0,0.0,0.35865614,564.9496,269.98837,0.8700535,566.1657,269.47086,0.86573046,567.5125,321.29007,0.8179255,569.3996,321.03442,0.8175172,571.0644,368.6329,0.7314495,570.6961,368.46375,0.7299148
0.0,0.0,0.13557567,0.0,0.0,0.15155129,0.0,0.0,0.047129743,406.9538,214.58115,0.61285615,0.0,0.0,0.15540247,406.7888,225.94858,0.9220729,423.76575,224.59279,0.8035099,404.88657,242.1241,0.8108237,0.0,0.0,0.41937354,401.52643,249.48978,0.6153615,0.0,0.0,0.29933688,408.3348,253.67946,0.93555915,419.18024,252.58046,0.8940959,406.34122,276.6892,0.87914157,412.48102,276.23254,0.79532236,408.70993,297.25293,0.7958218,410.0482,295.97775,0.7098704
0.0,0.0,0.1045617,0.0,0.0,0.08182187,0.0,0.0,0.062071495,0.0,0.0,0.34362912,0.0,0.0,0.20018393,320.46594,222.81113,0.8834665,331.01065,222.61377,0.8657818,316.88196,237.05864,0.6612067,334.15475,236.4381,0.5862696,0.0,0.0,0.4942061,0.0,0.0,0.4281814,319.7465,251.75462,0.9692648,326.20895,251.46507,0.967034,318.9102,276.5894,0.97036123,323.3712,276.14096,0.9674091,319.00378,301.6784,0.9566324,321.3529,301.2689,0.95366305
