0.0,0.0,0.3222204,0.0,0.0,0.07218917,0.0,0.0,0.27425578,0.0,0.0,0.35963368,82.81488,152.97893,0.85673904,37.474014,188.98915,0.97033644,89.33694,189.2426,0.9894498,27.310877,242.30801,0.84153944,103.225525,236.7352,0.9604307,44.0743,275.60562,0.70724136,116.57348,270.34918,0.88352704,51.31161,282.3204,0.9948495,85.951324,282.26938,0.99687046,62.586437,344.31717,0.992979,93.07237,339.39572,0.99583673,56.206566,403.40475,0.98131084,80.47795,395.1663,0.9866458
0.0,0.0,0.08693763,0.0,0.0,0.050194994,0.0,0.0,0.04995005,244.5069,201.42249,0.7297034,263.7561,201.45433,0.7480385,232.33919,223.15903,0.9896773,274.74896,223.20839,0.9930906,218.23634,253.85577,0.92423356,288.31366,252.9687,0.9441003,216.8087,273.86917,0.7211196,288.02124,270.23306,0.7525551,240.56589,283.01196,0.9960865,268.17505,283.46143,0.9967892,242.08534,326.74374,0.9840005,271.83966,327.5088,0.98458624,243.36052,369.34583,0.95174694,270.51517,370.14536,0.9528189
0.0,0.0,0.092573375,0.0,0.0,0.03940891,0.0,0.0,0.07384254,526.16986,192.44449,0.50252706,545.2263,192.956,0.76698726,513.2956,215.1366,0.97219884,552.6295,215.37573,0.985927,503.2838,245.01607,0.81343627,561.6378,240.60301,0.9218969,510.6935,262.65897,0.5608311,561.26605,251.22261,0.7137218,520.5059,270.68134,0.994259,546.9273,271.38788,0.99590516,521.18964,313.74402,0.9901412,547.9498,314.40283,0.9920074,516.3824,355.7497,0.9798993,543.09924,356.99652,0.98254836
0.0,0.0,0.087819815,0.0,0.0,0.051878095,0.0,0.0,0.053726032,0.0,0.0,0.4338734,0.0,0.0,0.43614978,147.26935,220.42078,0.91766614,171.3222,222.08247,0.90702146,137.7482,241.5684,0.61570054,170.47363,243.30632,0.5496376,0.0,0.0,0.35693133,0.0,0.0,0.3012828,149.93321,263.87692,0.96654975,166.444,265.03424,0.9619312,143.91776,297.4415,0.9536203,164.45396,298.83337,0.94167316,141.62486,330.5425,0.9321009,162.6779,332.15024,0.9190598
0.0,0.0,0.031523377,0.0,0.0,0.019381275,0.0,0.0,0.019140493,0.0,0.0,0.3727956,0.0,0.0,0.42938948,310.4988,216.1987,0.91660863,345.82083,213.90079,0.922361,299.55484,245.2471,0.7229539,356.63364,244.02481,0.74072045,0.0,0.0,0.42968658,0.0,0.0,0.4533275,322.90103,273.7678,0.9820033,344.74207,273.04352,0.98286486,332.8795,318.75955,0.97477585,343.4745,318.27628,0.97443956,336.18094,368.56253,0.9493043,336.1482,367.35815,0.9485461
0.0,0.0,0.089893505,0.0,0.0,0.080311336,0.0,0.0,0.04094911,644.947,212.86348,0.6227027,0.0,0.0,0.3636251,639.50256,229.86139,0.9562177,665.32513,229.65247,0.94017214,632.84674,250.63135,0.83768904,671.35016,252.36176,0.7240297,631.5641,265.6823,0.61293715,0.0,0.0,0.49106976,642.8712,269.43582,0.9846773,659.19965,269.37155,0.98187697,644.23065,300.65744,0.9775015,654.9628,301.08835,0.9703362,647.44946,331.97928,0.9632281,653.66156,331.8436,0.95455766
0.0,0.0,0.08689757,0.0,0.0,0.04867149,0.0,0.0,0.052231815,0.0,0.0,0.39601237,0.0,0.0,0.47639468,668.0188,214.56252,0.9397132,694.91766,213.04355,0.9540821,664.5272,236.53961,0.7432832,701.8207,234.54234,0.8172111,0.0,0.0,0.49816096,701.76086,253.26866,0.58113384,675.25574,255.30107,0.9781948,693.3433,254.68326,0.98229206,675.88934,289.6414,0.94659257,693.1983,289.0614,0.9540549,679.2154,321.7041,0.89980686,695.6955,320.89517,0.91000026
439.40308,214.51541,0.73435247,441.4304,211.93237,0.6822741,438.1078,211.9635,0.5552776,445.6555,212.77202,0.6191995,0.0,0.0,0.37877822,448.44666,227.00275,0.93803626,440.0798,226.98616,0.91923183,450.6923,242.77744,0.7809742,439.48062,242.95712,0.64566153,448.27573,247.65869,0.70099545,438.5709,249.27827,0.57502073,448.13934,263.16714,0.947398,443.2822,263.16312,0.93782306,447.2052,293.7092,0.9415796,444.365,293.52228,0.92419535,450.16595,322.63562,0.9283461,446.93826,321.63882,0.9132237
202.59491,201.09259,0.5764541,0.0,0.0,0.43067497,0.0,0.0,0.4399899,0.0,0.0,0.3584425,0.0,0.0,0.367763,209.50716,217.57028,0.9299251,187.23741,217.24,0.9170661,212.39961,239.6931,0.72707367,183.38304,240.62685,0.64674836,209.80632,250.6906,0.6220304,198.28195,251.72188,0.5400788,201.89941,261.41547,0.9636873,187.53027,261.4752,0.95881104,201.98154,296.2209,0.94026595,190.27742,296.39374,0.930718,194.80298,328.0578,0.9033277,188.60622,328.2171,0.89390343
416.44888,210.9896,0.5994875,418.00507,208.58382,0.5243973,0.0,0.0,0.42053556,0.0,0.0,0.48357776,0.0,0.0,0.30175653,424.07156,223.83444,0.9225203,410.35666,223.47058,0.8855122,428.77014,240.14017,0.7411531,403.00024,240.17758,0.5628198,427.30197,253.33076,0.64524925,0.0,0.0,0.49374005,419.3939,257.01193,0.95249736,411.22116,256.9138,0.94009316,420.39542,283.5783,0.952638,412.13626,283.59103,0.93581194,423.35422,309.88013,0.94363886,415.63876,309.5098,0.92865515
