0.0,0.0,0.09168876,0.0,0.0,0.0820814,0.0,0.0,0.037310887,705.5714,201.7711,0.75197476,0.0,0.0,0.4758102,699.33136,226.36993,0.9826334,731.8096,225.60947,0.98191595,690.77454,256.13794,0.93245834,742.16656,258.5862,0.9064754,690.3407,273.8289,0.76732135,747.781,279.76135,0.71399695,703.4609,283.72272,0.99304163,722.9758,283.3556,0.9930335,708.033,328.60342,0.97822237,718.7875,328.9098,0.97501683,714.3197,372.89297,0.9340853,716.53625,372.3739,0.92698675
0.0,0.0,0.35200843,0.0,0.0,0.20702615,0.0,0.0,0.13016509,417.1277,187.34373,0.67146677,0.0,0.0,0.4490817,411.18048,213.84761,0.9833897,455.7493,213.5401,0.9738715,401.78705,252.44037,0.9539583,473.69656,249.18164,0.91905826,397.25262,286.58304,0.8895217,471.1607,279.98978,0.8424828,421.72763,277.46524,0.99594253,451.68423,277.28516,0.9951184,416.48782,334.00992,0.9932411,449.96045,333.88828,0.9925218,422.22754,385.4085,0.9796132,454.4043,383.96518,0.97931653
0.0,0.0,0.15000664,0.0,0.0,0.0507484,0.0,0.0,0.12783787,0.0,0.0,0.39003575,533.22076,174.75055,0.7791057,500.8328,203.15175,0.9703644,538.9489,205.16478,0.9903681,490.88354,243.86296,0.81718105,546.67926,244.94739,0.959898,492.44928,280.61188,0.61744326,553.28375,280.2853,0.8356654,508.24222,275.09946,0.99357843,531.80005,276.33447,0.99640983,517.0729,329.86133,0.983104,530.0296,330.4228,0.98964137,523.7087,380.53128,0.9510283,526.6697,382.09662,0.96562386
803.2143,210.08063,0.925318,806.4633,207.01942,0.9200127,800.8669,207.10768,0.7782365,813.4541,208.56268,0.85224074,0.0,0.0,0.39405996,822.932,225.90996,0.9922505,795.63684,226.54689,0.9836014,829.1305,247.465,0.96658504,793.5297,248.17844,0.8366764,812.206,250.26393,0.9411,805.57544,251.25696,0.7971017,819.874,272.44937,0.9903306,802.4807,272.3918,0.98508924,818.9588,309.65607,0.97456473,806.8002,309.2936,0.9545311,815.4547,344.95096,0.9350241,813.2142,343.6694,0.9026164
0.0,0.0,0.09379859,0.0,0.0,0.0665918,0.0,0.0,0.04640128,617.6819,179.52658,0.6843507,637.52484,179.63072,0.5416525,607.2935,204.67343,0.9746585,648.0357,205.20543,0.9684256,596.01746,238.63712,0.8389582,655.48517,239.6434,0.742809,597.67053,265.18262,0.5524182,0.0,0.0,0.42978802,616.15607,265.1016,0.9918664,641.54,265.65588,0.9902802,622.8584,316.0529,0.98665327,637.3289,316.7834,0.9817202,626.9165,367.09692,0.97117484,630.7254,367.67984,0.9633781
0.0,0.0,0.09831541,0.0,0.0,0.059586983,0.0,0.0,0.060928766,0.0,0.0,0.3435292,0.0,0.0,0.38563335,656.3774,243.92415,0.88703215,676.77325,244.86702,0.8973372,654.21716,260.24854,0.6015856,681.15216,263.7883,0.6634051,0.0,0.0,0.3954745,0.0,0.0,0.449686,659.10925,277.23972,0.9537797,672.48975,277.7209,0.95822114,661.6363,303.91122,0.93473876,673.8518,304.45502,0.94021976,665.3735,330.4513,0.90814126,675.2692,330.78204,0.91361445
0.0,0.0,0.14550725,0.0,0.0,0.07488234,0.0,0.0,0.15846524,0.0,0.0,0.30997476,295.43655,232.22318,0.6577832,282.29184,242.12894,0.95933396,298.01675,242.61334,0.97320664,275.9432,256.78293,0.70910865,301.999,257.12567,0.8694245,0.0,0.0,0.49514025,302.8303,268.50723,0.6802873,284.4604,269.7768,0.9838907,294.65146,269.9904,0.98724383,285.26468,293.0612,0.9662049,294.92044,293.05115,0.97449094,283.80103,315.69574,0.951427,292.83087,316.1724,0.96103495
0.0,0.0,0.16596392,0.0,0.0,0.13479729,0.0,0.0,0.08723301,0.0,0.0,0.44364077,0.0,0.0,0.27112418,585.87177,248.95438,0.9027896,598.9137,249.08551,0.87529576,578.60614,266.60306,0.728,595.5171,268.14178,0.589218,573.3678,281.4697,0.55063224,0.0,0.0,0.43245232,590.3329,284.0488,0.94916487,598.5163,284.28073,0.9411906,596.2146,311.77722,0.92781824,600.2016,312.08603,0.91048294,598.67255,339.60706,0.8950787,598.9081,339.53955,0.8779512
0.0,0.0,0.14075775,0.0,0.0,0.07948207,0.0,0.0,0.14004396,0.0,0.0,0.33115736,261.05197,237.2073,0.56774926,247.1425,246.0053,0.9479643,263.06564,246.8946,0.9613418,241.17613,259.12213,0.71302706,265.26776,259.68457,0.8377097,241.46202,269.48856,0.5074494,265.01877,270.42294,0.6422617,248.16411,270.94745,0.9729053,258.84882,271.22775,0.9772546,248.60379,290.11615,0.934703,258.80768,290.2142,0.9466872,247.3303,307.16464,0.8991813,256.96945,307.61444,0.91349506
0.0,0.0,0.23190647,0.0,0.0,0.15174258,0.0,0.0,0.17154166,350.14832,236.80989,0.51578975,356.90106,236.9198,0.55581725,346.36957,247.55045,0.9737534,361.16757,247.70845,0.9752328,341.78082,260.52588,0.7940821,366.7109,260.66537,0.8219491,341.79166,270.3093,0.6008275,366.84415,270.26096,0.62926245,349.45163,273.16943,0.9842486,358.65573,273.2329,0.9848179,349.8401,293.56326,0.9635204,357.9465,293.38763,0.9653949,350.03787,312.5758,0.9385519,357.27963,312.59494,0.94138896
