0.0,0.0,0.18382467,0.0,0.0,0.20149429,0.0,0.0,0.02941025,354.8516,108.084816,0.8917853,0.0,0.0,0.21591742,343.2228,153.29143,0.9861433,413.80563,147.9113,0.8806872,326.37408,211.20673,0.96169657,411.7021,209.59012,0.5235218,345.17377,215.39217,0.87240374,0.0,0.0,0.40764046,356.41928,268.63962,0.98942614,402.2776,265.1665,0.9684605,360.69492,381.53336,0.96612096,386.7056,372.59344,0.9075073,379.08435,465.6234,0.78401226,383.64044,450.7786,0.65663564
745.62396,88.19956,0.9800586,749.1042,80.11832,0.84922755,736.67896,79.645256,0.97768104,0.0,0.0,0.23350643,710.63184,85.29284,0.9293874,752.5376,139.16652,0.9687418,684.57935,138.14362,0.9909176,765.3397,206.32788,0.8401726,694.23425,208.79945,0.9725505,759.74005,203.02902,0.78560585,745.89813,197.00443,0.9502528,755.84564,270.3272,0.9788865,703.30133,273.31033,0.9891192,782.2385,376.38873,0.89925754,697.1361,379.74115,0.9479829,796.8789,465.88028,0.56624913,686.6463,465.20212,0.66776663
0.0,0.0,0.10266087,0.0,0.0,0.06384234,0.0,0.0,0.060810253,192.40948,201.46426,0.59601855,205.8548,201.9021,0.55218947,183.74966,218.04457,0.98138386,211.33199,219.43106,0.9842464,169.96071,237.91205,0.9242159,220.36061,241.68008,0.9184345,167.18388,254.50429,0.7838262,220.98811,260.72906,0.7594019,188.8806,260.544,0.99483126,205.89963,261.35657,0.9949994,190.32082,291.7169,0.987153,202.81221,292.60486,0.9852474,192.71655,320.66058,0.9707949,199.7482,321.8698,0.96726424
604.8092,173.35632,0.9759864,609.7154,169.57948,0.8727922,599.3492,168.87639,0.966812,612.3566,174.86227,0.5098007,586.9948,172.84723,0.91775817,612.6382,208.23354,0.98424524,572.7172,206.64862,0.99754,620.15643,245.01457,0.89077014,562.41364,244.95393,0.9888615,621.9904,234.43028,0.8532186,576.5498,233.22661,0.9726041,603.098,281.9402,0.9907845,580.74347,282.33084,0.9960444,588.5222,338.36642,0.9803694,595.313,340.88663,0.9918726,570.8414,386.83405,0.9347281,607.9571,393.6468,0.96273625
0.0,0.0,0.22589794,0.0,0.0,0.111560844,0.0,0.0,0.17728262,0.0,0.0,0.34512085,96.844,220.94196,0.6001411,83.25093,231.07088,0.9404051,98.915306,232.04681,0.9589371,77.92776,243.55537,0.6950235,100.517334,246.38295,0.82011366,77.64265,254.12221,0.5128985,99.58653,258.2208,0.6409331,83.07613,256.7858,0.9717336,93.64022,257.07053,0.9775514,81.67567,275.54422,0.9516042,91.19243,275.80783,0.9603393,80.73282,292.64178,0.92906564,89.88909,293.45517,0.9383707
0.0,0.0,0.12952566,0.0,0.0,0.07694507,0.0,0.0,0.07811337,0.0,0.0,0.38426885,0.0,0.0,0.4170925,289.44315,222.85452,0.92922795,311.01718,222.73257,0.9142427,286.05917,239.36275,0.7300178,313.79724,239.89684,0.67802376,289.1265,251.92369,0.5201433,0.0,0.0,0.47826862,293.04495,254.11734,0.97267085,307.411,254.01395,0.96992695,295.69598,278.67944,0.959947,306.07138,278.5066,0.95514995,296.93823,301.97632,0.940681,304.80786,301.73386,0.9354095
482.91672,213.41095,0.8966037,485.3751,211.46281,0.85566676,481.80865,211.26497,0.7925042,490.27036,213.15898,0.7089186,480.17035,212.82938,0.5056157,493.65308,225.505,0.97885746,477.67862,224.80907,0.978251,490.77008,239.6168,0.9094462,470.8622,236.95445,0.87564176,479.73837,235.39915,0.8679994,473.00952,232.5599,0.829708,490.45102,256.4371,0.97787774,479.49127,255.95924,0.9770208,492.2564,281.9869,0.9598336,477.4096,281.35388,0.9526068,494.05713,306.09827,0.9311657,475.53964,304.66492,0.9219144
0.0,0.0,0.13275047,0.0,0.0,0.09807065,0.0,0.0,0.093403675,0.0,0.0,0.48281786,0.0,0.0,0.4372783,140.07619,229.70619,0.94990283,156.5118,229.32239,0.94977313,135.58302,241.98383,0.7115967,161.31314,241.11433,0.7112362,0.0,0.0,0.47469962,0.0,0.0,0.46902266,142.92009,253.1716,0.9684557,154.03409,252.89288,0.9693999,144.09964,272.9415,0.9345604,153.2124,272.57693,0.9353885,145.55656,291.2962,0.91198546,153.05269,290.76846,0.91321343
0.0,0.0,0.11744224,0.0,0.0,0.07319095,0.0,0.0,0.12752543,0.0,0.0,0.06346258,0.0,0.0,0.17932358,0.0,0.0,0.13879722,0.0,0.0,0.31118506,0.0,0.0,0.08537769,0.0,0.0,0.31839254,0.0,0.0,0.112158954,0.0,0.0,0.29082748,0.0,0.0,0.18935254,0.0,0.0,0.30195025,0.0,0.0,0.24349412,0.0,0.0,0.37046912,0.0,0.0,0.3266594,0.0,0.0,0.43732724
0.0,0.0,0.16285914,0.0,0.0,0.119869135,0.0,0.0,0.10613416,116.534004,222.55612,0.5077199,0.0,0.0,0.44623786,112.79007,232.54948,0.9627995,128.32745,232.22183,0.96053296,108.01963,243.88298,0.76425093,134.93599,244.12047,0.73739916,108.566826,254.57294,0.5578193,135.20763,254.48172,0.5203658,115.3415,255.05818,0.9807061,124.85847,254.95361,0.9803699,116.270706,272.42538,0.96314794,123.34382,272.2852,0.962185,116.8745,289.00403,0.9485442,122.22289,289.0594,0.94816935
0.0,0.0,0.0871458,0.0,0.0,0.05461398,0.0,0.0,0.06290384,0.0,0.0,0.4362963,0.0,0.0,0.4953133,228.38664,232.80208,0.9530186,245.45146,232.13066,0.9589916,226.84619,246.42223,0.7244306,250.89638,245.3231,0.78041315,0.0,0.0,0.452573,251.81511,257.06516,0.50774324,233.2012,258.46555,0.9661866,246.38904,258.19568,0.96973497,232.93033,277.55533,0.90240365,249.553,277.19278,0.9116019,233.9251,293.50128,0.83968884,252.1204,292.83987,0.8510332
0.0,0.0,0.20154476,0.0,0.0,0.079218864,0.0,0.0,0.17036033,0.0,0.0,0.11131588,0.0,0.0,0.39828,662.88245,173.65575,0.5908622,671.91705,176.65742,0.7618833,0.0,0.0,0.21295397,660.95544,219.1789,0.5342708,0.0,0.0,0.1590679,0.0,0.0,0.35219297,662.29736,261.59705,0.8046363,670.70575,262.66708,0.8657095,658.6583,330.81403,0.7645722,673.9431,331.5165,0.8377081,644.19885,389.97913,0.61056745,662.8214,391.4279,0.6960288
0.0,0.0,0.1630788,0.0,0.0,0.11413646,0.0,0.0,0.14694881,0.0,0.0,0.13924657,0.0,0.0,0.21754418,0.0,0.0,0.351396,0.0,0.0,0.48740685,0.0,0.0,0.15370066,0.0,0.0,0.29284054,0.0,0.0,0.1561014,0.0,0.0,0.24788003,0.0,0.0,0.43247283,848.7204,261.14294,0.5182782,0.0,0.0,0.46339834,848.65894,293.0706,0.5395359,847.7462,325.95407,0.5173979,847.7877,326.8798,0.5762384
0.0,0.0,0.14014956,0.0,0.0,0.09020935,0.0,0.0,0.10996471,0.0,0.0,0.37758118,0.0,0.0,0.4407154,811.6709,221.50273,0.92174035,829.40466,222.45708,0.92962337,805.48083,235.55812,0.6655809,831.43854,236.81883,0.7062846,0.0,0.0,0.46566445,0.0,0.0,0.49939272,813.4508,251.22823,0.95984936,825.0236,251.84367,0.96213317,812.86053,274.58447,0.92502207,826.2622,274.9558,0.9286137,811.90735,295.70624,0.86499166,825.0093,296.37057,0.8703517
