809.952,139.84747,0.9837948,816.13617,133.53905,0.9198679,803.2838,132.73918,0.9763957,823.25653,138.84692,0.5354193,792.5088,136.33328,0.8995906,833.69495,177.19402,0.97680604,768.95544,169.4875,0.996123,843.03204,207.3485,0.89286846,739.0573,205.41853,0.9877793,834.7837,164.1648,0.8551877,763.4903,194.2213,0.9717308,825.1454,276.4346,0.9859794,777.3589,273.57892,0.9938578,843.3525,365.59967,0.9442465,764.5914,358.21002,0.9755715,854.0,441.09973,0.73814094,754.301,433.2908,0.83264756
0.0,0.0,0.07063287,0.0,0.0,0.0429232,0.0,0.0,0.035989184,256.45096,179.9782,0.687138,274.97934,179.91974,0.6057156,247.52527,203.9791,0.98580706,285.51337,203.87,0.9890352,235.96272,237.79361,0.93656516,299.7976,236.76619,0.9395092,230.66766,266.82898,0.7831298,302.51175,266.0077,0.77125984,254.10849,265.80463,0.99636227,278.54697,265.94418,0.9966899,256.65933,311.27396,0.9878561,281.47925,311.54614,0.9868787,258.12085,353.4062,0.96146864,280.12875,353.64532,0.95911336
691.3825,96.6609,0.9811701,695.5603,90.72421,0.8382073,681.6696,89.63809,0.9776273,0.0,0.0,0.32265973,661.1408,97.21304,0.94922704,701.9508,151.24422,0.978514,645.5956,152.8986,0.99845743,708.7591,215.28201,0.8452628,627.49896,229.08566,0.9942415,723.69794,258.88486,0.82331616,627.18024,290.5527,0.98503137,699.4568,275.12466,0.9915677,666.7974,276.42294,0.9976157,689.39465,368.7706,0.96916145,683.41113,369.93878,0.9914083,645.3528,444.98743,0.8476594,663.56976,449.131,0.9282616
397.031,171.1395,0.94909173,400.41394,167.2246,0.8684075,393.12244,167.57452,0.9260109,406.00107,170.01605,0.5272256,387.3391,170.65671,0.7984669,412.62473,193.9797,0.98514533,380.8657,195.42056,0.9947449,419.8569,223.14568,0.8976373,379.77936,226.49588,0.9738415,414.93427,222.08505,0.8709271,406.3751,222.87846,0.9488771,410.65546,258.71384,0.99024487,390.44797,259.82315,0.9945754,406.35617,309.2054,0.97319365,395.78824,309.9986,0.9839003,399.32208,355.47916,0.9138828,397.68152,356.18,0.9410391
460.45605,203.81851,0.95152885,464.29437,200.77606,0.90477836,457.65533,200.56372,0.9245002,470.29358,204.24025,0.6404587,452.91187,203.36809,0.7496749,475.36896,224.29909,0.98798066,443.25974,223.11679,0.99427575,480.37497,246.32219,0.92784953,432.36676,242.09344,0.96712834,482.60757,259.0574,0.900262,435.4997,246.31104,0.9399272,467.24603,268.5963,0.99258643,446.6997,268.0835,0.9949591,461.95667,305.81064,0.983781,442.37878,305.42212,0.9872551,456.61328,340.88754,0.96216065,439.23413,340.661,0.96862644
0.0,0.0,0.20260061,0.0,0.0,0.14042923,0.0,0.0,0.12844478,72.26586,216.76224,0.6162533,81.596146,216.70988,0.54737943,68.073875,228.4678,0.9818802,87.03296,228.48422,0.9805422,63.901337,242.8216,0.8335418,94.40921,242.97803,0.81422794,65.04189,254.5231,0.6332126,95.166046,254.11185,0.6006114,71.40503,256.57324,0.9903858,83.75478,256.63666,0.99015313,70.87755,278.4792,0.9784147,83.80787,278.22253,0.97781265,70.932526,299.13956,0.96285516,84.17135,299.07907,0.96245193
0.0,0.0,0.10341879,0.0,0.0,0.05991617,0.0,0.0,0.080304906,0.0,0.0,0.4725887,129.01485,216.32782,0.5685063,112.123,227.2013,0.97769016,133.02496,227.946,0.98050284,104.88653,242.16412,0.8271422,137.57118,243.25508,0.8709022,104.01632,254.46045,0.58966374,136.90266,255.76941,0.64852667,114.278465,255.83847,0.98914915,128.02672,256.1462,0.989958,114.24128,277.8162,0.96506983,126.32044,278.03992,0.9681966,113.70635,297.02982,0.9315346,123.82811,297.29065,0.93646663
0.0,0.0,0.12880291,0.0,0.0,0.07565421,0.0,0.0,0.09715458,0.0,0.0,0.45822862,165.70518,212.30734,0.550291,150.82668,224.27359,0.9738467,169.54814,224.72285,0.9770313,144.84134,239.84642,0.7919407,175.1487,240.55096,0.8413372,145.41812,253.18542,0.5611978,175.592,253.97412,0.6174638,153.47426,254.06721,0.9887395,165.29207,254.32962,0.98955804,155.26591,277.37482,0.97043025,164.45569,277.41028,0.9731285,155.68102,298.29538,0.9469508,162.67323,298.60977,0.9510408
0.0,0.0,0.183989,0.0,0.0,0.22738418,0.0,0.0,0.055329558,337.45657,216.22932,0.81961894,0.0,0.0,0.22898482,335.60687,229.67632,0.97583413,357.08585,228.33145,0.9175229,326.30667,246.79364,0.9158046,364.20688,244.90668,0.5230533,319.4321,261.61487,0.7575847,0.0,0.0,0.35981166,344.81244,259.75424,0.9827947,357.5972,259.12234,0.96625817,344.70944,284.6076,0.9723593,352.79422,284.41965,0.93938524,346.91763,309.74564,0.9513701,349.78497,308.19943,0.913978
497.41086,220.23874,0.79366565,499.12366,218.18591,0.7736233,496.52515,218.22298,0.61554205,503.30615,218.57732,0.6998307,0.0,0.0,0.30561194,508.76038,228.84134,0.9790506,493.19672,229.1601,0.9652448,513.35504,241.94708,0.88158303,489.43582,241.8,0.7412599,508.39166,248.69247,0.8202486,490.59595,248.11581,0.681416,505.4867,257.23105,0.9816881,495.63052,257.18182,0.9764597,505.02936,280.49716,0.95615184,496.9706,280.27527,0.94267505,505.9497,302.4787,0.9157571,500.47208,302.16205,0.89716554
593.1355,215.04652,0.8349831,595.4688,212.81474,0.7476526,591.8433,212.99883,0.73331016,600.23425,214.26639,0.5694947,590.61017,214.796,0.5333785,605.474,226.52727,0.95898676,587.68915,227.33984,0.9655005,606.8692,239.55797,0.79653794,582.9974,239.74431,0.82054675,596.42145,242.36353,0.7313073,590.77594,240.43526,0.7493357,602.40735,258.3448,0.95396984,590.77325,258.5476,0.9578434,602.0705,283.34955,0.9145642,590.6332,283.36795,0.91697264,598.22845,304.87946,0.8599532,589.07074,304.47342,0.8634824
