0.0,0.0,0.106910095,0.0,0.0,0.047439683,0.0,0.0,0.07808033,0.0,0.0,0.32479045,414.66525,192.87677,0.58682317,387.5236,213.92964,0.9425036,420.53275,213.39185,0.95912415,379.7462,242.44177,0.76671565,430.0155,236.78032,0.8597664,381.00464,262.0808,0.5525742,427.00497,247.50237,0.6614506,390.1956,267.46906,0.9850922,410.6183,267.42712,0.9876457,397.20566,306.22757,0.9752185,407.16983,306.4653,0.97890306,399.02945,341.46426,0.95354724,400.80597,342.5532,0.9585301
203.34544,167.32016,0.9586997,208.25616,163.36763,0.91264725,198.8514,163.18994,0.89142615,216.109,166.03322,0.77285576,193.50119,165.82034,0.6816277,224.91794,192.7431,0.9917442,189.23369,192.35287,0.9880626,234.81857,220.06566,0.9630463,184.00694,223.3906,0.9386647,217.36026,202.81424,0.92953414,185.94562,223.70924,0.90089345,219.2271,261.26108,0.99477214,196.0728,260.40573,0.9934075,218.34444,323.28247,0.98891526,203.25816,321.55246,0.98704195,217.67702,369.74146,0.9609204,209.99438,369.1234,0.9582208
0.0,0.0,0.11691866,0.0,0.0,0.07790427,0.0,0.0,0.06883769,488.29367,217.59897,0.64425325,501.93506,217.39413,0.5907812,480.36487,234.05977,0.96911776,511.40738,233.5893,0.97074705,470.91013,255.82158,0.8380371,520.60034,254.37514,0.83456403,470.01303,276.3854,0.60481614,522.8272,274.62268,0.5928634,486.94077,273.24475,0.9871179,506.6769,273.29227,0.98687774,487.2126,301.8247,0.97470164,505.48682,301.99103,0.971094,489.74292,330.3286,0.9557464,504.64832,329.98392,0.95060843
0.0,0.0,0.1893404,0.0,0.0,0.19384682,0.0,0.0,0.069081105,662.87225,203.6585,0.794372,0.0,0.0,0.37602752,658.8559,221.70953,0.9817727,684.2618,221.02042,0.9636466,654.8124,243.71529,0.92347383,689.07324,245.41354,0.7483242,653.58264,257.25793,0.7619555,686.89844,261.34256,0.5276315,660.7514,264.4551,0.988591,676.9658,263.90506,0.98349273,663.2378,299.68872,0.97622824,672.90936,299.74487,0.96105367,665.61816,334.06644,0.9456371,670.19086,333.3564,0.9220014
744.5461,174.29723,0.9520265,746.93695,170.80304,0.7506991,740.3964,170.30257,0.9403139,0.0,0.0,0.37390938,728.20404,172.54962,0.8964112,749.3456,201.08794,0.9777024,713.91223,200.7688,0.9961344,759.2389,234.02663,0.8753693,701.6207,235.83621,0.98719573,764.6648,262.71133,0.8247536,694.25256,270.9194,0.9674035,740.7766,267.80313,0.9915045,719.038,267.56448,0.99641657,740.09,319.50177,0.9800931,722.87683,317.44128,0.9918023,732.56854,365.35922,0.94327426,722.0869,364.67703,0.96784425
0.0,0.0,0.049468346,0.0,0.0,0.022595434,0.0,0.0,0.038985062,0.0,0.0,0.27599534,542.45685,206.86621,0.55527633,522.7008,223.10909,0.9151435,550.98694,220.67795,0.9545327,519.8032,243.99828,0.66588354,561.77356,237.68448,0.86249775,0.0,0.0,0.42641485,558.31665,247.7023,0.6432686,530.4851,263.7108,0.98709095,549.55115,262.919,0.9912004,532.6105,297.5606,0.9828637,550.29254,296.77686,0.9878249,535.14557,331.26462,0.9734535,551.787,330.17258,0.97908
247.33672,194.60246,0.89812213,251.35103,191.0346,0.911906,244.68134,191.2493,0.68013453,259.4686,193.01422,0.8687237,0.0,0.0,0.24496263,270.18228,212.57564,0.9871858,239.40823,214.9056,0.9509904,275.57202,237.98422,0.94919276,238.54314,240.94237,0.5913674,254.88074,233.02983,0.90046734,244.10118,235.03596,0.5548399,265.43875,266.80515,0.98076266,245.14474,267.43243,0.95989895,264.10373,312.49457,0.9555863,246.25343,313.03516,0.8966124,266.55643,354.19855,0.8887957,253.60454,353.6443,0.8005624
163.60556,190.35194,0.920587,167.803,186.76054,0.82336783,161.17053,186.68146,0.9109867,0.0,0.0,0.46274945,158.33673,190.15326,0.7828711,183.07391,215.11037,0.95827836,150.20975,214.82416,0.9906317,184.94658,244.51956,0.7097756,141.35686,242.59483,0.9609884,178.6132,265.86752,0.6666055,148.72993,265.46194,0.9170001,178.18475,267.49683,0.9692143,156.12047,267.37866,0.98667717,182.29477,302.4515,0.9385354,153.45918,301.7733,0.9711374,179.46269,338.50146,0.90066826,149.38385,337.23407,0.94244426
0.0,0.0,0.12356543,0.0,0.0,0.057060298,0.0,0.0,0.1402913,0.0,0.0,0.19112863,649.3877,210.7202,0.5769169,632.07837,221.68695,0.86141044,649.0231,222.55904,0.91813326,0.0,0.0,0.44961274,649.32776,240.58827,0.7224328,0.0,0.0,0.2910119,0.0,0.0,0.49597988,637.0977,253.60023,0.94668597,647.449,254.4788,0.9598353,639.09814,279.5106,0.9155392,647.48425,280.0928,0.9373387,640.4505,303.99997,0.88501495,646.47107,305.29364,0.90772027
0.0,0.0,0.121014126,0.0,0.0,0.07054868,0.0,0.0,0.10155105,0.0,0.0,0.15150152,0.0,0.0,0.26101258,758.15454,225.1858,0.8146917,765.7704,225.5954,0.8057955,763.8658,247.03015,0.5064238,773.4598,248.4294,0.5685037,0.0,0.0,0.36948556,0.0,0.0,0.42077282,757.00903,265.32788,0.9439619,762.7759,265.36484,0.9444531,757.97296,296.58954,0.938248,762.2549,296.45145,0.9422351,758.59076,326.40652,0.93234694,760.2169,327.0474,0.9362982
0.0,0.0,0.055751227,0.0,0.0,0.032145094,0.0,0.0,0.05329424,0.0,0.0,0.2853503,0.0,0.0,0.46716207,441.35428,226.63391,0.90592164,464.3701,227.77635,0.92804223,434.6547,240.54337,0.56498694,468.20776,241.79834,0.70687544,0.0,0.0,0.3385196,0.0,0.0,0.44712433,444.5043,256.08463,0.97127557,459.64206,256.74332,0.97536826,446.22055,281.53253,0.95251226,461.34924,281.93564,0.96041036,447.42334,305.7364,0.93297315,460.1619,306.42648,0.9418967
