0.0,0.0,0.27801108,0.0,0.0,0.1850459,0.0,0.0,0.17120822,159.62961,193.33742,0.6873602,169.73274,193.90086,0.67874736,150.67078,209.82883,0.98496455,177.70418,210.98685,0.9879661,140.94788,228.80348,0.875954,183.01433,233.264,0.8845267,143.76062,237.3493,0.6802598,178.88806,245.729,0.68485886,153.1632,255.1939,0.9930941,171.0048,255.46492,0.9938425,149.83328,293.0745,0.9845114,166.50856,293.51233,0.9839983,149.57893,332.80746,0.9705584,163.79187,333.40598,0.9696184
608.3562,152.79037,0.9616073,610.3813,148.37523,0.8069059,601.9578,147.85841,0.9551363,0.0,0.0,0.33800063,586.0247,151.6805,0.9028136,612.933,184.76405,0.9627832,579.8598,182.98747,0.9925989,633.61914,217.03012,0.7905823,591.3264,210.41792,0.9731856,630.75836,206.91989,0.7564648,609.68164,193.00702,0.94733226,614.0684,264.47623,0.98049897,591.98956,264.64734,0.99083775,611.33704,340.78864,0.9614435,602.4368,344.4564,0.98290306,594.11523,406.00504,0.8758681,593.0863,412.62796,0.9243687
0.0,0.0,0.17307183,0.0,0.0,0.16631708,0.0,0.0,0.035571788,401.65982,140.32913,0.84396136,0.0,0.0,0.23712157,389.15808,191.28592,0.9573436,456.88593,187.22632,0.85651076,359.15732,248.44658,0.8834252,466.01093,259.27557,0.5317066,370.9371,262.49435,0.73018956,0.0,0.0,0.39610377,398.79025,321.00824,0.9449639,440.14908,317.99377,0.9013976,400.31317,429.75452,0.8056241,416.64005,424.76428,0.69542724,0.0,0.0,0.36636186,0.0,0.0,0.28853345
0.0,0.0,0.19244026,0.0,0.0,0.079279765,0.0,0.0,0.22963935,0.0,0.0,0.053746488,0.0,0.0,0.35908568,0.0,0.0,0.24951309,844.6968,203.27206,0.69022775,0.0,0.0,0.09430826,835.60815,235.34253,0.69721144,0.0,0.0,0.117651284,828.10486,242.79417,0.57692814,0.0,0.0,0.41672295,841.64343,260.16907,0.6820724,0.0,0.0,0.40498516,833.61224,302.49597,0.6635459,0.0,0.0,0.37334523,816.2982,344.91965,0.57472324
341.0023,201.6441,0.910974,343.29224,199.54617,0.8428835,338.82492,199.26361,0.850871,346.0711,201.5941,0.6132763,333.92993,200.80194,0.6318821,349.33582,214.821,0.9798304,328.11533,214.44579,0.98477966,350.92874,227.80646,0.902619,321.15207,227.7787,0.9186007,343.15042,216.99,0.86369103,325.45847,217.97856,0.875809,346.20956,252.20729,0.9850109,332.61777,252.21738,0.9866911,346.26343,284.7691,0.9722239,334.50372,284.60953,0.97222704,346.11832,313.68387,0.94275725,335.0608,313.06958,0.94256556
650.9987,153.13588,0.94098645,653.8451,148.54585,0.8868545,645.5518,149.01122,0.89946264,657.65186,151.87312,0.60431814,635.879,152.69438,0.67291933,666.64386,179.98798,0.98713976,628.0373,180.7519,0.98811775,677.8018,215.17424,0.9369658,623.759,212.28653,0.93065274,681.711,238.35474,0.90109867,632.01685,218.5649,0.8900582,663.3827,248.19211,0.9926065,638.6199,249.42767,0.99289554,666.9591,301.01126,0.98218083,647.9132,302.74356,0.9814392,653.8193,348.73578,0.94309103,637.49316,350.88574,0.942018
294.73465,212.05545,0.9306386,296.97256,209.891,0.88117594,292.57617,210.03952,0.86838037,300.7372,211.10675,0.7238303,289.5129,211.41995,0.66150874,306.01913,223.21498,0.9904056,284.67105,223.56912,0.9926311,312.28815,230.76906,0.94033843,273.2209,231.43553,0.94919634,310.95337,223.0439,0.90747607,273.45044,226.32428,0.9146796,300.38986,255.04662,0.99117774,287.47104,254.90314,0.9924656,296.41415,280.14047,0.97808516,286.43262,279.8324,0.97849643,291.26938,301.8598,0.9478512,285.17316,301.30026,0.94781625
488.40533,197.48866,0.87614536,491.43442,194.6892,0.8164393,485.72232,194.29892,0.79593456,495.36646,196.84753,0.6172768,480.44437,195.42319,0.55685365,499.8065,214.11945,0.9739517,473.23126,212.72768,0.9705888,508.4249,233.40694,0.8527558,468.61044,232.13757,0.7932969,509.0958,249.32812,0.7822446,477.50958,246.30974,0.7119507,494.81906,255.91805,0.97654563,477.87338,255.54445,0.9744771,495.74594,288.33942,0.9615081,479.8014,287.81543,0.95480007,495.17075,319.19516,0.9350512,482.3282,318.25522,0.92709833
0.0,0.0,0.44241977,0.0,0.0,0.2696344,0.0,0.0,0.4210506,0.0,0.0,0.31681952,768.00977,213.07825,0.6009091,762.5065,224.88939,0.944814,765.2014,225.56741,0.96082914,761.60944,240.37955,0.68274885,764.5086,241.46635,0.83196384,763.3605,250.68294,0.5687603,768.44476,251.81876,0.71167797,759.72253,254.61145,0.9720687,761.8803,255.08911,0.9767203,759.63055,278.9597,0.95322067,761.2423,279.10718,0.96236604,756.11615,301.54626,0.9162361,756.89655,302.37823,0.9293364
0.0,0.0,0.117757805,0.0,0.0,0.07471412,0.0,0.0,0.08641521,0.0,0.0,0.42658058,0.0,0.0,0.46288088,195.6457,231.35915,0.9418945,212.21674,231.82242,0.9472259,190.83186,244.66295,0.67843115,217.27733,244.9091,0.7227458,0.0,0.0,0.4527626,0.0,0.0,0.48551783,198.99918,255.68484,0.9701975,209.60988,256.0491,0.97180563,200.98029,274.35007,0.9429475,209.22765,274.25165,0.94640136,201.57413,291.66455,0.916602,208.37788,291.88174,0.9210022
