0.0,0.0,0.28096482,0.0,0.0,0.30275503,0.0,0.0,0.051041797,346.45184,115.64159,0.887856,0.0,0.0,0.18962245,335.5355,155.11871,0.98707724,397.42877,155.8798,0.89663446,312.35226,204.92545,0.9616292,395.4761,213.76512,0.57642746,316.2567,226.52759,0.8819927,0.0,0.0,0.46353748,339.34323,258.3704,0.9946308,379.49756,257.37552,0.98496866,333.57614,350.6963,0.9929081,364.8558,353.66843,0.981968,339.5385,430.84274,0.9675655,358.46896,435.5103,0.9438748
0.0,0.0,0.15041268,0.0,0.0,0.06969524,0.0,0.0,0.102927506,0.0,0.0,0.42762324,200.02034,204.54733,0.62561053,179.93417,221.4005,0.97283506,205.82211,220.66266,0.98045385,172.07642,243.53244,0.847057,212.74098,242.8511,0.89426965,169.15208,262.5794,0.65578914,215.10587,261.60712,0.71609825,184.41617,260.24765,0.9917705,201.49236,259.73178,0.9932862,182.3646,289.10153,0.9814933,198.88309,288.54242,0.98353,181.45705,316.30402,0.96493495,196.60371,316.418,0.96773124
647.2105,164.83867,0.9725405,649.66113,160.65298,0.8096209,642.55585,159.83319,0.9690363,0.0,0.0,0.33545002,627.22577,162.01027,0.9381145,648.35223,195.38312,0.9818268,609.0645,193.60316,0.99772257,658.5176,234.41782,0.88495463,603.27814,236.08127,0.992152,664.2543,224.43027,0.85016185,625.5498,231.9119,0.98010695,646.4407,276.28363,0.99468166,619.0173,276.98676,0.99799454,651.2502,340.048,0.9868684,618.9692,341.5621,0.9952603,650.6434,395.8819,0.9534146,615.17566,399.67435,0.9756033
0.0,0.0,0.40174,0.0,0.0,0.08804073,851.5548,49.44011,0.62788886,0.0,0.0,0.023636382,824.9068,56.244617,0.73577523,0.0,0.0,0.21734677,800.02167,113.63634,0.8415075,0.0,0.0,0.060202565,799.65796,195.84741,0.7586634,0.0,0.0,0.067785345,854.0,172.20277,0.60107535,852.6174,260.36453,0.56067675,821.2263,263.37305,0.8258335,846.6437,387.3516,0.56428105,838.319,392.3259,0.8304245,0.0,0.0,0.38878605,813.893,472.15594,0.5868074
721.8984,174.4525,0.954209,727.1125,170.12921,0.88006955,716.8568,169.19444,0.9472165,730.53735,174.71779,0.50889075,704.6378,172.35239,0.81298816,734.1273,205.22566,0.94504493,687.3738,203.14876,0.97823626,735.6222,244.1081,0.733024,672.1727,242.75772,0.9027241,726.1493,249.68175,0.6238993,689.112,247.988,0.8146882,724.7755,279.50128,0.9766576,690.76526,279.36887,0.9843776,739.2405,342.9249,0.97511977,685.95996,342.42096,0.98418313,740.07056,400.14978,0.95989424,678.68756,400.57294,0.97002274
0.0,0.0,0.14582269,0.0,0.0,0.111720145,0.0,0.0,0.073283136,280.9325,212.05981,0.6015618,0.0,0.0,0.42840698,277.10233,224.02975,0.9640132,295.90067,223.74025,0.9519151,273.75897,239.12816,0.83550006,301.0727,239.24164,0.7453715,274.27042,249.63965,0.63259,300.5777,249.92024,0.5337419,280.1127,254.14528,0.9858812,293.48566,254.1044,0.98356503,277.6156,277.84882,0.97692925,295.70996,278.07928,0.9708189,274.9695,301.08685,0.9643489,296.96768,300.6937,0.95731765
471.73807,214.12001,0.8655961,474.03482,212.12407,0.85325277,470.90082,212.14574,0.68563044,479.1236,213.43088,0.79615116,0.0,0.0,0.37511545,484.2339,225.64328,0.9860504,467.27148,225.08139,0.9746415,484.23877,239.1634,0.94074184,460.82346,235.758,0.80882704,474.3844,237.37692,0.9000866,466.7928,230.07074,0.7609785,479.2161,258.0543,0.98608774,467.7778,257.4669,0.9809925,477.43256,285.68063,0.9717082,462.4931,285.25085,0.9550293,476.56186,311.66083,0.94353664,459.9101,310.59186,0.9203274
0.0,0.0,0.35707808,0.0,0.0,0.24110772,0.0,0.0,0.29955637,0.0,0.0,0.49814025,99.68278,221.89177,0.6087197,90.31723,231.06615,0.97511065,101.60997,231.51306,0.9775184,84.32181,243.10551,0.81102324,105.056854,244.03705,0.8536077,83.56247,253.45834,0.6603202,105.06305,254.40001,0.7090829,89.7893,253.81396,0.9844386,96.18138,253.9873,0.9851575,90.59718,271.6804,0.96626765,95.272095,271.79193,0.96875685,89.74696,288.75208,0.944101,93.40889,289.31638,0.9476158
0.0,0.0,0.15056345,0.0,0.0,0.10587344,0.0,0.0,0.10005432,0.0,0.0,0.46107262,0.0,0.0,0.40927786,144.74364,229.00224,0.95226496,160.60092,229.00061,0.9508432,139.37483,241.45802,0.72960746,166.34465,241.5013,0.7135774,140.42879,253.11386,0.5281185,166.23611,252.82562,0.5024674,147.05519,252.72424,0.9787412,156.62497,252.7853,0.97860533,148.51225,271.77206,0.9646429,155.44832,271.62494,0.96416426,148.52075,289.8759,0.9509424,153.71628,290.06223,0.95102334
0.0,0.0,0.117582776,0.0,0.0,0.044052914,0.0,0.0,0.12455941,0.0,0.0,0.09224877,0.0,0.0,0.4008909,0.0,0.0,0.4718759,778.3232,156.26038,0.6636277,0.0,0.0,0.11683202,0.0,0.0,0.35428348,0.0,0.0,0.09106412,0.0,0.0,0.21360077,767.0341,217.91815,0.7532384,773.62915,219.10692,0.82382417,762.7302,275.8628,0.7723736,766.54803,276.75952,0.8376254,762.4336,332.56494,0.7637104,760.5594,334.65308,0.81581783
0.0,0.0,0.27799985,0.0,0.0,0.17988686,0.0,0.0,0.19251917,120.67499,221.76918,0.51041883,126.479515,222.13893,0.54269135,116.1155,232.01729,0.96061426,129.54402,232.56174,0.96465087,109.2521,244.71048,0.81541824,135.3351,244.75035,0.8265374,105.89823,256.81976,0.6620307,135.14476,255.46288,0.66841966,117.785614,255.49707,0.98017794,126.568726,255.87206,0.980876,116.942665,273.8168,0.96558905,126.09081,274.25647,0.96402586,116.55926,289.47656,0.95049137,125.074295,289.9978,0.9484612
416.45645,227.91211,0.72875434,418.0415,226.19315,0.69130564,415.23444,226.07983,0.6159707,420.93716,226.7495,0.5391705,0.0,0.0,0.36651707,425.07178,235.3046,0.9620773,410.87875,234.91783,0.95215434,429.52704,245.20569,0.8498551,406.10297,244.16655,0.7898907,427.04102,251.17833,0.80216146,405.98264,250.1372,0.7472918,421.5517,257.42438,0.97570646,413.0746,257.14346,0.9730172,420.13718,275.51428,0.95306885,412.08508,275.1495,0.9467995,419.98883,292.01645,0.9216173,412.10898,291.58926,0.91402024
