709.80304,158.10957,0.9178696,0.0,0.0,0.47962534,704.2279,152.07678,0.91372633,0.0,0.0,0.1356683,684.9737,154.72972,0.91973895,702.3975,192.56714,0.96531403,667.8624,192.03114,0.9973133,713.4982,231.00945,0.84142274,654.509,247.27373,0.9935436,725.0936,229.91524,0.8159894,643.77704,288.19272,0.98319155,700.7471,283.5527,0.99458414,679.42816,283.1093,0.9983714,694.87976,356.6763,0.9870025,683.1318,353.4453,0.9961946,674.8743,414.10522,0.9514776,670.39514,412.73123,0.977849
196.89673,204.22064,0.509694,0.0,0.0,0.20364404,0.0,0.0,0.48840478,0.0,0.0,0.41442904,192.6316,203.00966,0.8878393,173.18504,220.47905,0.98067415,196.38791,220.30873,0.99175864,161.71223,241.00783,0.7932634,204.39413,242.17618,0.9419891,162.25659,257.49503,0.6222777,207.63184,260.75928,0.8258844,176.62022,259.8166,0.98885286,191.68404,259.53537,0.99312323,178.83704,288.3202,0.9766675,191.70715,287.67242,0.9853408,178.4296,316.07443,0.96110016,189.74312,316.59805,0.97235584
0.0,0.0,0.10721024,0.0,0.0,0.09378368,0.0,0.0,0.034314293,320.65164,129.96552,0.69365865,0.0,0.0,0.26334906,304.0007,166.72437,0.95639867,365.12265,167.73354,0.8607803,293.86053,214.88896,0.86040986,360.31683,213.21848,0.5176898,300.372,232.63927,0.6605009,0.0,0.0,0.35726762,311.57812,258.23398,0.9943726,353.5962,259.84283,0.9892579,313.0567,338.1168,0.9962967,351.9844,348.58328,0.99354726,312.54446,418.1704,0.9912409,352.4137,435.67972,0.98768985
770.9341,164.19412,0.97713655,776.3133,160.63608,0.9227803,765.5635,159.82895,0.94925404,781.5627,166.6064,0.71294576,754.936,164.2108,0.84725595,789.90137,200.70168,0.9948139,741.0563,196.41153,0.9963006,812.2649,240.528,0.9663699,724.03375,231.6912,0.9780839,813.3086,244.13779,0.9339756,723.92365,235.74088,0.9536613,777.2967,281.11768,0.99768674,748.64777,279.86917,0.99791104,772.2441,350.86392,0.9941502,765.3966,350.4003,0.995278,762.2392,411.91568,0.9746227,776.6004,412.6279,0.97859496
460.3986,212.33049,0.9114427,463.25012,210.1658,0.8831051,458.98218,209.81433,0.81357443,467.68802,212.09166,0.7599266,456.61703,211.37352,0.51637495,472.74747,225.86002,0.98853034,451.77695,225.61302,0.9855079,477.05472,241.13512,0.9512665,445.73416,241.38626,0.90446234,470.434,245.25539,0.9204977,447.23355,248.36778,0.863143,467.43994,259.31223,0.9907832,453.69772,258.9314,0.9891902,468.34253,285.41537,0.98234254,450.9774,284.76807,0.97617185,469.76892,309.5394,0.96675926,451.61044,308.29492,0.95829326
0.0,0.0,0.14014596,0.0,0.0,0.100389786,0.0,0.0,0.07841641,265.6929,210.88033,0.5083484,0.0,0.0,0.38056856,261.7372,222.15134,0.958502,281.30795,221.65771,0.9529364,257.30136,236.8827,0.7650112,287.24652,236.71095,0.69506943,258.14078,249.276,0.55981183,0.0,0.0,0.48084173,264.55057,250.838,0.9813058,277.15247,250.60869,0.98026377,263.4588,272.94308,0.96264446,274.9277,272.71066,0.9590851,263.11362,295.10303,0.936902,273.7178,294.91727,0.93320215
0.0,0.0,0.40660557,0.0,0.0,0.23083758,0.0,0.0,0.47023833,0.0,0.0,0.09387278,0.0,0.0,0.44430065,0.0,0.0,0.28330848,841.1315,227.28215,0.679463,0.0,0.0,0.09466015,837.3042,247.95726,0.6017846,0.0,0.0,0.12792958,840.0266,253.98308,0.5173283,0.0,0.0,0.2716698,0.0,0.0,0.49799475,0.0,0.0,0.2792882,844.44806,298.44443,0.5046939,0.0,0.0,0.35263076,843.6063,332.10083,0.53229
0.0,0.0,0.46654496,0.0,0.0,0.17474765,237.85573,220.48381,0.5182264,0.0,0.0,0.15903212,232.76067,221.32312,0.7666184,225.8589,233.24898,0.87289095,230.79254,233.7472,0.9661124,0.0,0.0,0.4451551,234.41165,248.57446,0.8974169,0.0,0.0,0.38838607,236.59306,254.86331,0.7873277,227.7383,264.45972,0.9427628,231.18785,264.9144,0.97262394,228.6066,288.57547,0.9215434,232.40894,288.61145,0.96188074,227.64677,312.0667,0.90788907,229.79756,312.87207,0.9454783
638.7353,202.73431,0.937887,641.8809,200.03264,0.85096145,636.25885,200.06427,0.92535084,646.76483,202.63268,0.5286174,632.99316,202.7074,0.8263362,650.47705,220.82152,0.9701904,628.69696,219.87708,0.99302304,650.87555,242.87106,0.74592364,618.99994,237.35619,0.96294844,644.457,260.2688,0.6877093,612.9234,252.82849,0.9175448,645.8047,258.39755,0.9478666,632.3927,257.93573,0.97623944,644.1989,286.3413,0.83057386,634.2599,285.5795,0.9118281,641.99274,309.78842,0.6875502,635.5472,308.80286,0.7933501
0.0,0.0,0.26473907,0.0,0.0,0.13315228,0.0,0.0,0.33607897,0.0,0.0,0.06484425,0.0,0.0,0.3937526,0.0,0.0,0.27044016,838.78314,231.0401,0.6834713,0.0,0.0,0.08267453,834.8449,249.94754,0.5908708,0.0,0.0,0.11093101,0.0,0.0,0.49088827,0.0,0.0,0.36042458,843.30164,270.62527,0.6123598,0.0,0.0,0.3267012,842.8914,297.4863,0.5717172,0.0,0.0,0.40719047,844.4632,329.77597,0.59712297
0.0,0.0,0.29300803,0.0,0.0,0.19685668,0.0,0.0,0.21373712,93.856026,222.70865,0.5721089,99.77934,223.2112,0.5625951,89.744736,231.79207,0.9826668,102.79896,232.3741,0.9824949,84.20373,242.72281,0.85008323,106.19617,243.38008,0.8589252,83.2101,251.80278,0.6845242,105.521034,252.32112,0.6913551,90.38607,253.00444,0.98843527,98.16094,253.1908,0.9883256,90.6357,269.5625,0.9734072,97.17029,269.57693,0.9737961,90.35367,285.24127,0.95606303,96.35115,285.59613,0.9567964
0.0,0.0,0.11955102,0.0,0.0,0.07338391,0.0,0.0,0.10183891,0.0,0.0,0.34802765,0.0,0.0,0.4819246,117.9962,232.24673,0.9488798,133.40709,232.83293,0.9559333,111.50835,242.85742,0.73363763,136.86012,243.84407,0.7965736,111.126854,252.11374,0.5080456,136.66974,253.25528,0.57303834,119.82184,253.9175,0.9743264,129.2376,254.25063,0.97616255,120.68074,270.81274,0.94343,128.49078,271.06833,0.94842064,120.19349,285.3755,0.9174769,126.79175,285.94775,0.9235812
