0.0,0.0,0.46525246,0.0,0.0,0.11880832,0.0,0.0,0.4424777,0.0,0.0,0.29818937,83.3349,135.97781,0.90829504,30.50572,169.50839,0.9467577,89.74733,173.95943,0.99109954,17.90791,227.93446,0.73200405,97.71702,225.19019,0.96452177,12.499661,269.20786,0.6091804,80.98019,243.8937,0.9026164,35.045902,270.2728,0.98640245,75.951065,273.47726,0.99383247,34.466457,341.97122,0.98354775,79.979324,350.7439,0.992596,20.792679,410.76114,0.95293623,68.24017,422.9832,0.9713008
0.0,0.0,0.11800979,0.0,0.0,0.083615035,0.0,0.0,0.05396575,153.43582,205.75342,0.5818305,0.0,0.0,0.39888838,147.4696,221.24593,0.95562464,173.22568,221.41107,0.9472192,139.62398,242.67557,0.775655,174.47845,242.61356,0.683524,142.43593,252.95538,0.52603275,0.0,0.0,0.43030402,152.00763,264.51736,0.9820655,169.54303,264.76752,0.9793499,146.82568,299.28705,0.9689127,167.26213,299.87183,0.95945007,145.0069,333.65344,0.9444012,165.3761,333.5526,0.93231887
0.0,0.0,0.11685691,0.0,0.0,0.07152296,0.0,0.0,0.06942145,594.66846,196.54868,0.5850469,609.8966,196.73138,0.584213,585.77045,217.37708,0.97341365,617.417,217.16785,0.9799284,576.4857,247.09515,0.8358762,624.08374,245.2544,0.86894786,577.4239,272.8943,0.58254886,627.3396,267.9952,0.61905426,590.821,271.6396,0.99010134,610.50653,271.9948,0.9911506,594.044,311.81384,0.97347397,607.08185,312.53897,0.9732776,598.014,350.57034,0.9415277,602.45416,351.20578,0.94061786
476.19104,195.38258,0.8965873,479.39432,192.29436,0.9106819,473.8477,192.60344,0.69209963,486.11252,193.55061,0.86415327,0.0,0.0,0.2704853,495.53207,210.48831,0.9896556,470.7227,211.45888,0.9634083,504.77533,229.95895,0.96495026,469.9781,227.92671,0.6918743,497.29352,236.90045,0.93452024,476.56958,223.25302,0.66690505,491.64255,255.86926,0.98960614,475.61606,256.08316,0.978917,492.72473,291.16556,0.98250866,477.56097,291.29343,0.9590905,494.11456,324.88187,0.9609129,479.9889,324.14056,0.9275062
0.0,0.0,0.08938765,0.0,0.0,0.04841692,0.0,0.0,0.06062923,0.0,0.0,0.41028702,699.88257,203.84406,0.54892594,680.79285,218.99574,0.96373194,705.5219,218.22185,0.9763948,673.817,236.97955,0.83647084,711.60266,237.36598,0.8996199,674.85406,250.43712,0.6362894,712.52167,252.77861,0.7248956,686.95905,254.2692,0.9919511,703.02637,254.1762,0.99371696,690.3512,281.1783,0.9844274,703.0491,281.1692,0.98665893,692.1346,308.3585,0.9722881,701.9534,308.29123,0.9750363
0.0,0.0,0.22604866,0.0,0.0,0.05559197,0.0,0.0,0.18457489,0.0,0.0,0.2449167,384.7373,183.09425,0.69980514,347.8901,213.48524,0.9142832,391.6901,209.91827,0.9766436,353.2635,238.11104,0.7178166,416.4363,226.30507,0.9477818,372.16122,225.65358,0.5909165,407.14178,199.09743,0.8701102,352.1462,283.88156,0.98367614,384.80045,282.67554,0.9920317,353.9596,332.58832,0.96862304,400.18253,329.81967,0.98577964,356.69122,370.79077,0.9158236,415.02948,372.72,0.9481071
547.20337,204.68617,0.8901448,549.81885,202.33412,0.79524034,545.56134,202.24063,0.8363257,554.4547,203.95082,0.5495053,543.5076,203.55774,0.670647,559.3126,219.60526,0.975086,538.6247,218.91481,0.9877297,564.1032,237.83139,0.8304418,529.66473,235.5327,0.92714393,564.53656,253.43364,0.76881176,525.2807,250.54507,0.868718,554.83514,258.51532,0.9814067,542.7022,258.27286,0.98732865,553.33514,288.54697,0.96348166,546.1851,288.12943,0.9727877,554.0054,318.23767,0.9320198,549.84796,317.3407,0.9446205
0.0,0.0,0.12697084,0.0,0.0,0.06819023,0.0,0.0,0.0918916,0.0,0.0,0.25500238,0.0,0.0,0.40694147,636.88116,223.91933,0.87836117,653.2659,223.79941,0.928059,634.1799,239.49745,0.6124799,657.0081,240.72852,0.79975593,0.0,0.0,0.45812866,657.1961,251.96758,0.6314017,640.04,257.27213,0.9679644,650.9967,256.93713,0.9777762,636.4961,285.34366,0.954868,645.5216,284.89896,0.966862,638.9174,313.7047,0.93826646,644.79517,313.30936,0.95078135
0.0,0.0,0.11946113,0.0,0.0,0.08441463,0.0,0.0,0.057814244,0.0,0.0,0.48040327,0.0,0.0,0.33818835,317.94016,229.04143,0.93218803,347.40173,230.17218,0.85999095,306.43033,253.58727,0.7155818,0.0,0.0,0.38133532,0.0,0.0,0.4349927,0.0,0.0,0.20802379,323.73947,278.0863,0.95737755,342.6957,278.8144,0.9337011,329.0668,318.41595,0.92567086,342.17154,319.31445,0.8798214,333.56696,356.36264,0.87945604,340.0179,357.62817,0.83204037
0.0,0.0,0.17582026,0.0,0.0,0.19946261,0.0,0.0,0.047901392,209.1604,215.65425,0.7510135,0.0,0.0,0.19206569,209.83765,229.77505,0.96194106,230.29025,227.79335,0.88458526,205.11295,249.67667,0.8831113,0.0,0.0,0.464363,202.53407,255.39597,0.6975529,0.0,0.0,0.31621805,223.19534,266.36737,0.95681024,237.69794,265.6097,0.9232695,223.15988,289.95676,0.89835584,241.22775,289.4058,0.81120324,225.2598,316.66605,0.80451864,245.07788,314.2206,0.7094977
0.0,0.0,0.17656696,0.0,0.0,0.07203664,0.0,0.0,0.14781317,0.0,0.0,0.11513415,0.0,0.0,0.35790947,421.94708,222.29666,0.6829592,429.23145,223.64342,0.74351126,0.0,0.0,0.35765803,0.0,0.0,0.49659613,0.0,0.0,0.30370727,0.0,0.0,0.4009022,421.63464,273.39282,0.9039739,426.2503,274.16425,0.91852903,418.74756,314.05804,0.9360877,423.50012,314.70697,0.9442864,421.9192,353.9707,0.922852,424.13306,355.57062,0.92979336
785.0718,225.94867,0.669476,0.0,0.0,0.38630143,783.8724,224.2165,0.65300024,0.0,0.0,0.22516605,780.98035,224.65387,0.6933205,784.8506,233.45668,0.9364422,776.8669,232.72017,0.97754925,789.2478,244.20236,0.6792164,773.0878,243.55496,0.9268235,792.4744,251.6973,0.6247345,777.3873,251.56128,0.8649471,784.5687,256.26843,0.9738401,779.8122,256.237,0.9854058,786.06573,274.8093,0.95869696,779.91266,274.58102,0.97677916,786.6513,292.36444,0.94499296,778.8873,292.33505,0.96395916
457.30612,198.51106,0.7207808,458.48523,195.81732,0.60675126,454.98874,195.92184,0.67259187,0.0,0.0,0.34747863,0.0,0.0,0.49011102,462.3744,212.54312,0.90719247,444.04587,212.96991,0.9208528,464.25552,233.12979,0.6195037,438.57883,233.95837,0.7005863,460.28644,245.20035,0.55571055,444.50403,246.7126,0.6251045,462.291,253.59842,0.92672527,450.52267,254.14401,0.9331969,463.76727,286.0573,0.8675268,453.8454,286.33334,0.8778229,464.48373,314.116,0.7466077,456.98016,314.6486,0.7591035
