0.0,0.0,0.41497794,0.0,0.0,0.10345348,0.0,0.0,0.42221728,0.0,0.0,0.18125032,291.95358,179.2727,0.7586939,259.57278,203.14058,0.85155576,287.24,207.89787,0.9728626,250.75204,243.33253,0.578162,295.3227,248.36365,0.9406324,266.31772,250.24486,0.5007865,307.52518,245.45645,0.85517925,262.4885,277.31436,0.9504943,283.47742,280.93497,0.9788133,265.0325,329.27405,0.9417135,302.27155,336.58035,0.97515464,248.55249,369.10272,0.90206355,302.12045,382.8626,0.94083405
0.0,0.0,0.079285145,0.0,0.0,0.0636883,0.0,0.0,0.03822886,368.2801,195.51076,0.6920132,385.3923,194.18275,0.5348828,360.05585,217.04927,0.97484756,396.40955,214.72568,0.97225606,348.2152,242.98528,0.8740761,408.42474,239.43552,0.8320853,351.00327,252.27423,0.6163954,405.20395,248.19284,0.5580027,369.98032,271.0367,0.99116397,392.09097,270.4522,0.99052,376.84372,312.913,0.9823674,387.16168,312.89328,0.9787056,382.9571,355.05612,0.95679605,382.2386,353.9569,0.94978267
0.0,0.0,0.1588968,0.0,0.0,0.048954014,0.0,0.0,0.15038355,0.0,0.0,0.4305182,583.1874,196.12527,0.87469006,554.84796,216.8503,0.98085517,589.4845,216.72768,0.9926911,547.0329,243.2276,0.8057108,597.07965,243.76202,0.9467392,553.23224,254.02658,0.55546176,595.5264,256.83243,0.7759001,562.6508,271.06363,0.994414,587.04535,271.2874,0.9965984,560.33185,312.87885,0.9860504,589.76404,312.77875,0.9904102,561.8986,352.23392,0.9679979,594.6048,352.9747,0.97522855
0.0,0.0,0.12442338,0.0,0.0,0.075122096,0.0,0.0,0.07006206,154.9547,206.14476,0.5280348,0.0,0.0,0.49988607,146.41379,221.6678,0.9535502,172.75485,222.13327,0.9527926,137.84323,241.85614,0.7488245,174.17447,241.84914,0.71306926,0.0,0.0,0.49722862,0.0,0.0,0.44920266,150.96628,264.8183,0.97934806,169.03539,265.35477,0.978053,144.30621,300.09613,0.96180826,165.74954,300.84387,0.95404756,140.5432,334.25058,0.93166745,162.75198,334.90765,0.9215332
0.0,0.0,0.14491633,0.0,0.0,0.08823522,0.0,0.0,0.08702806,682.0695,204.33409,0.5139607,694.1807,203.73141,0.5670479,676.52655,219.19348,0.967529,701.074,218.11595,0.97422475,672.6449,238.01794,0.828537,705.5423,237.26186,0.8660423,674.2631,252.83955,0.61634696,703.22644,252.79007,0.6693493,681.8058,255.11147,0.9876873,697.9978,254.71266,0.98945147,683.8056,283.6306,0.97503895,695.8625,283.39566,0.9769782,686.1474,311.58725,0.9518679,695.9778,311.0983,0.95430976
0.0,0.0,0.44320256,0.0,0.0,0.21526843,0.0,0.0,0.3769627,0.0,0.0,0.3741101,515.2755,198.138,0.7229139,500.6467,215.36119,0.9449721,517.9218,215.96901,0.96544605,496.50797,233.34615,0.67275673,523.5973,235.25494,0.833722,499.7135,234.52313,0.5102832,522.5353,238.4585,0.669274,505.33325,257.59525,0.9675885,517.2451,258.09866,0.9753288,506.95444,290.5059,0.94979197,522.6703,290.62943,0.9613539,508.13696,319.9533,0.9302608,525.24335,320.39334,0.94249535
452.18323,202.45099,0.87413996,453.54526,200.0461,0.6658585,449.50314,199.5926,0.87297416,0.0,0.0,0.30793542,442.07516,200.44727,0.8171754,455.21988,217.77774,0.95574766,434.38196,216.17476,0.9869207,458.6955,236.04657,0.6644057,427.3698,235.77946,0.93252033,454.27988,248.71414,0.60116297,425.5475,255.17471,0.8631517,452.29996,255.89148,0.96473366,439.14014,255.5421,0.9814239,452.2611,285.95038,0.92696923,440.34552,285.5565,0.95934933,452.8357,312.75937,0.8767553,441.59738,312.678,0.9182772
0.0,0.0,0.21274905,0.0,0.0,0.22276495,0.0,0.0,0.07969518,643.35425,215.514,0.7205731,0.0,0.0,0.27445778,639.3048,230.37457,0.96128994,659.4982,230.42587,0.91425484,630.6698,248.2009,0.8536345,664.2897,249.05696,0.5498096,627.3353,262.1113,0.6712154,0.0,0.0,0.3885055,641.5426,266.48154,0.98026866,654.2603,266.4308,0.9693496,641.4728,294.91925,0.97782797,649.45233,295.4322,0.96136385,645.0028,323.802,0.9694913,648.95825,323.6345,0.95385534
0.0,0.0,0.08645521,0.0,0.0,0.0333828,0.0,0.0,0.069882065,0.0,0.0,0.13863409,0.0,0.0,0.42738533,304.05536,224.86594,0.7522515,324.47137,224.3004,0.84698635,0.0,0.0,0.34986767,332.486,250.7814,0.63658106,0.0,0.0,0.23477541,0.0,0.0,0.43034366,309.8231,278.7177,0.9174136,324.1687,278.45383,0.94293,310.36594,320.00006,0.90155685,323.78317,319.45477,0.93312865,313.44974,357.12628,0.86609733,323.59045,356.45264,0.8985179
0.0,0.0,0.48092166,0.0,0.0,0.30142036,0.0,0.0,0.3707731,0.0,0.0,0.33660075,0.0,0.0,0.48307365,747.2592,229.70142,0.93006814,746.1531,229.28856,0.9473128,751.6349,241.15938,0.74093956,746.2217,240.86833,0.8195958,755.59216,247.89629,0.65317,750.8938,248.1373,0.7222922,746.16144,254.1813,0.9624277,746.2886,254.08925,0.9675413,744.4774,273.3291,0.93838537,747.3788,273.18924,0.94487405,742.2484,291.69153,0.91114366,747.23456,291.47842,0.9183778
