0.0,0.0,0.3113883,0.0,0.0,0.16224511,0.0,0.0,0.09391397,282.9157,148.07005,0.783921,0.0,0.0,0.489067,267.30286,180.92508,0.9931918,328.2602,185.92636,0.9796209,240.3267,223.83365,0.9805548,338.4794,234.3043,0.9226923,238.05319,258.93414,0.94150585,334.43985,271.9503,0.84741557,277.60632,271.3129,0.9979184,316.29868,272.2884,0.99657273,274.3042,331.49054,0.995125,302.27884,334.21182,0.99248224,282.45825,388.6047,0.97672665,298.99493,392.43723,0.9698626
465.58463,144.50995,0.9422272,467.1022,140.07918,0.6084752,460.46143,139.85173,0.93980604,0.0,0.0,0.21163896,442.86545,144.72655,0.9243641,463.46393,179.55566,0.97198963,425.69202,182.21626,0.9975151,471.87982,223.67368,0.85741687,417.3176,230.5708,0.99357975,484.4643,263.74826,0.8202036,417.16168,272.42026,0.9821922,465.0794,264.75974,0.9951723,439.35764,267.01978,0.9984981,473.31934,329.95068,0.98883164,439.95938,332.04916,0.99658716,470.80307,387.39767,0.96350765,434.02145,391.54126,0.9828499
0.0,0.0,0.32753342,0.0,0.0,0.29416433,0.0,0.0,0.15553378,653.9853,183.39963,0.8469993,664.56134,182.91238,0.61495125,647.8461,204.43553,0.9857017,676.88306,203.01418,0.9822353,641.2455,232.5274,0.88372004,687.1602,229.67256,0.7976273,642.3726,254.13614,0.667834,685.45166,250.85204,0.54286927,655.01575,255.49045,0.9894051,673.4804,255.03523,0.9877901,653.92316,297.8831,0.98117954,668.18665,297.83066,0.97449785,657.17303,340.99573,0.9607412,666.1395,339.85684,0.9503201
0.0,0.0,0.051152356,0.0,0.0,0.03915823,0.0,0.0,0.02374816,803.0405,197.53804,0.75651705,820.598,197.3885,0.5845186,791.104,218.89372,0.973281,831.0276,219.03705,0.962262,777.89453,247.72142,0.8251519,836.94257,246.94191,0.689469,0.0,0.0,0.49401104,0.0,0.0,0.3445284,796.8837,271.12866,0.9903504,825.52216,271.58148,0.9880433,789.14825,311.8643,0.9831093,833.4072,312.77463,0.97543836,780.7352,349.73575,0.97011673,835.4464,350.32254,0.96053743
0.0,0.0,0.2941003,0.0,0.0,0.12086823,0.0,0.0,0.27721316,0.0,0.0,0.41570222,85.04245,210.05597,0.81169635,67.50573,224.9191,0.9718095,88.60143,224.75075,0.98652864,61.45098,244.0021,0.77778953,94.4922,242.92776,0.92171174,60.92153,258.71667,0.57995075,95.255714,257.18405,0.76794577,69.019844,259.43576,0.98609203,82.92303,259.30597,0.99047345,68.55451,284.81293,0.969131,80.00066,284.629,0.97733706,70.04131,307.60916,0.94566816,79.797485,308.30045,0.95577896
0.0,0.0,0.13644151,0.0,0.0,0.061670057,0.0,0.0,0.119034894,0.0,0.0,0.38018268,130.86667,211.49707,0.6942077,113.23292,225.21645,0.9567333,135.80891,225.15012,0.9774705,107.79043,241.76813,0.74889284,140.48717,242.12018,0.8976642,107.53775,253.45956,0.5292068,140.47192,255.03448,0.7152055,116.9281,257.7194,0.9876923,131.99396,257.81036,0.9912362,117.40527,283.27472,0.97852623,130.86577,283.3213,0.98353046,117.13708,307.35376,0.96540725,129.12491,307.67496,0.97105104
0.0,0.0,0.13317646,0.0,0.0,0.08028806,0.0,0.0,0.08021752,0.0,0.0,0.47249094,0.0,0.0,0.472289,162.57706,220.59781,0.959681,182.5306,220.92494,0.9685401,156.49492,239.45648,0.815108,188.32913,240.10121,0.84908736,153.75584,252.84932,0.62030196,188.3069,254.3804,0.6541946,164.87257,255.4121,0.98773813,177.99344,255.60529,0.9890348,163.20653,281.9005,0.9768678,176.9583,282.2348,0.9770867,162.1443,307.07925,0.96007586,174.14848,307.27106,0.9600824
373.30093,207.88121,0.89115727,375.5514,205.42659,0.7666998,370.72137,205.20563,0.8600756,0.0,0.0,0.44716525,364.98383,207.3773,0.71937644,380.3816,224.01247,0.96573824,358.2994,224.04227,0.9807122,384.3132,241.72923,0.8042118,357.4707,243.46788,0.90955,382.139,245.48453,0.75426567,368.95456,247.36452,0.8548003,375.10306,262.168,0.9768088,360.73016,262.54666,0.9830546,374.65283,295.13144,0.96423066,362.53333,295.53113,0.9727348,370.28174,325.76938,0.9446507,360.21378,326.34244,0.9546247
553.6836,164.47052,0.9097852,558.2051,160.78676,0.70974433,548.8935,160.67116,0.8690756,0.0,0.0,0.43358755,539.0067,165.42143,0.7848277,565.2205,196.15079,0.9701559,526.42065,194.60931,0.99134934,571.2138,228.80115,0.86932236,520.38605,222.66881,0.9714409,563.36145,216.09032,0.8158051,535.08636,200.35477,0.9389863,554.209,268.5701,0.992141,530.55743,268.63336,0.9954999,546.31036,327.62604,0.988908,543.99774,329.0105,0.99413,533.1504,378.621,0.97159845,556.47235,382.43625,0.9815019
526.4945,187.74992,0.64477766,0.0,0.0,0.34547788,523.7467,184.53181,0.6903331,0.0,0.0,0.14780731,515.4483,187.32587,0.6963566,521.72644,207.6693,0.7839062,505.23007,207.57242,0.92451215,0.0,0.0,0.26061425,497.66202,229.31075,0.7290517,0.0,0.0,0.23792204,507.10202,232.54872,0.57521945,516.4547,254.81071,0.7918504,505.91913,255.09561,0.87901103,515.17267,290.47818,0.6159802,505.6482,290.34854,0.75821686,509.0923,321.44864,0.5391666,502.236,321.96185,0.66257155
