734.0714,90.38646,0.9840443,740.81824,83.372604,0.90628415,722.0996,83.862595,0.97093767,748.7596,92.451324,0.5701276,704.2228,94.822556,0.9175867,753.06573,154.87857,0.9896175,691.7956,152.69733,0.9980825,758.96204,227.06143,0.9186542,673.8454,228.12834,0.988825,784.3145,278.99683,0.8832599,676.0785,296.6364,0.97262955,737.8182,281.6097,0.990175,708.14764,280.83713,0.99531966,710.91,381.90146,0.95967627,746.41345,374.1171,0.98083395,677.41235,467.5198,0.7499715,760.7495,454.87894,0.83389604
0.0,0.0,0.095848024,0.0,0.0,0.04440257,0.0,0.0,0.0645591,253.8147,178.68521,0.6083067,271.95605,178.79482,0.74955213,241.7931,201.32422,0.98623264,280.39893,201.64323,0.992153,227.78323,231.89235,0.9206018,293.08954,232.43831,0.95521015,228.88724,258.73767,0.74994904,298.03586,260.32755,0.8099431,250.00299,262.407,0.9964594,274.70996,262.91104,0.9972554,252.87274,305.989,0.9889205,274.9424,306.35568,0.9898981,257.13174,348.21915,0.96677434,275.23288,348.98306,0.96859825
408.16727,160.80557,0.9644457,412.49173,157.38004,0.8882659,403.71286,157.30681,0.93632746,417.93524,161.43709,0.6523914,396.367,161.21802,0.82064325,427.397,187.07428,0.9862708,388.4366,189.87137,0.9937063,439.1709,219.17169,0.9268998,391.5129,224.63924,0.97418594,432.95575,230.88844,0.8870616,418.13498,223.10109,0.948237,425.16736,253.40549,0.9934236,398.6954,254.88812,0.9954135,425.89124,310.06592,0.98581886,400.46652,312.82922,0.9908166,418.54587,359.54404,0.95629007,400.27777,363.7804,0.96740896
0.0,0.0,0.42012045,0.0,0.0,0.12220348,846.49335,124.843025,0.511306,0.0,0.0,0.060447212,835.2458,131.39758,0.5723194,0.0,0.0,0.3056395,821.074,169.13205,0.87033194,0.0,0.0,0.11909917,784.6051,205.4824,0.83849674,0.0,0.0,0.15301579,811.08466,184.14032,0.7428736,845.3425,290.38226,0.6101769,826.24945,289.95276,0.85620093,0.0,0.0,0.4858026,832.2226,378.04807,0.78039473,0.0,0.0,0.31108305,793.7565,427.9652,0.51121235
0.0,0.0,0.20030469,0.0,0.0,0.13836962,0.0,0.0,0.1293402,72.06598,215.96277,0.5967096,81.10356,216.02472,0.53373045,67.854904,227.65257,0.9813425,86.15841,227.82368,0.98008496,63.380768,242.02237,0.8334163,93.173584,242.35825,0.8178057,64.41232,253.97878,0.64140797,93.964516,253.77556,0.61369026,71.00171,255.60541,0.9917448,82.67239,255.743,0.9915549,71.41818,277.50375,0.9836165,82.49464,277.3127,0.9832313,71.97358,298.4789,0.9731907,82.5876,298.5383,0.9729802
0.0,0.0,0.17375259,0.0,0.0,0.11070476,0.0,0.0,0.12604521,117.110565,217.93187,0.5085561,126.323746,218.15855,0.54626524,111.81434,229.41414,0.9763797,129.91182,229.87167,0.9777297,105.7576,243.72868,0.81106746,135.36865,244.28896,0.8332449,106.56131,256.54517,0.6158864,135.63489,256.85074,0.63560337,113.32361,256.85074,0.990558,124.67629,257.10254,0.9908958,113.23529,278.11273,0.98119557,123.69547,278.0654,0.98201305,112.21894,298.00104,0.9689247,122.26626,298.3897,0.97030526
0.0,0.0,0.13231173,0.0,0.0,0.07721719,0.0,0.0,0.10254059,0.0,0.0,0.45470378,164.08429,213.83977,0.56060356,150.10776,225.44037,0.97585005,168.31801,225.73672,0.97891,144.08455,240.59529,0.8049689,174.2948,240.88481,0.856304,144.4475,253.00044,0.5816727,174.8682,253.4244,0.6444912,153.2071,254.68828,0.98993,164.53654,254.86148,0.9907017,155.63295,277.67868,0.97350997,164.50385,277.61044,0.9761915,156.4548,298.4499,0.9527216,163.42932,298.70554,0.95669687
471.1972,200.47247,0.90612364,474.41437,197.82947,0.8190234,468.5411,197.42555,0.85588366,478.9162,201.04301,0.5605858,463.8011,199.81836,0.6832332,482.1753,219.4425,0.97820854,456.78375,218.3405,0.98638797,485.9627,240.85223,0.8392336,450.14413,240.06766,0.90113014,480.81595,245.53758,0.7756335,458.9447,245.64114,0.8324007,475.5265,266.2796,0.981897,459.51083,265.85587,0.9856925,473.02637,305.84497,0.9590047,462.59268,305.37918,0.96496046,467.9719,344.75952,0.9144052,462.3453,343.97165,0.92405367
0.0,0.0,0.11509715,0.0,0.0,0.07936997,0.0,0.0,0.06897963,330.71536,217.22316,0.5107723,0.0,0.0,0.4518759,324.95984,230.71107,0.95790875,346.90182,230.65976,0.96088976,317.219,247.14957,0.84205335,353.14645,247.76695,0.8314805,314.36725,262.71884,0.6516938,354.90317,263.52792,0.6315772,328.8349,261.6463,0.9835481,342.7151,261.76068,0.9840423,329.1052,284.15656,0.9643133,340.76154,284.4338,0.9613019,330.8502,304.93445,0.9371513,339.2757,305.1918,0.9328538
584.6754,215.30971,0.9240909,586.9909,212.88536,0.90041596,582.8994,212.91388,0.8631884,591.6496,214.17809,0.7455516,580.2857,214.54059,0.58316475,594.9891,226.33827,0.9884078,578.35266,226.56253,0.9855666,595.44183,240.07922,0.9114272,576.27264,240.13422,0.87744063,584.97705,239.3174,0.87327737,583.24414,239.42456,0.83964527,592.1248,258.20087,0.9816297,581.0533,258.21915,0.9795002,591.73083,284.2661,0.9333417,582.68823,284.10162,0.9253139,591.63776,306.7846,0.8080417,585.95807,306.63013,0.7924623
0.0,0.0,0.11466225,0.0,0.0,0.101052575,0.0,0.0,0.04837774,638.5983,202.66939,0.6535633,0.0,0.0,0.3648547,633.08734,217.23059,0.96315974,662.69946,216.08112,0.93225276,625.474,236.03009,0.8402826,667.37634,237.33313,0.622316,621.5721,250.8405,0.5881903,0.0,0.0,0.3784663,640.00604,253.68927,0.97498953,658.73486,252.95566,0.96570545,642.5519,284.57916,0.9421403,656.37994,284.23022,0.9155055,644.5827,313.9395,0.8893832,652.83954,313.05655,0.85651624
498.65228,219.63614,0.73543715,500.3109,217.49066,0.67261034,496.92206,217.41795,0.65392584,0.0,0.0,0.48484895,0.0,0.0,0.4477421,506.18857,229.44292,0.95316774,492.3788,229.61832,0.94165784,510.1992,244.02782,0.79028773,493.49646,244.8554,0.74439645,508.75885,255.84224,0.7290877,499.06006,255.92851,0.6909677,503.91296,257.91837,0.96003926,495.34076,257.9954,0.9568132,503.9143,280.47208,0.92232066,497.46225,280.5127,0.91679406,504.38162,301.36777,0.86315614,499.94168,301.75708,0.8563881
