0.0,0.0,0.11146879,0.0,0.0,0.06207877,0.0,0.0,0.055894185,409.46463,182.19678,0.70567685,431.5634,180.19792,0.7361959,399.16226,208.04681,0.9917746,444.76282,204.9214,0.994118,385.65274,246.39432,0.953855,459.7971,244.49248,0.96211404,384.53802,275.3946,0.81434405,459.13654,277.07306,0.8327309,410.8084,271.0743,0.9976472,439.09406,269.59558,0.99808747,418.04437,327.03375,0.9926571,435.81906,325.69467,0.9931958,425.22012,381.81198,0.9727074,434.21597,380.34485,0.97422916
804.65533,210.24481,0.9217735,807.81146,207.10718,0.91140324,801.9528,207.26581,0.7849102,814.1034,208.35109,0.8313372,0.0,0.0,0.42398193,823.2955,225.18765,0.9916658,795.35095,226.18962,0.983916,830.1067,246.8106,0.9630891,794.41846,248.06816,0.84540117,812.4563,250.25455,0.9359716,806.9517,250.83743,0.803085,820.1864,271.31036,0.99008185,802.2478,271.51602,0.9854506,819.20355,308.7584,0.97429276,806.1465,308.68594,0.95659876,815.3166,344.14862,0.93464315,812.2313,343.41376,0.90602803
0.0,0.0,0.36664554,0.0,0.0,0.1615223,0.0,0.0,0.18480314,502.41336,172.57234,0.52264965,523.60913,173.17499,0.55471796,494.69482,201.82298,0.9709217,532.38873,200.90091,0.9742619,486.99237,239.79,0.9177376,540.815,236.71895,0.93251735,489.13525,267.70218,0.8381972,535.8739,270.54114,0.8633405,498.7377,270.2601,0.9907189,523.4222,269.70898,0.9916666,496.3651,317.6254,0.9808601,517.39185,319.29767,0.983835,502.08203,363.71548,0.9425757,514.7196,367.80722,0.9493076
0.0,0.0,0.06618604,0.0,0.0,0.059641037,0.0,0.0,0.025102178,697.10156,206.866,0.6753441,0.0,0.0,0.31490478,692.8143,229.22177,0.9739735,722.1787,229.27507,0.96638596,682.2275,257.25046,0.9105142,731.12836,260.87424,0.8279222,678.0297,273.456,0.73186886,733.8198,282.3773,0.6007599,698.16644,284.7502,0.99375075,716.03107,284.69522,0.9926433,701.1185,326.11752,0.9868462,712.7976,326.53198,0.98188454,707.8439,366.59372,0.96957684,710.22516,365.99847,0.9612388
0.0,0.0,0.07933137,0.0,0.0,0.06353839,0.0,0.0,0.038301233,614.8424,182.127,0.6866553,0.0,0.0,0.47929218,605.4539,208.98708,0.9677471,642.3635,209.09196,0.95328254,595.608,242.70166,0.8076251,649.7975,243.97932,0.6553521,0.0,0.0,0.493056,0.0,0.0,0.34088707,612.04663,272.788,0.98806876,635.16986,273.22424,0.98456895,617.2039,321.65585,0.98002714,630.7082,322.58173,0.9706187,621.64624,369.3256,0.9597455,624.64996,369.81717,0.94585925
0.0,0.0,0.21112828,0.0,0.0,0.16204986,0.0,0.0,0.11228818,659.07666,233.80371,0.57998556,0.0,0.0,0.4244593,654.9596,247.05101,0.9476249,676.9916,247.2522,0.94024646,651.4184,262.0666,0.7325088,682.73,264.33493,0.6721001,651.38007,273.0474,0.5137587,0.0,0.0,0.4598351,659.0916,279.7511,0.97002923,673.71533,279.71634,0.9693989,659.89417,306.3025,0.9540546,674.0127,306.384,0.94987434,663.098,333.5691,0.9368768,674.8811,333.18506,0.9326567
0.0,0.0,0.13460182,0.0,0.0,0.076248,0.0,0.0,0.1091787,0.0,0.0,0.35686055,0.0,0.0,0.49434236,281.86664,244.10432,0.9540902,296.5062,244.67862,0.9633895,276.84842,257.66098,0.71310717,299.0445,258.01163,0.804999,275.9877,266.72333,0.5016047,299.1652,267.6025,0.5928401,284.2962,270.351,0.98230237,293.84775,270.64374,0.9842868,285.84805,292.32202,0.96764886,293.1809,292.30783,0.97185576,286.53333,313.42712,0.9555669,292.20456,313.67545,0.96026117
0.0,0.0,0.1498532,0.0,0.0,0.098042965,0.0,0.0,0.11739146,0.0,0.0,0.28334945,0.0,0.0,0.38125315,578.7282,241.35455,0.8699931,591.83685,240.21593,0.88983047,572.33636,263.21014,0.5563741,594.7852,261.58856,0.6235901,0.0,0.0,0.38749394,0.0,0.0,0.4380887,586.5062,279.35464,0.9488122,593.8056,279.263,0.9533025,589.72797,309.66672,0.9257115,594.5355,309.5437,0.9303151,593.69293,338.25305,0.8777716,595.6825,338.14572,0.88331753
0.0,0.0,0.1592144,0.0,0.0,0.08934056,0.0,0.0,0.16122286,0.0,0.0,0.35374227,261.42773,238.77496,0.6129815,247.33078,247.78632,0.95501,263.57373,248.65314,0.9671532,241.07433,260.493,0.7167659,266.10507,261.14404,0.845314,241.56337,270.17813,0.50677466,265.99182,271.1875,0.64866126,248.39897,272.2581,0.9737864,259.24564,272.562,0.9781487,248.59813,291.13284,0.93806344,259.45456,291.2448,0.95001274,246.94966,308.54422,0.90821016,257.46906,309.04935,0.92210764
58.30294,246.30768,0.8474617,59.579716,244.51906,0.7895302,56.599564,244.55109,0.8090431,61.17894,245.55894,0.555115,53.731205,245.6314,0.6299271,63.817448,255.68745,0.9704991,50.792393,255.76686,0.97228056,65.90256,268.5143,0.8208872,46.156628,268.73904,0.8522641,64.02497,279.3155,0.7615041,46.939297,279.9541,0.79553646,62.93126,279.99582,0.95788556,55.271347,280.1153,0.9596733,62.438942,298.0276,0.88770413,56.4122,298.03482,0.8925706,62.102345,314.4326,0.80022264,57.689117,314.4272,0.80629617
