145.37675,199.29712,0.9507509,147.79819,196.83723,0.85792327,142.81438,196.51128,0.94165134,150.2515,198.88107,0.5176823,137.45917,197.84343,0.87166613,152.9841,214.93384,0.9894673,129.60063,214.17328,0.99745566,158.87628,233.06958,0.9119676,120.11432,233.01065,0.9877357,157.78229,245.41771,0.8837674,115.75936,250.77531,0.9712204,146.12651,253.22531,0.99310666,132.25642,252.95044,0.99678683,141.33354,282.44974,0.979749,134.55461,282.15112,0.98949254,136.5064,308.98575,0.9507945,135.32497,309.1109,0.9693245
606.5382,169.13388,0.8097392,0.0,0.0,0.35011885,599.2759,164.85014,0.80707926,0.0,0.0,0.14437924,582.7078,171.4479,0.8530136,599.3388,201.32753,0.9042385,573.994,208.89268,0.99108255,615.66974,239.21426,0.6390113,577.5277,254.73418,0.97861725,634.3578,267.46616,0.61910814,607.8621,278.78247,0.9502895,598.9121,289.688,0.9755574,587.5974,294.55112,0.99185395,582.373,345.49673,0.9687732,617.52484,356.29678,0.99035966,530.2814,393.9631,0.93051434,599.07544,408.1196,0.9666372
188.00914,202.47705,0.8446715,189.8691,200.19223,0.7828914,186.21643,200.22513,0.7114239,192.97981,200.65927,0.64347845,0.0,0.0,0.46431616,198.86789,212.80309,0.98464847,177.0673,212.54662,0.9834188,203.43164,228.29175,0.9432359,169.79272,225.28148,0.91121143,198.86517,239.45624,0.91101027,167.9906,230.35309,0.8707542,193.32268,246.4381,0.99183184,179.49124,246.26875,0.9912766,192.25177,272.3631,0.98490465,177.27887,272.29056,0.9815097,189.5029,297.20123,0.96849525,173.88228,297.05154,0.9633415
712.17285,205.37881,0.88157433,714.7699,202.64645,0.8762621,710.44836,202.87016,0.6828992,720.9041,202.74054,0.8204473,0.0,0.0,0.31879547,731.7713,216.00444,0.98898435,705.6057,216.43607,0.97682935,739.6325,234.56009,0.960389,700.60114,231.78137,0.83827776,728.65894,243.52356,0.92603344,703.5191,235.6061,0.79193544,726.88116,253.02426,0.98564214,709.9822,252.65208,0.9792965,725.79724,269.2578,0.96493787,704.0482,268.80484,0.9412924,723.8329,299.6495,0.92242736,705.2572,298.61768,0.8866062
0.0,0.0,0.19287969,0.0,0.0,0.10451708,0.0,0.0,0.14064978,0.0,0.0,0.4570764,306.92035,196.74995,0.6075159,291.41748,208.47318,0.9662999,310.95798,208.81863,0.9793631,283.78143,223.64822,0.8388603,315.45605,225.63799,0.9076159,283.00455,233.81157,0.66726273,316.5582,238.40807,0.75786895,295.31293,241.89835,0.9863282,307.42813,242.21332,0.98914623,297.23364,268.99,0.96818817,303.81982,269.24707,0.9720489,300.5946,294.25577,0.93499637,301.5957,294.56033,0.94014823
526.4259,202.43446,0.7038957,0.0,0.0,0.30988201,523.95544,199.8328,0.77249855,0.0,0.0,0.10094447,516.8316,201.63678,0.8340417,520.84625,217.86247,0.8599575,509.25067,219.02667,0.97418875,0.0,0.0,0.3400531,505.96823,242.7656,0.91485035,0.0,0.0,0.30225295,514.08905,260.49472,0.804224,519.6469,258.73978,0.887742,512.5924,259.81357,0.9548604,519.5762,287.87634,0.75105226,511.71396,288.72583,0.8958357,513.62854,312.04807,0.6559225,506.0068,314.28073,0.81041867
0.0,0.0,0.12333707,0.0,0.0,0.07211185,0.0,0.0,0.10984644,0.0,0.0,0.080334865,0.0,0.0,0.18367352,0.0,0.0,0.29364273,847.7626,226.85196,0.5118687,0.0,0.0,0.19618304,843.8168,251.43803,0.5175772,0.0,0.0,0.21592961,0.0,0.0,0.45404336,0.0,0.0,0.38286257,848.10004,272.59103,0.5193688,0.0,0.0,0.3315821,0.0,0.0,0.4607418,0.0,0.0,0.3529808,0.0,0.0,0.45765704
647.57825,186.06642,0.91811013,649.5758,181.85233,0.7309011,643.5114,181.00238,0.89408046,0.0,0.0,0.34294605,631.2761,181.90828,0.80244964,646.5093,211.09569,0.9751219,620.7884,208.93852,0.98132104,658.55334,248.02586,0.85851616,626.6137,247.58504,0.8998291,661.6496,275.54565,0.8089519,645.3541,274.6329,0.83586854,639.0918,283.8072,0.98348814,621.1803,284.22263,0.98547065,649.89886,337.8225,0.9682076,629.60535,338.7192,0.97133565,661.8431,387.8524,0.92895246,636.8232,389.96918,0.93313104
549.2051,200.70981,0.7529362,0.0,0.0,0.39214715,546.0186,198.14244,0.8087271,0.0,0.0,0.12309036,536.8112,200.35226,0.82477796,547.583,216.87439,0.8575199,530.2152,217.51413,0.96681356,0.0,0.0,0.38599628,532.3127,237.63045,0.90001994,0.0,0.0,0.38436353,548.4401,238.46739,0.816994,547.6569,259.4875,0.8829174,536.38306,260.3289,0.9489504,544.79315,295.12445,0.77573353,536.96497,296.2134,0.89877504,536.5262,328.82578,0.6842427,529.88715,331.36108,0.81615615
546.87787,202.95378,0.74532014,547.11786,200.05096,0.54349875,544.30164,200.25648,0.7529963,0.0,0.0,0.21434028,537.38715,201.4636,0.6622888,546.78516,215.6845,0.89489615,531.71124,216.44986,0.9368581,548.7654,234.55988,0.5195228,531.12915,237.18152,0.75346065,0.0,0.0,0.49971163,544.98975,237.59503,0.6832103,549.6027,259.31046,0.91188073,539.07495,260.54877,0.93249184,548.6869,296.3658,0.7605575,539.6354,296.79227,0.80811495,546.4744,330.42868,0.6088636,538.94293,332.07733,0.66007334
