0.0,0.0,0.32736766,0.0,0.0,0.12856556,0.0,0.0,0.13639504,298.23645,135.18217,0.62542033,325.67096,135.51053,0.6808492,279.46616,170.19191,0.9893947,337.1208,172.77585,0.9879269,250.44482,217.31212,0.9651496,357.8315,224.98683,0.95243233,241.07054,253.09648,0.9046053,359.40414,271.08994,0.8833645,289.98895,267.30917,0.99762446,325.6949,268.02914,0.9972556,286.77206,339.0867,0.9927631,313.29205,334.783,0.9916681,293.3773,415.00732,0.96165437,308.00983,404.9492,0.959367
0.0,0.0,0.10610696,0.0,0.0,0.06024614,0.0,0.0,0.09347527,0.0,0.0,0.43014717,83.606674,211.7237,0.59484816,66.3802,225.01982,0.97467095,87.92132,225.67813,0.9795457,59.021793,243.39645,0.7961508,92.97344,243.68353,0.87212443,59.365784,258.39597,0.5708485,92.04514,258.99182,0.67005736,68.27334,259.24677,0.9929745,82.56032,259.40564,0.99378926,68.211655,286.3619,0.98486763,82.939384,286.3484,0.98703927,67.30612,311.6481,0.9719733,81.389656,311.85974,0.9752597
427.76804,155.77052,0.95042235,431.6223,151.88034,0.7627044,422.68378,152.08113,0.93298465,0.0,0.0,0.44248918,409.26477,156.7674,0.89700836,432.2906,189.6746,0.9854634,395.54907,190.22374,0.99682415,443.168,230.63106,0.90603447,379.59515,230.23344,0.9868368,457.87616,275.40784,0.83995366,382.69724,267.67563,0.96379846,425.60687,264.92194,0.9958236,404.80234,266.89322,0.9979456,416.10135,323.08365,0.9897111,412.96057,330.82037,0.995357,400.73984,378.1364,0.9662534,417.53766,389.76556,0.9798493
0.0,0.0,0.19686677,0.0,0.0,0.19458403,0.0,0.0,0.067372255,657.33124,179.21135,0.8886736,673.60614,178.31065,0.5321674,651.5547,201.4541,0.9904723,688.34564,199.6352,0.9866477,643.8848,232.3799,0.93388706,700.4173,228.26045,0.84084934,640.5668,256.9511,0.7530027,693.2468,253.41714,0.57826453,657.29407,254.70985,0.9934896,681.3324,253.72658,0.9919823,654.8692,298.90497,0.9816902,678.8203,298.53525,0.97269577,658.0087,343.03107,0.9529698,679.7557,341.5104,0.93682164
513.46155,174.01343,0.9390387,517.4326,170.57738,0.8682277,509.18985,170.7794,0.88251996,522.47095,174.29779,0.6629958,503.52142,174.638,0.6955004,528.7128,200.34354,0.98193455,495.2848,198.49088,0.9776463,537.66516,230.83742,0.9056927,488.69336,220.2346,0.8917405,531.151,235.73322,0.8251998,503.00482,203.55966,0.8183666,513.0461,267.38928,0.9886579,492.55103,266.6014,0.98749244,507.70096,322.41623,0.98138714,502.7313,323.65427,0.9810952,496.69635,371.33212,0.95304775,503.36182,372.924,0.9526715
0.0,0.0,0.14904545,0.0,0.0,0.08447817,0.0,0.0,0.09700244,0.0,0.0,0.44121394,178.36555,205.7738,0.5141399,162.84724,222.55537,0.9587078,183.86476,222.14784,0.9731014,157.81894,242.49606,0.80895466,189.95872,242.05112,0.8797664,155.09166,256.69028,0.6160951,191.72311,257.48657,0.70170057,167.92392,258.47263,0.9861421,180.96376,258.52777,0.98873967,171.17723,285.7677,0.9697609,179.37549,285.82663,0.9731791,174.30685,310.77557,0.94434273,176.1785,310.54633,0.94864684
0.0,0.0,0.30358413,0.0,0.0,0.108829655,0.0,0.0,0.28830656,0.0,0.0,0.2783379,131.61299,210.9885,0.7804138,114.324135,225.73087,0.95420015,134.8803,226.0443,0.9816751,108.28722,243.60143,0.6852991,140.34259,244.83519,0.91712415,109.67528,256.4481,0.51744026,142.18623,258.3912,0.7839161,116.86139,260.32794,0.98257864,130.16478,260.3262,0.98984236,118.69351,285.6219,0.9696423,127.82353,285.29123,0.98215115,118.30038,308.71033,0.95356214,124.02466,309.2627,0.9684722
0.0,0.0,0.057700053,0.0,0.0,0.061913956,0.0,0.0,0.02419261,0.0,0.0,0.25986397,0.0,0.0,0.07138569,839.49603,216.41827,0.5242933,0.0,0.0,0.30913553,0.0,0.0,0.4658745,0.0,0.0,0.14734393,0.0,0.0,0.33261395,0.0,0.0,0.1288827,838.5323,269.87704,0.61036915,0.0,0.0,0.49132535,846.16156,306.9371,0.57924944,0.0,0.0,0.44474766,0.0,0.0,0.48856896,0.0,0.0,0.39605606
0.0,0.0,0.4111167,0.0,0.0,0.3657873,0.0,0.0,0.20949808,535.93335,182.68976,0.5576102,0.0,0.0,0.23269148,541.3248,201.28287,0.9397331,537.6416,202.04373,0.88199383,550.8371,226.84787,0.8295134,551.6618,228.9938,0.5816348,554.3104,250.19305,0.706436,0.0,0.0,0.47577593,537.9918,250.37257,0.9601409,535.84937,250.49872,0.942772,537.57324,288.32437,0.93255395,536.4694,288.62122,0.90068704,539.8361,325.4276,0.87459636,536.18115,325.19595,0.83603376
0.0,0.0,0.07494865,0.0,0.0,0.038181286,0.0,0.0,0.048045035,0.0,0.0,0.3309366,0.0,0.0,0.48149666,769.91174,217.81027,0.8824011,803.1038,216.51263,0.8693465,762.59595,243.32779,0.5703755,811.79065,241.48586,0.5612615,0.0,0.0,0.32332927,0.0,0.0,0.32249603,779.1314,264.09576,0.93061024,800.73505,263.8452,0.9279281,789.3133,292.08228,0.8905379,807.9107,291.89145,0.88908195,787.31537,327.17963,0.8402207,801.97504,326.95883,0.84026295
0.0,0.0,0.14415047,0.0,0.0,0.07666616,0.0,0.0,0.09268036,0.0,0.0,0.43809628,783.30756,191.99376,0.53126925,756.32367,208.77525,0.92613405,787.4208,211.15329,0.92876446,744.398,235.51656,0.58896375,788.94257,240.10992,0.5938934,0.0,0.0,0.31465995,0.0,0.0,0.30914858,758.6419,261.0445,0.939324,778.7204,262.3887,0.93790853,760.5793,298.0958,0.85836035,777.2943,299.42288,0.848288,764.44257,333.75745,0.7667946,774.54596,335.55957,0.7564629
