0.0,0.0,0.15392412,0.0,0.0,0.14456479,0.0,0.0,0.03516225,375.04337,89.59159,0.84690624,0.0,0.0,0.2786978,360.93176,135.95222,0.9763965,436.65887,129.78712,0.8999737,343.1619,203.82759,0.9008,431.6883,194.41182,0.5554822,359.35666,197.17616,0.7186047,0.0,0.0,0.38298026,376.08603,255.83882,0.990581,427.42065,252.85587,0.9816921,376.13895,369.406,0.98031485,418.9843,367.17316,0.96531326,389.20688,464.34473,0.8995202,422.5088,465.71887,0.86512977
0.0,0.0,0.08327461,0.0,0.0,0.057193175,0.0,0.0,0.04216288,195.77415,196.68416,0.64552534,0.0,0.0,0.49056846,187.74153,214.09727,0.98201513,219.34227,214.32191,0.98506594,176.56773,238.07292,0.9394497,228.43402,236.44307,0.93312085,173.98357,260.66806,0.8234973,228.59868,257.7398,0.79609466,192.52246,260.0911,0.9964581,212.58871,260.39508,0.9966191,195.54417,294.90457,0.99191463,211.0017,295.28394,0.9906742,199.78386,327.54715,0.98056775,210.88908,327.8877,0.97814834
668.6452,109.265656,0.9641823,673.2198,103.19716,0.8018748,660.0037,103.559296,0.96384543,0.0,0.0,0.35332486,640.56836,109.13405,0.92458594,680.36865,150.15538,0.965837,626.9388,155.87016,0.9965024,699.55286,201.23932,0.76482654,632.1093,212.32574,0.9860118,698.42444,205.14919,0.7179218,679.1789,204.62273,0.96354795,674.88696,259.26697,0.98965037,644.5377,264.00235,0.99628085,661.7956,358.19794,0.983703,676.81354,369.61438,0.9947471,620.48486,432.199,0.9423527,680.14685,448.98755,0.9716019
0.0,0.0,0.08584865,0.0,0.0,0.05443131,0.0,0.0,0.045261044,0.0,0.0,0.45339346,0.0,0.0,0.422177,730.9889,216.69969,0.94271225,761.2038,216.68706,0.94288844,722.47675,240.17177,0.80030316,768.1581,241.8865,0.7940977,722.6274,255.50119,0.5866159,766.3625,258.18668,0.58455604,733.8319,263.6215,0.98642516,753.57227,263.30487,0.98675853,733.1629,301.20276,0.98182225,750.80927,301.1166,0.98100924,729.7673,337.19067,0.9698766,745.4068,337.05148,0.9690934
575.38385,175.3687,0.9707898,578.95374,171.4607,0.89326036,569.2628,171.39822,0.9633742,581.39417,175.29782,0.5633401,556.43567,175.97702,0.8822078,586.2578,203.6584,0.97604865,548.0682,206.89607,0.99357754,594.87274,241.04745,0.82974076,542.2712,237.78514,0.97074765,596.2361,243.92694,0.74775296,554.9252,222.89713,0.9266202,582.92554,268.13474,0.99041677,556.812,270.75156,0.9950211,581.1882,325.57336,0.987716,556.58093,333.0397,0.99391806,562.7469,377.30292,0.9736365,540.5554,389.11685,0.98338634
0.0,0.0,0.047679074,0.0,0.0,0.040722784,0.0,0.0,0.020352641,0.0,0.0,0.4040475,0.0,0.0,0.18374245,783.36127,217.47867,0.88877887,806.7111,215.29478,0.82486045,780.1467,236.47574,0.77364486,814.7275,234.40213,0.5903288,781.3966,252.59993,0.56834245,0.0,0.0,0.41768783,791.59503,253.38261,0.97238183,806.5016,252.40791,0.9640666,792.6821,282.39026,0.96456915,803.32306,281.638,0.95084894,796.7227,310.07303,0.9494126,803.3915,308.1853,0.9354675
0.0,0.0,0.21447359,0.0,0.0,0.15176497,0.0,0.0,0.12915869,82.54295,220.18086,0.6331504,90.79702,220.06366,0.5093609,78.485504,230.54144,0.98292416,95.22998,230.47517,0.980885,73.804085,243.67987,0.8501951,101.141335,243.49655,0.8207004,73.670334,255.29413,0.6650316,101.71683,254.92848,0.61752194,81.06858,255.09119,0.9905482,91.68612,255.11935,0.990044,81.99504,274.38205,0.97865796,90.6701,274.09674,0.97738636,83.046814,292.65897,0.96469283,90.66416,292.56448,0.9633793
0.0,0.0,0.12486377,0.0,0.0,0.08524353,0.0,0.0,0.10409216,0.0,0.0,0.13305539,0.0,0.0,0.2001412,0.0,0.0,0.4397524,847.45184,225.24002,0.61245763,0.0,0.0,0.22439542,0.0,0.0,0.43420196,0.0,0.0,0.20670752,0.0,0.0,0.3462004,846.4856,262.4153,0.65410566,848.372,262.55798,0.74131745,846.0135,294.5794,0.63575435,846.927,294.49002,0.71195626,847.6548,325.55112,0.658816,847.1338,325.56024,0.71690947
495.4214,213.4717,0.6314479,497.23657,211.43636,0.6444773,0.0,0.0,0.311192,502.77438,213.34978,0.72837883,0.0,0.0,0.17358255,507.89777,225.97267,0.9744008,496.4908,225.19576,0.92579466,505.08698,240.57227,0.93385714,487.91022,237.57762,0.63545114,492.0723,236.69038,0.8788642,486.36252,232.44165,0.59667397,502.37262,259.39206,0.98220116,494.76337,258.4739,0.9676701,500.80762,284.2894,0.9733927,490.8799,283.7278,0.944727,502.7039,307.99918,0.9477548,491.59845,306.50037,0.9104344
0.0,0.0,0.09363663,0.0,0.0,0.05563694,0.0,0.0,0.06912967,0.0,0.0,0.4313019,253.96893,217.09961,0.5043535,240.4543,228.93669,0.9671414,258.73438,228.71036,0.97153765,236.53035,243.9982,0.77577525,264.20972,243.29648,0.8324757,236.68341,256.23538,0.5255857,264.133,256.0159,0.5910778,243.99861,256.93402,0.9853973,256.68594,256.77908,0.9868019,244.44395,278.42102,0.96215254,256.4844,278.11475,0.96598655,244.5919,297.19684,0.9356223,255.631,296.8171,0.9408595
0.0,0.0,0.124432385,0.0,0.0,0.08995612,0.0,0.0,0.08853565,0.0,0.0,0.45978475,0.0,0.0,0.41944876,140.17302,229.2517,0.94748557,156.65155,229.05273,0.9479079,135.19225,241.98859,0.73761636,161.32251,241.35167,0.74469554,133.83475,251.53946,0.53640765,161.02603,251.1644,0.53765494,142.17184,253.48119,0.9775187,153.01318,253.2421,0.9779823,141.9027,273.41513,0.95763457,151.14648,273.07254,0.95823056,142.01578,291.8325,0.93318313,149.84511,291.40167,0.93426067
0.0,0.0,0.1192012,0.0,0.0,0.12285145,0.0,0.0,0.046881188,304.5603,209.19225,0.67389995,0.0,0.0,0.2683334,302.14227,220.8853,0.96011704,321.8389,219.82732,0.9171468,299.46765,236.93777,0.86700624,327.78934,234.69102,0.61339235,299.29663,248.20758,0.6766077,0.0,0.0,0.42172888,305.9244,250.66284,0.9845595,319.09988,250.29665,0.97628206,306.6481,275.7397,0.979418,317.7913,275.83194,0.96455914,307.8752,300.96213,0.9690066,318.21646,300.02985,0.95306116
0.0,0.0,0.10359591,0.0,0.0,0.06856025,0.0,0.0,0.08372367,0.0,0.0,0.34514323,0.0,0.0,0.42010954,115.09974,231.69603,0.9077522,128.17523,231.4226,0.92165387,110.421165,243.73497,0.60090905,130.8291,243.27441,0.6851925,0.0,0.0,0.38850072,0.0,0.0,0.45348132,116.53194,254.32828,0.9541194,125.37198,254.21396,0.95870596,116.41325,273.04346,0.9346368,124.97441,272.87582,0.9411785,115.77896,290.60947,0.9202897,123.76355,290.41675,0.9268957
