0.0,0.0,0.07212749,0.0,0.0,0.037230764,0.0,0.0,0.053231847,285.5144,207.29407,0.5596368,303.8745,208.17006,0.7032298,273.85062,227.87677,0.9808476,312.34586,229.6508,0.98714334,261.17715,255.24672,0.8866364,326.98825,258.603,0.92572457,259.479,278.41293,0.6603898,329.03763,280.862,0.7206874,279.73422,282.7356,0.9942655,302.7741,283.72726,0.99522084,287.44495,322.42792,0.9835818,299.30487,323.52438,0.9846466,291.6235,361.50662,0.9587934,291.86038,363.34683,0.9601376
0.0,0.0,0.4060765,0.0,0.0,0.09155654,0.0,0.0,0.37042373,0.0,0.0,0.2787561,214.96063,172.50906,0.8207092,178.9496,199.24275,0.9520003,217.65857,204.3558,0.9873131,162.61841,244.25067,0.8149206,231.33678,248.08781,0.97137207,169.21011,278.31058,0.7053351,236.15347,280.21182,0.919664,190.8876,279.78787,0.9899548,213.74338,282.11447,0.9951609,207.8943,331.6843,0.98129714,215.03418,335.43344,0.99148625,200.06264,377.0961,0.9523202,193.95468,385.39075,0.9708839
0.0,0.0,0.09018061,0.0,0.0,0.03680018,0.0,0.0,0.0674608,0.0,0.0,0.46130732,366.53867,195.20055,0.7639302,339.13754,216.74408,0.9621701,378.10974,215.07552,0.9796525,332.83813,244.51903,0.70993644,393.0219,241.25778,0.87573975,0.0,0.0,0.41508287,390.1423,257.8099,0.60752714,348.3057,274.9892,0.9905628,375.19342,274.2859,0.9935282,344.503,318.06824,0.98655117,374.05,317.20828,0.99009156,342.5997,362.8291,0.97662896,373.69376,362.074,0.9812041
0.0,0.0,0.15264034,0.0,0.0,0.037002116,0.0,0.0,0.18079592,0.0,0.0,0.25065514,565.4206,193.64676,0.8825036,539.2751,214.93147,0.96230656,571.91907,214.57896,0.98873746,529.75806,241.08049,0.6881499,583.68317,240.2968,0.9486534,0.0,0.0,0.44876495,587.39,250.72372,0.7951273,547.0784,269.31906,0.9906893,568.37756,269.16113,0.99520016,551.0304,309.6088,0.98142886,567.0524,308.9419,0.9901777,546.9179,347.0613,0.9612345,558.6243,347.35632,0.9753515
0.0,0.0,0.13677807,0.0,0.0,0.072299294,0.0,0.0,0.09168931,0.0,0.0,0.39767033,690.26324,200.24486,0.55225617,672.4558,216.88069,0.9543099,696.37805,215.54356,0.969522,669.0636,238.8338,0.78188807,701.8354,236.83786,0.8694013,669.30756,259.18686,0.56356674,703.9252,256.27286,0.67296934,678.56726,255.2906,0.9826193,693.9895,254.81122,0.98664653,681.40533,285.84418,0.958137,691.82904,285.40225,0.9659245,684.6751,314.30295,0.92050487,691.1288,313.9366,0.93126076
523.5887,200.36673,0.8818779,525.6426,197.78284,0.7074765,521.04266,198.17923,0.8752161,0.0,0.0,0.37408146,516.7108,200.44913,0.8099255,532.0443,215.39543,0.96573746,510.6306,216.68977,0.9906544,532.0006,232.9551,0.73652196,506.1943,235.32845,0.95792526,530.1803,241.96501,0.6787102,511.03714,243.77313,0.9094814,529.5556,255.34015,0.9800481,515.55896,256.06363,0.9904281,529.87476,286.80093,0.9614048,514.52026,287.18234,0.98080516,529.7664,316.8491,0.93125737,513.4632,317.40762,0.9586856
488.15546,212.79399,0.8288099,490.30945,210.4921,0.670395,486.1344,210.16994,0.7932752,0.0,0.0,0.35807198,481.6959,211.50783,0.6435405,497.21164,226.56487,0.93963677,475.3014,225.78836,0.97248954,502.57513,241.55653,0.74289834,471.92368,241.14326,0.9075371,497.7402,239.54123,0.7067306,482.5026,239.55798,0.8556233,495.52966,262.4105,0.9684179,480.77167,262.46783,0.979391,497.8913,291.733,0.9550588,480.32904,291.52457,0.9689724,498.94797,318.77502,0.9388067,479.3051,318.282,0.95348996
0.0,0.0,0.14542545,0.0,0.0,0.12813014,0.0,0.0,0.061358728,645.77673,212.29927,0.53802013,0.0,0.0,0.2447703,643.2796,226.09962,0.9390661,663.3358,225.42398,0.9163177,638.24854,245.2672,0.8095744,666.89825,245.13206,0.6607975,633.1203,258.42618,0.6314013,0.0,0.0,0.4852634,646.13135,263.12457,0.97795016,659.106,262.53958,0.97432035,645.7376,293.012,0.96712476,655.957,292.76807,0.9573999,648.79553,323.19235,0.95097077,654.5235,322.4047,0.9409575
0.0,0.0,0.15591553,0.0,0.0,0.17328198,0.0,0.0,0.068172745,0.0,0.0,0.2678957,0.0,0.0,0.056933157,0.0,0.0,0.34309494,0.0,0.0,0.17632715,0.0,0.0,0.3381147,0.0,0.0,0.08897839,0.0,0.0,0.29117954,0.0,0.0,0.10072752,0.0,0.0,0.2841024,0.0,0.0,0.20148796,0.0,0.0,0.25222903,0.0,0.0,0.16465451,0.0,0.0,0.16908023,0.0,0.0,0.12128705
0.0,0.0,0.18972586,0.0,0.0,0.07197404,0.0,0.0,0.17836651,0.0,0.0,0.1180535,0.0,0.0,0.47234568,150.22017,218.35593,0.71949106,157.82101,220.28867,0.8355647,0.0,0.0,0.2969485,149.26181,240.87595,0.57582027,0.0,0.0,0.22369951,0.0,0.0,0.403617,149.94461,263.1142,0.8737733,155.26804,264.5865,0.907105,148.87404,297.97537,0.85219806,154.0458,299.41284,0.88964576,148.88416,329.5693,0.8188883,153.12526,332.0404,0.8542876
0.0,0.0,0.28655556,0.0,0.0,0.2790339,0.0,0.0,0.12894514,0.0,0.0,0.46518093,0.0,0.0,0.13357505,406.4737,225.00854,0.823033,402.93552,224.58893,0.644768,411.3114,245.32657,0.5851653,0.0,0.0,0.23691773,0.0,0.0,0.44548225,0.0,0.0,0.20457321,407.39035,261.17044,0.8559066,405.38425,260.8685,0.7878168,406.09845,292.9228,0.85677695,404.1084,292.7821,0.7812556,411.08154,323.3898,0.8310286,408.11255,322.3508,0.76858467
