493.8827,168.30118,0.87107545,0.0,0.0,0.45646092,490.56525,164.06815,0.884347,0.0,0.0,0.1841494,477.84302,164.97476,0.88018984,485.13828,190.13164,0.9134427,459.18594,190.91913,0.9940859,493.9088,220.30518,0.6663312,457.10315,222.55388,0.9859853,506.6329,209.84201,0.6525315,496.4136,214.48965,0.9619229,478.78662,257.5808,0.97738796,465.68347,261.00827,0.9934863,467.026,308.94708,0.97303087,489.89212,317.5618,0.9923977,451.9692,359.25772,0.94728506,506.49487,374.1652,0.9762315
263.86703,203.7116,0.9635152,267.30096,200.92111,0.9200804,260.71628,200.44505,0.9418275,271.36203,203.86388,0.67751765,254.9203,202.48856,0.79919255,274.75787,222.87253,0.9934865,245.99954,221.31007,0.99706835,285.39203,241.85298,0.9538678,228.24815,239.69789,0.9812122,289.51785,254.71783,0.92925334,218.93503,257.5062,0.9609371,264.17548,268.27307,0.99395907,247.3115,267.58728,0.9960258,260.5894,301.53934,0.9754719,253.72012,301.05078,0.9813938,250.7499,333.65076,0.9273763,251.54509,333.3716,0.93987256
0.0,0.0,0.204942,0.0,0.0,0.23366205,0.0,0.0,0.05110819,529.4365,158.6958,0.8855385,0.0,0.0,0.33234635,526.35266,181.91158,0.9893183,555.8139,182.41354,0.97454405,517.7248,209.88359,0.94536954,561.2306,217.29712,0.74340886,515.3468,221.97461,0.7961974,554.37683,238.81496,0.50660783,527.9522,245.0573,0.9945872,547.88196,244.29019,0.9916142,518.64624,290.78607,0.98913306,539.8803,290.6219,0.97959626,519.8694,334.96988,0.97198606,540.18994,333.50006,0.9557576
612.0284,209.40157,0.6443112,0.0,0.0,0.22726639,609.8124,206.63673,0.7114049,0.0,0.0,0.08397793,602.0365,207.82774,0.82243454,604.52216,221.0182,0.93413436,592.6297,221.74214,0.9922644,608.4675,239.12454,0.6848087,587.11273,242.4753,0.9859428,618.29974,255.60175,0.6757435,590.3786,262.34055,0.9632103,599.11035,261.6726,0.9876559,592.21857,262.32233,0.9962618,594.2126,290.53085,0.97195375,589.75476,290.90366,0.9912547,593.46136,316.09818,0.946743,588.6432,318.1413,0.9776414
743.5102,115.05495,0.8995803,0.0,0.0,0.4044661,736.64044,108.72434,0.92241806,0.0,0.0,0.09009651,712.5225,119.4871,0.92367584,722.67816,170.05394,0.8977058,689.35187,171.84674,0.98937535,727.9735,233.86278,0.6499843,691.56976,238.53722,0.9778496,747.72,207.45366,0.6307217,738.28436,219.92378,0.9495522,719.0248,303.4913,0.94396627,693.4768,306.20673,0.9802762,719.53827,411.03384,0.74619216,690.72217,417.61823,0.89226574,0.0,0.0,0.29827774,0.0,0.0,0.43323848
815.04144,108.56548,0.8949735,816.44604,103.74666,0.5317307,809.0235,103.00428,0.9235753,0.0,0.0,0.15467933,792.4786,110.82769,0.9003451,811.4161,154.39853,0.8648155,776.8849,150.7839,0.9856742,816.4208,195.20598,0.51716787,775.13043,212.33595,0.9632999,0.0,0.0,0.4836602,823.8275,248.93234,0.9188488,814.042,254.95953,0.9590872,787.85754,254.06671,0.98638064,818.5126,344.999,0.9409075,789.91364,341.82822,0.98078525,808.91583,418.94208,0.85632634,767.38763,416.61328,0.9253488
341.59604,210.0215,0.83174855,342.4207,207.3975,0.5510696,339.25702,207.26193,0.8461841,0.0,0.0,0.21185002,332.1428,208.05064,0.8184907,339.75964,223.63255,0.94316196,324.3099,223.35098,0.9865566,343.65735,242.14435,0.60137105,318.768,243.71262,0.93809474,346.24243,254.67146,0.5525485,323.7876,258.96152,0.8701508,337.59628,262.315,0.9689246,328.0807,262.81677,0.98593485,336.63266,294.2599,0.9419521,329.12204,294.7707,0.9725814,333.60483,325.5428,0.91712403,327.78238,327.03604,0.9520671
97.245804,211.48392,0.8837486,98.98099,209.45491,0.77705437,95.39877,209.55469,0.83490026,100.85953,210.60284,0.5404273,91.88363,210.69273,0.6933878,104.471825,222.02007,0.97950417,86.322075,222.30238,0.9884272,108.908615,235.2954,0.8689918,79.381165,235.5179,0.9370931,108.507164,246.89894,0.81702673,79.240814,247.7033,0.88933724,99.65507,250.12837,0.9858614,88.4305,250.17654,0.9896438,97.625175,271.67035,0.9726185,85.91035,271.53177,0.97830814,96.445175,292.06393,0.95553005,86.04967,291.99014,0.9622441
746.127,118.28024,0.89885527,0.0,0.0,0.33587345,738.4028,111.20123,0.9554606,0.0,0.0,0.022283236,713.6969,118.735115,0.9637616,723.6353,162.92314,0.8645339,695.1787,169.5119,0.97851527,0.0,0.0,0.26738545,692.6053,238.1552,0.9307176,0.0,0.0,0.27235577,735.44403,216.94164,0.83440334,727.2779,288.58047,0.7703719,707.61554,294.1514,0.904316,0.0,0.0,0.112509556,0.0,0.0,0.29705083,0.0,0.0,0.01823959,0.0,0.0,0.046474997
124.70624,208.9909,0.76407343,126.38042,207.1114,0.65527683,123.58734,207.09566,0.6258795,128.9811,208.27052,0.5347321,0.0,0.0,0.47278744,132.75494,218.94601,0.97176605,118.00649,219.32126,0.9723244,136.2223,231.23036,0.883138,115.59726,231.58537,0.8622155,131.49513,239.8119,0.8328659,118.62411,237.87471,0.80504316,130.08595,246.33405,0.9840456,120.777664,246.56554,0.9839643,130.09642,267.87173,0.974703,121.48467,267.96616,0.9724725,130.74016,287.8044,0.95790434,122.797066,287.73334,0.9553302
373.82993,211.9907,0.5167607,0.0,0.0,0.28698623,372.32382,209.85074,0.56442916,0.0,0.0,0.15278302,367.37146,210.32281,0.6470492,367.51498,221.50546,0.8868027,362.3148,221.36809,0.9416192,0.0,0.0,0.49574515,361.9287,236.76138,0.82792705,0.0,0.0,0.4511813,370.14615,245.21478,0.7316041,364.31912,251.48773,0.9434829,361.80817,251.72923,0.96051735,364.13788,278.14478,0.8972392,362.3644,277.8196,0.9322997,360.2569,302.56332,0.85198486,357.7947,303.46793,0.89254564
843.8229,158.69731,0.534371,0.0,0.0,0.24493437,839.32367,152.0469,0.57974374,0.0,0.0,0.07682541,832.9365,154.4459,0.52372384,0.0,0.0,0.46737412,823.6769,190.0181,0.8017655,0.0,0.0,0.13046761,811.758,244.53654,0.6819664,0.0,0.0,0.1504205,837.604,266.38263,0.5499819,830.1037,291.2105,0.5444893,813.012,290.66574,0.7408451,0.0,0.0,0.468415,820.12915,337.87967,0.70117164,0.0,0.0,0.37561545,782.59076,409.39713,0.56815016
