0.0,0.0,0.109633885,0.0,0.0,0.051896434,0.0,0.0,0.07388056,0.0,0.0,0.3817987,417.21088,192.07574,0.58123314,389.6738,213.16951,0.95348895,423.11978,213.14735,0.96184444,381.9832,242.31606,0.7975687,429.93307,239.1092,0.8439747,383.46094,264.68582,0.5800342,425.99478,254.7674,0.63259506,393.30728,266.30237,0.9884509,414.90295,266.45355,0.9895762,396.61374,304.28247,0.9826179,411.20996,304.5994,0.9833255,400.6696,340.33102,0.9691348,410.19147,341.48233,0.96985507
0.0,0.0,0.12827751,0.0,0.0,0.084083475,0.0,0.0,0.07695463,489.04507,218.15887,0.6352177,502.33658,217.98813,0.59553117,481.54233,234.21875,0.9697697,511.78137,233.87596,0.97360545,471.9908,255.09476,0.84162885,520.85175,254.17473,0.853962,470.99683,274.1438,0.62217355,523.60815,273.7245,0.63151944,488.00833,272.34763,0.98870313,507.06342,272.3814,0.98900336,488.5658,301.61798,0.97933275,505.27917,301.70856,0.9773744,490.84488,330.752,0.96439093,503.55356,330.30945,0.9614771
0.0,0.0,0.18132503,0.0,0.0,0.18372984,0.0,0.0,0.06429698,662.87,203.3279,0.7921429,0.0,0.0,0.3578685,659.4504,220.67409,0.9840571,683.28534,219.89857,0.96937525,654.8025,242.37172,0.931639,690.49866,242.70496,0.7742749,652.54205,255.23962,0.7857593,686.6902,256.74805,0.56118935,661.598,263.39258,0.9916426,677.05566,262.81863,0.9881861,662.6139,298.27222,0.9812718,675.0538,298.315,0.96959966,664.83356,333.18274,0.9580886,673.97394,332.40823,0.94002634
197.08958,162.38591,0.9695879,202.11365,158.22981,0.93722785,192.10754,158.41216,0.9073509,209.79831,161.35059,0.8209347,185.75809,162.24203,0.6785426,218.91405,190.03943,0.99526215,179.75027,190.57074,0.9898811,228.99478,222.0955,0.9783612,172.02615,223.87653,0.9410465,211.71227,201.5605,0.9533691,176.31448,213.20369,0.9055695,211.2546,260.8528,0.99680907,185.67883,260.5065,0.99512047,209.83005,321.37085,0.9929697,191.94423,320.5341,0.9899565,212.75255,370.52005,0.9725495,199.74326,369.3436,0.96646345
0.0,0.0,0.042601064,0.0,0.0,0.022023987,0.0,0.0,0.030711971,0.0,0.0,0.29841596,0.0,0.0,0.48722503,523.4285,225.32576,0.90635586,551.2311,223.0577,0.94036144,521.01154,245.76944,0.65757924,561.7401,240.96419,0.8186586,0.0,0.0,0.41120243,558.4014,253.18066,0.5784227,531.31055,265.1993,0.98501205,550.0462,264.4462,0.9887827,533.3393,297.9105,0.98136675,550.78094,297.2133,0.98540133,536.84985,330.91528,0.9729409,553.17303,329.69006,0.9770686
752.3624,174.06511,0.9637406,755.87445,170.51233,0.8316037,747.6916,170.13455,0.9518338,0.0,0.0,0.42749572,736.4114,172.62053,0.86893076,759.10913,199.90297,0.9677664,724.15375,199.56898,0.9940578,776.6759,226.69978,0.8572758,705.7572,232.64734,0.98246336,794.1809,245.31277,0.8440787,700.96747,265.4273,0.968054,749.28296,258.6009,0.97949994,729.04803,259.50092,0.9910382,751.2612,307.5834,0.9563161,739.97614,312.5772,0.98139036,738.7886,349.04962,0.89214355,732.14856,360.6565,0.9355576
244.1421,192.57333,0.88966525,248.26216,189.0047,0.89637166,241.29742,188.99461,0.67435664,255.75224,191.10254,0.8440345,0.0,0.0,0.25548735,266.0792,211.69637,0.98507476,233.60188,212.6564,0.94539744,273.88794,237.38834,0.9355323,231.25443,236.65378,0.56351876,250.35092,233.85307,0.87768996,233.14478,230.41434,0.5278679,255.31252,265.9411,0.9802551,234.12589,265.8584,0.9598837,253.84592,310.81067,0.9604588,236.96062,310.9347,0.91043067,254.07365,352.48685,0.90870446,243.06355,351.72867,0.8358601
147.89423,188.85287,0.9073574,151.59953,185.33806,0.86548424,145.44464,185.52463,0.8372124,159.12181,188.94362,0.6547495,143.02417,189.37242,0.5403635,169.56126,212.43666,0.9724243,137.99141,214.06491,0.9766069,177.09978,239.43124,0.8658074,133.9401,243.95265,0.8747708,171.10875,260.26062,0.8110613,136.86784,269.70752,0.8144322,165.15166,265.52853,0.979906,144.64037,265.9803,0.98157597,166.8839,304.16922,0.9678119,144.62852,304.11267,0.96745235,167.332,341.14215,0.9453639,147.34756,340.30975,0.9445269
0.0,0.0,0.15467456,0.0,0.0,0.06845251,0.0,0.0,0.17596999,0.0,0.0,0.19962911,649.51086,210.74779,0.62261057,632.1839,221.92433,0.8706765,648.63165,222.87767,0.926542,0.0,0.0,0.44239822,648.68835,240.89334,0.73030597,0.0,0.0,0.28772625,649.92145,255.19579,0.50399536,637.19904,254.30658,0.9388827,647.1847,255.30048,0.9545406,639.0141,280.73764,0.8935102,646.6948,281.34283,0.9217116,639.87537,305.55096,0.8512033,645.056,306.98495,0.8810003
0.0,0.0,0.065241896,0.0,0.0,0.03757388,0.0,0.0,0.063262135,0.0,0.0,0.30072507,0.0,0.0,0.4866963,441.1861,226.13335,0.9206542,464.77417,227.6891,0.9392276,433.32294,240.24413,0.60594535,468.48355,242.14845,0.7408271,0.0,0.0,0.37727273,0.0,0.0,0.48894703,444.07544,255.76282,0.97567433,459.2592,256.56647,0.9789916,445.89484,281.34512,0.95635605,460.52997,281.91602,0.96355635,447.12985,305.58264,0.93482447,459.06506,306.49673,0.9433738
