0.0,0.0,0.19678034,0.0,0.0,0.20032638,0.0,0.0,0.05730097,599.57294,193.29521,0.8428064,0.0,0.0,0.3176709,594.9936,213.5616,0.98372686,624.6351,213.02008,0.9641275,587.2308,243.03297,0.94286907,629.51575,237.54903,0.7439929,580.20447,267.44455,0.8266673,619.6237,257.24667,0.5432937,596.891,262.61478,0.99347466,617.5648,262.18524,0.98938596,590.7053,299.57242,0.9895314,617.6158,299.54025,0.9791215,594.4359,336.81375,0.9781237,625.8617,336.0134,0.9635106
0.0,0.0,0.158851,0.0,0.0,0.06920069,0.0,0.0,0.12388608,127.6777,190.83705,0.5395859,144.44429,191.21289,0.77162313,117.71908,211.39317,0.98322326,151.32643,212.43968,0.9924739,107.12484,236.82231,0.87895346,157.10187,239.66243,0.9545834,110.499176,254.0742,0.6973411,159.30263,260.9944,0.8253047,123.55859,261.04453,0.9962883,145.3646,261.49408,0.9974923,124.35719,297.79684,0.99292785,139.86688,297.93405,0.9943954,127.42075,333.87582,0.98515356,137.84435,334.51767,0.9872212
794.2672,145.39552,0.56871325,797.12335,139.94809,0.67403764,0.0,0.0,0.15218003,805.5742,142.75162,0.91049737,0.0,0.0,0.18816146,800.7142,175.92809,0.9852128,843.40027,173.5762,0.79997236,778.24445,222.89551,0.95829445,0.0,0.0,0.34442216,756.3231,258.3056,0.8744248,0.0,0.0,0.32455182,810.34,263.82358,0.967574,836.32983,263.0561,0.8866491,820.72455,326.48508,0.9377001,840.1764,328.85638,0.8154043,836.79785,386.82288,0.806271,842.72284,388.4365,0.6628112
0.0,0.0,0.29624355,0.0,0.0,0.09555464,0.0,0.0,0.2806151,0.0,0.0,0.36472404,97.62223,191.96828,0.8513265,70.634384,210.10048,0.9733655,101.02204,212.40594,0.9872844,60.664303,234.18864,0.73307145,106.40013,238.50809,0.90631706,61.099464,255.50043,0.516082,109.26218,258.59467,0.7214792,73.045685,261.11737,0.9906254,92.79573,261.98462,0.9937476,71.90245,296.5253,0.9849162,87.738266,296.97043,0.9894121,76.193436,331.5736,0.9734413,87.72664,333.71072,0.9792885
289.9602,189.34299,0.95655274,293.0195,186.25911,0.90712446,286.70612,186.24277,0.92283136,297.32703,189.6427,0.67992854,281.5394,189.37234,0.74861157,302.64215,211.51968,0.9920318,274.54352,211.50352,0.99539113,309.90005,236.96455,0.93866426,265.57553,236.54297,0.9657882,314.91064,262.80264,0.9001361,264.3608,262.1564,0.93189156,298.03918,260.23306,0.9928114,280.47647,260.49097,0.99476683,296.9052,297.81323,0.9773611,281.46024,298.0375,0.98133034,293.82355,333.05923,0.941217,280.55692,333.335,0.94816446
0.0,0.0,0.111356616,0.0,0.0,0.095754854,0.0,0.0,0.038075145,187.92784,188.76526,0.6860168,0.0,0.0,0.30025616,185.23021,208.32547,0.960166,217.48192,206.86374,0.942652,176.8582,234.71939,0.8746252,225.52147,231.69722,0.74951315,174.09573,253.46542,0.698596,219.64714,253.32297,0.5438605,191.38454,258.14633,0.9880812,212.34521,257.0333,0.98491085,189.1726,294.81125,0.9829966,209.0374,293.76535,0.97554624,191.29187,333.489,0.9680563,207.93935,331.01352,0.9584897
0.0,0.0,0.06822346,0.0,0.0,0.04864368,0.0,0.0,0.026804311,724.23395,158.33304,0.8036275,747.99084,158.31404,0.64837545,712.1227,185.46889,0.98786944,760.4145,187.51134,0.985002,697.29926,218.97313,0.90523636,766.8756,228.39522,0.8430429,702.12573,236.82349,0.6231164,760.6088,253.51393,0.5121606,716.07477,260.49866,0.9963813,748.98175,260.9422,0.9959764,709.33997,316.8392,0.9921198,747.57416,317.66702,0.98961055,702.3788,372.2695,0.97715116,742.6943,372.89224,0.9721692
353.29626,200.51003,0.87603515,355.32886,198.01147,0.75403,350.89865,197.67888,0.8063706,357.7933,201.02608,0.52315587,346.5627,199.9954,0.6534685,359.6539,218.28754,0.9765612,341.87146,217.95337,0.9856124,361.92578,235.84317,0.86323893,334.29092,239.66266,0.9147917,359.4888,237.58269,0.81989115,333.1932,253.42676,0.8623493,355.25244,258.64908,0.9906324,344.73788,258.41663,0.9924402,352.67368,293.7782,0.98925483,347.81033,293.4146,0.99020326,347.1122,329.29913,0.9821852,345.7549,328.68756,0.9833726
0.0,0.0,0.16897008,0.0,0.0,0.08417946,0.0,0.0,0.06845717,0.0,0.0,0.4784539,0.0,0.0,0.39932773,403.08688,192.06375,0.9547664,448.03668,187.25772,0.94986343,394.05682,231.81903,0.8919617,464.55194,219.28758,0.8735184,398.20563,249.6869,0.78279954,468.3444,234.9992,0.7688505,414.95456,263.34695,0.9932853,443.62476,262.36304,0.9926392,419.86243,315.2074,0.9914272,443.71448,314.4534,0.991327,419.0966,367.2007,0.97794914,438.6133,367.19653,0.9786542
251.13878,205.19777,0.6691459,0.0,0.0,0.3819412,249.4314,202.58937,0.6593541,0.0,0.0,0.26366082,244.36131,203.64476,0.73437333,244.53467,218.39966,0.91751575,240.07063,217.90549,0.9636611,242.17186,233.07468,0.53497785,240.2245,234.00989,0.834335,0.0,0.0,0.46066383,244.77649,242.28699,0.7165153,240.1015,252.97029,0.9540127,237.32353,252.86984,0.97111994,239.13553,281.35544,0.94819206,237.19652,281.1789,0.9670194,240.03247,309.49942,0.9389733,236.31233,309.86386,0.9558835
665.2283,207.3127,0.9002055,668.0693,204.41481,0.8394247,662.5641,204.76521,0.84801567,672.89606,206.2283,0.6081725,659.0535,207.14717,0.6340313,679.2045,222.61212,0.9609861,654.5853,224.726,0.97118664,685.47815,241.17415,0.7734314,651.2851,244.75441,0.8352806,683.8877,256.2439,0.69782466,655.8832,258.56805,0.7515514,678.1694,260.63397,0.9292093,662.3988,261.8947,0.94088596,680.7649,288.93613,0.8411427,665.8754,289.8248,0.8599728,681.52216,313.95447,0.74283487,669.251,314.5085,0.76335794
