0.0,0.0,0.41414362,0.0,0.0,0.15361215,0.0,0.0,0.27925032,0.0,0.0,0.47835296,158.12283,147.93497,0.7874993,110.341896,180.42767,0.97067934,164.03319,182.44678,0.98319054,97.69618,233.3534,0.8782646,174.11621,227.33662,0.92586076,98.81576,277.0906,0.7689073,165.6826,250.70613,0.83184147,117.986916,272.83163,0.9916477,153.98477,274.3554,0.9929133,123.07572,342.6104,0.99059653,161.05426,340.36588,0.9918548,127.560684,413.1645,0.97440344,164.4391,404.40692,0.97708637
0.0,0.0,0.14977129,0.0,0.0,0.056256637,0.0,0.0,0.121631764,359.61145,211.89505,0.5373276,376.52094,212.56065,0.82819855,347.62036,232.16649,0.98336375,383.0208,232.52367,0.992046,339.2318,261.21698,0.8434205,396.68723,257.05887,0.9386757,339.58688,283.36313,0.6044639,394.7325,272.48376,0.7496473,352.73953,284.09076,0.9926178,376.4638,284.6702,0.9948272,349.4556,319.8172,0.9751567,378.26935,320.4706,0.9803099,345.77417,354.3901,0.93920887,376.06714,356.07657,0.9480353
0.0,0.0,0.17793924,0.0,0.0,0.054820694,0.0,0.0,0.16299032,0.0,0.0,0.433457,622.6979,197.05139,0.86933136,597.40894,218.28918,0.9846771,627.98846,217.84045,0.99405104,590.1988,246.03906,0.8580043,635.4882,246.25586,0.96019936,592.5938,269.02908,0.65140975,637.2914,271.51892,0.8298066,604.5478,270.39948,0.9959229,626.1787,270.4829,0.99750084,604.9944,309.7515,0.9890666,632.3159,309.4704,0.9924924,604.83136,347.14365,0.9742304,636.965,347.75006,0.9801604
0.0,0.0,0.16676722,0.0,0.0,0.03605339,0.0,0.0,0.18110524,0.0,0.0,0.1834363,470.3278,185.92662,0.85772085,439.7718,212.85071,0.9566015,475.90414,208.7463,0.9903606,434.6777,252.09702,0.6990599,492.8456,230.38742,0.9681238,439.83383,259.7232,0.5044046,491.10986,214.55518,0.8665263,451.3517,275.48242,0.9864828,474.4017,274.53284,0.9943025,457.2348,317.5692,0.9536885,471.79764,316.5746,0.980283,458.46112,357.01114,0.872583,464.6498,357.26956,0.92955035
555.32513,203.33107,0.93086165,557.7222,200.50836,0.8732031,552.5272,200.67004,0.88369393,561.36456,202.11803,0.6426228,547.658,202.34818,0.69884,566.5731,218.72804,0.9886085,541.23505,219.49754,0.9924913,572.4445,238.9396,0.91998446,535.2839,239.87793,0.9405546,576.5706,258.38937,0.86601096,532.80194,254.35556,0.88586724,564.06744,260.6057,0.98924106,548.22125,261.30325,0.991231,566.4361,293.1868,0.96558774,549.78204,293.7544,0.9688793,567.55927,322.49222,0.92260015,551.1281,323.0776,0.928565
0.0,0.0,0.07964008,0.0,0.0,0.045011185,0.0,0.0,0.055121817,0.0,0.0,0.46238485,705.9258,203.53304,0.5677633,685.60187,217.6813,0.96468085,711.5958,217.58922,0.97427666,675.7572,235.62915,0.8308189,719.07526,235.80602,0.87601167,674.1988,250.46901,0.6082365,719.72015,249.96231,0.66403204,690.35895,252.91197,0.9903296,707.02026,253.15782,0.9917568,692.0899,279.22903,0.9804397,706.8159,279.68338,0.9814633,693.34515,306.68088,0.96528906,705.2263,307.30283,0.96619684
280.34738,210.85103,0.82818377,282.92078,207.46729,0.8190037,278.45642,207.84357,0.5676586,290.14432,207.3912,0.7656507,0.0,0.0,0.23506944,301.0428,223.19994,0.9811071,278.1653,227.01836,0.95489126,310.32642,243.27664,0.94123286,275.67264,253.96642,0.73615646,302.7636,261.56903,0.90113306,274.90067,282.50043,0.6986522,299.95258,268.7062,0.98946476,285.98718,269.96182,0.9830157,299.10788,304.82034,0.98734933,287.10583,305.7255,0.9762889,299.33603,339.6051,0.97545695,290.27466,339.70554,0.96052086
0.0,0.0,0.17354545,0.0,0.0,0.19033793,0.0,0.0,0.05116041,215.52576,213.37486,0.69846386,0.0,0.0,0.18470296,214.36087,227.80286,0.956973,233.53804,226.38773,0.8709891,209.10117,247.54445,0.8636413,0.0,0.0,0.42577642,206.10004,258.6085,0.6726729,0.0,0.0,0.29399613,222.8309,264.17868,0.96755445,236.09264,263.78564,0.9406491,225.95805,290.13922,0.94438696,238.8784,290.1579,0.8910141,230.45187,317.24707,0.9022756,243.05669,315.91077,0.84374076
0.0,0.0,0.17485152,0.0,0.0,0.09847997,0.0,0.0,0.11815154,0.0,0.0,0.28440133,0.0,0.0,0.3904154,410.40857,217.44035,0.8703768,436.9235,216.60495,0.9024555,411.3025,244.68623,0.578216,442.3204,238.85326,0.67813236,0.0,0.0,0.4297636,0.0,0.0,0.4970888,420.67242,267.762,0.94865865,437.37482,267.82394,0.9570199,424.78656,308.7409,0.91914093,435.22034,308.58893,0.9293153,430.91525,346.3713,0.874966,433.57986,346.73276,0.8874847
809.4016,226.21848,0.64969736,810.0457,224.5204,0.52416533,808.1052,224.5982,0.60355586,0.0,0.0,0.37553373,805.8384,225.33742,0.53827107,812.0849,233.76042,0.9629511,802.69684,234.1347,0.9663384,816.45435,243.8753,0.8103484,800.03284,244.98418,0.85554373,817.4574,249.6347,0.7519416,802.71814,250.61534,0.7940235,810.2272,256.54617,0.9778389,805.07446,256.8571,0.97951937,809.86725,275.3721,0.959743,804.9878,275.4626,0.9632438,808.9823,292.55182,0.93884456,803.63965,293.0902,0.9432818
