772.75745,178.29022,0.9696311,776.7105,174.37541,0.8866553,768.2747,174.31683,0.94041634,779.4782,177.12822,0.63272935,758.2638,176.22018,0.8550818,782.4844,204.4365,0.9927591,746.0333,203.54199,0.9959014,799.3092,235.14505,0.96018606,732.032,239.63666,0.9804103,818.7897,246.05225,0.9267702,726.31683,277.27786,0.9555797,772.4694,271.68335,0.99586856,750.9435,272.1521,0.9966732,766.14105,324.14258,0.9869717,754.1734,322.89337,0.9901904,773.07855,374.10303,0.9488051,766.985,371.51004,0.9584743
0.0,0.0,0.13762876,0.0,0.0,0.0874632,0.0,0.0,0.072296984,404.02118,195.36546,0.63744855,420.24908,195.53821,0.5715497,395.3983,214.2713,0.9787557,427.35458,214.15373,0.9830678,387.22067,242.00594,0.87212974,434.65726,238.65524,0.8828341,387.97958,265.72815,0.6601433,430.98038,258.0096,0.66289985,399.69293,264.95148,0.99217814,420.43625,265.32864,0.9928334,400.86768,303.6137,0.98018,418.59433,304.37793,0.9790754,405.39484,341.0824,0.9548827,419.05536,341.77795,0.95257014
174.56267,162.2166,0.96183056,180.08102,157.98114,0.9443446,169.90468,157.68613,0.8697468,190.65645,161.05035,0.84603184,165.8851,161.00475,0.514268,201.44337,189.93011,0.9937588,161.2967,189.61093,0.97404635,207.0178,221.05005,0.9764913,154.16272,224.87047,0.8669593,185.8917,196.48235,0.9441493,160.98874,217.45277,0.8181502,197.1037,263.12137,0.9957521,168.16245,262.30228,0.9914786,204.32932,324.40958,0.9927724,165.80235,323.3524,0.9866348,211.66745,376.1715,0.9774745,163.92957,376.05035,0.96754783
0.0,0.0,0.23948175,0.0,0.0,0.23666126,0.0,0.0,0.09338841,662.40314,203.7557,0.83437985,0.0,0.0,0.48974356,657.09467,222.53706,0.98702395,684.77997,220.94763,0.9763501,652.7628,245.76695,0.9274365,689.84674,244.59799,0.7811217,654.3987,260.5358,0.7589521,684.8078,259.77426,0.5468986,662.4179,265.81665,0.99259347,681.03864,265.25137,0.98975116,664.2566,301.63416,0.98671407,679.7413,301.5667,0.9787329,667.1845,337.1142,0.9728123,681.26935,336.06982,0.96125585
120.5351,182.59056,0.94734937,124.833275,178.29218,0.93871063,118.00162,178.91194,0.85773414,135.64905,180.05782,0.8065612,0.0,0.0,0.4420395,149.22357,204.9893,0.97722965,118.29236,206.60516,0.978921,154.18866,235.08072,0.8738095,110.68048,234.91545,0.82874686,147.10466,257.7625,0.82491213,99.27957,256.61105,0.7725717,149.00931,263.06155,0.9685914,130.30264,263.0528,0.97002584,144.68066,307.57037,0.9319732,133.36043,306.9414,0.92308927,145.41324,350.9645,0.87568897,141.91783,348.83353,0.8651779
0.0,0.0,0.1954327,0.0,0.0,0.07826182,0.0,0.0,0.175036,0.0,0.0,0.45077214,502.05347,219.43825,0.7935562,479.87253,234.86714,0.9713172,507.12207,234.95601,0.98687196,469.25098,255.1485,0.8078775,515.7776,254.93178,0.9353842,470.17328,273.0702,0.6077176,521.2045,273.80927,0.78845197,485.54422,273.05737,0.9903526,502.86603,273.44928,0.99339384,488.54358,301.80127,0.97940755,504.21347,301.93317,0.9845821,491.22006,329.116,0.9637747,504.1138,329.5952,0.97023916
0.0,0.0,0.07481611,0.0,0.0,0.048310414,0.0,0.0,0.04328979,534.80994,208.50589,0.50224257,0.0,0.0,0.4852468,529.17993,224.43245,0.9510282,558.2432,222.83994,0.95475996,523.0947,246.31146,0.8067238,567.6568,242.88632,0.8218028,524.2615,263.12723,0.57136464,566.04987,258.5746,0.5926351,535.35394,265.3555,0.988155,554.72864,264.7899,0.98860395,537.0865,297.8722,0.9813814,555.888,297.4776,0.98063916,537.1849,329.32886,0.96975046,554.43506,328.2726,0.9685929
250.72882,195.72964,0.9161391,254.52693,192.34843,0.8678399,247.26393,191.57764,0.84644103,258.91525,194.69678,0.6630436,239.61206,192.44962,0.5835995,265.35507,214.81604,0.98578817,229.07271,213.11394,0.9850102,273.52628,239.06305,0.92826086,223.43956,237.98125,0.89415735,259.22324,235.13567,0.8884784,231.19385,237.12666,0.841892,257.83118,270.5443,0.9911341,234.39586,269.98004,0.99058515,255.10088,316.19736,0.98305905,235.72467,315.61597,0.979337,253.33226,360.2878,0.95631045,241.13225,359.31003,0.9491595
0.0,0.0,0.19902365,0.0,0.0,0.13770257,0.0,0.0,0.15407594,0.0,0.0,0.39120838,0.0,0.0,0.40685967,693.0256,224.62778,0.8998478,708.31384,224.62587,0.8978244,691.41437,238.86307,0.60099006,713.7329,238.07486,0.6219897,0.0,0.0,0.44457808,0.0,0.0,0.45667657,694.54706,251.0845,0.9358383,704.63995,250.97258,0.9358104,694.85876,271.28342,0.9021494,703.5408,270.78113,0.90420735,695.58405,290.00067,0.8677435,702.74316,289.9221,0.8700065
0.0,0.0,0.062169537,0.0,0.0,0.03432741,0.0,0.0,0.06128105,0.0,0.0,0.2573621,0.0,0.0,0.47271523,441.486,226.34407,0.89502925,464.23456,227.22992,0.92342067,435.58606,241.29926,0.5356853,468.06848,241.96208,0.7079846,0.0,0.0,0.3261217,0.0,0.0,0.4570027,444.8031,256.02377,0.96891844,459.87064,256.56998,0.97407985,446.3932,281.08948,0.95175666,462.1122,281.3337,0.96111864,446.8533,304.77228,0.9353179,460.83093,305.37207,0.9454261
0.0,0.0,0.14512089,0.0,0.0,0.07907118,0.0,0.0,0.14220178,0.0,0.0,0.20892908,0.0,0.0,0.44587293,635.85614,221.89432,0.798579,649.64874,222.15009,0.8629227,0.0,0.0,0.39257467,648.65515,238.04852,0.60866725,0.0,0.0,0.26987734,0.0,0.0,0.416271,639.1198,253.41379,0.90313035,647.60974,253.89622,0.921496,639.87366,279.61432,0.8704558,647.4488,279.83774,0.8953762,640.44666,304.57956,0.8299293,645.6662,305.29163,0.854619
