0.0,0.0,0.38322318,0.0,0.0,0.107593045,0.0,0.0,0.2792191,0.0,0.0,0.39518338,129.10202,146.4201,0.81975216,85.2056,179.418,0.9773819,134.75282,182.5426,0.9880696,71.141426,230.79753,0.9106074,148.6281,232.28418,0.9612993,67.6152,273.4571,0.8021751,140.47842,262.57104,0.89704764,92.78874,272.45306,0.99708194,120.39476,273.87308,0.9978218,117.52066,344.8129,0.9938962,106.76381,348.62045,0.9956559,124.720665,409.19705,0.97777665,79.95926,414.73807,0.98181903
0.0,0.0,0.1129654,0.0,0.0,0.04270713,0.0,0.0,0.06818789,0.0,0.0,0.43228695,358.62933,211.93268,0.69082075,330.69247,231.05435,0.9788617,366.6553,230.82349,0.9867487,319.55005,257.5246,0.8767837,376.23218,258.65512,0.93094605,318.8881,277.14606,0.6941527,374.68607,278.44537,0.7790411,337.66486,282.08163,0.9941894,362.19583,281.78894,0.9957826,336.80722,321.02444,0.98230666,367.54327,320.50818,0.98628634,336.7028,357.06647,0.9553289,371.05402,357.2683,0.9634419
0.0,0.0,0.16962868,0.0,0.0,0.08647589,0.0,0.0,0.11507966,599.642,195.03499,0.5687112,614.8602,194.93373,0.6928168,593.2142,216.13942,0.9778985,624.1494,216.01733,0.98988193,586.0989,244.01237,0.87896717,632.2705,244.08546,0.9542631,589.1034,260.7728,0.71256167,633.95636,265.46753,0.83740205,598.2335,265.3891,0.99371547,618.3217,265.33453,0.99573463,603.1345,303.6561,0.98480946,618.3517,303.32785,0.988316,605.20734,338.72092,0.9633491,615.4181,337.99423,0.96939003
0.0,0.0,0.1040103,0.0,0.0,0.05485816,0.0,0.0,0.06549869,423.36023,186.66895,0.5874931,443.26562,186.34283,0.67808956,412.0338,213.66612,0.9815985,452.21957,210.39519,0.9873749,403.69397,249.84595,0.8992453,467.76703,234.55116,0.9252981,402.10068,276.37198,0.7103305,465.5673,245.98088,0.7380115,422.90433,276.2727,0.99438983,447.02463,275.65375,0.9951456,427.26245,323.00674,0.9824107,439.03098,322.917,0.98231655,433.9455,367.27252,0.94763047,432.94272,367.67264,0.9467989
551.01697,202.9419,0.91174555,553.4673,200.22589,0.81476897,548.54297,200.32076,0.86698395,557.2363,202.2767,0.5580737,544.9958,202.33258,0.714084,562.5759,219.49046,0.9833371,539.78564,219.88066,0.9922955,567.64453,238.5637,0.88395387,532.5005,239.38889,0.957182,569.2851,254.99193,0.8398227,534.5958,258.13467,0.9197927,561.5261,259.31564,0.99048036,547.44855,259.74664,0.9938856,560.9467,289.4006,0.9825874,548.54535,289.43933,0.9876732,561.1157,318.26144,0.96687204,550.6784,317.94986,0.9739106
0.0,0.0,0.08549744,0.0,0.0,0.0524627,0.0,0.0,0.055040482,690.3486,204.4507,0.53633505,703.0165,204.14694,0.5855188,682.5709,218.68542,0.9718124,709.4629,218.96928,0.97858596,673.4995,235.74916,0.8649203,716.2692,238.59927,0.8955937,673.6319,251.1397,0.65658736,718.03485,256.2949,0.70073044,687.3488,254.05362,0.9912246,704.6678,254.37515,0.99243927,689.5996,280.49832,0.98079336,704.4632,280.9682,0.98159987,691.3703,306.57104,0.96240765,704.22906,306.96722,0.9631248
299.91592,210.90663,0.8230724,302.9573,207.47879,0.7918925,298.12793,207.84636,0.6715699,310.1635,207.49734,0.64267915,0.0,0.0,0.34989792,319.5369,224.03407,0.9474448,293.9998,226.02393,0.9413311,322.6157,245.00902,0.79328746,291.05576,247.52898,0.71532977,316.64124,263.03088,0.7300436,292.55344,264.5335,0.6544241,316.44727,266.98117,0.96263605,300.32736,267.57712,0.9611189,318.14304,301.212,0.961427,300.63116,301.33417,0.9553445,321.01062,335.59668,0.95019203,304.0722,334.7958,0.9440576
0.0,0.0,0.06879429,0.0,0.0,0.072435394,0.0,0.0,0.023475565,0.0,0.0,0.4739891,0.0,0.0,0.11274745,155.19974,218.67496,0.8536918,171.36482,218.77841,0.6801572,153.32755,242.28693,0.7042056,0.0,0.0,0.30166382,0.0,0.0,0.49174216,0.0,0.0,0.21231085,155.74893,263.01657,0.9414339,167.13014,262.85492,0.9036748,153.16379,299.52127,0.9365408,166.47702,299.92203,0.88820887,152.46524,334.12866,0.90265447,165.53017,333.8111,0.85427207
0.0,0.0,0.18987782,0.0,0.0,0.07797205,0.0,0.0,0.18416293,0.0,0.0,0.15635584,646.3917,209.24063,0.5161686,639.70575,222.87598,0.79055613,647.3318,222.93332,0.8910199,0.0,0.0,0.41527054,652.18164,240.95749,0.74759996,0.0,0.0,0.32055306,655.54626,258.41452,0.5798535,642.1656,257.95425,0.91204196,647.3106,258.00632,0.9424099,641.2682,285.12186,0.88360244,644.7611,284.8144,0.9239176,644.72064,310.4944,0.8583816,645.43396,310.58224,0.89540976
0.0,0.0,0.14435282,0.0,0.0,0.15049964,0.0,0.0,0.047272835,212.58452,214.23927,0.67318934,0.0,0.0,0.23044148,210.79869,229.10646,0.93926996,232.85732,227.31448,0.86133295,205.81743,249.48218,0.7879455,0.0,0.0,0.42403454,206.40643,257.3462,0.5428844,0.0,0.0,0.26528808,221.24255,265.88635,0.9334714,236.61371,265.46222,0.898668,225.87872,290.21802,0.8629238,242.53275,290.1457,0.78757244,228.37878,318.55356,0.77403754,245.54665,316.86404,0.70052415
480.63696,207.72124,0.6192683,482.84937,204.80171,0.6017562,0.0,0.0,0.3786832,486.78403,205.91934,0.6549798,0.0,0.0,0.2727335,487.98645,221.46776,0.9386586,482.48465,221.6842,0.87148255,486.33612,241.45636,0.7343527,0.0,0.0,0.37355566,479.46194,252.95262,0.58691007,0.0,0.0,0.30337098,487.08963,260.7985,0.9344483,483.41818,260.90762,0.8997736,486.40952,291.54367,0.91987383,481.9685,291.817,0.8662428,492.32907,322.9118,0.8997448,485.85312,322.50256,0.8530063
480.03116,206.98712,0.65627515,481.98032,204.33675,0.60004944,0.0,0.0,0.44119915,485.66214,206.0739,0.5965289,0.0,0.0,0.31225693,488.65308,222.71442,0.94498146,476.67792,222.68617,0.89022994,489.89343,242.70425,0.8198241,477.5202,242.65509,0.5436087,483.20792,255.30867,0.7222085,0.0,0.0,0.481004,484.75616,263.63522,0.961202,477.0778,263.76215,0.9409133,485.60675,293.89322,0.9593718,478.76276,294.2679,0.93304175,490.02155,325.73053,0.9474586,483.44443,325.68777,0.9234224
