0.0,0.0,0.3514253,0.0,0.0,0.37660694,0.0,0.0,0.104612134,809.6559,195.5798,0.8263854,0.0,0.0,0.26264977,800.50757,224.04146,0.979902,848.6471,219.23065,0.82851857,789.5013,260.8216,0.9384969,0.0,0.0,0.41351557,788.7071,279.36902,0.8222902,0.0,0.0,0.33984193,816.8716,292.12204,0.97950864,848.7773,290.12833,0.9392087,820.5471,346.03198,0.97119755,847.1613,343.42264,0.92150223,826.2261,403.67075,0.9237373,846.2213,399.07797,0.8631773
0.0,0.0,0.12897356,0.0,0.0,0.056021344,0.0,0.0,0.079775274,0.0,0.0,0.45495507,322.59454,203.60144,0.67317414,293.58777,222.27132,0.9825058,330.0929,221.06358,0.9884239,280.0779,250.54123,0.92937917,339.5837,251.50581,0.9536207,281.5168,274.0453,0.80928856,340.71802,278.27866,0.851099,299.5685,269.77142,0.9960353,322.29236,269.08478,0.99691963,308.40286,313.10712,0.991011,321.25418,312.23834,0.9924425,311.43243,354.48325,0.9743798,317.60156,354.3615,0.9776179
0.0,0.0,0.10868868,0.0,0.0,0.07822568,0.0,0.0,0.05086072,744.6457,187.08759,0.7146701,767.33203,186.74355,0.57409805,734.2406,213.80975,0.9787346,778.93915,213.23912,0.9819577,723.1793,249.21384,0.88504875,787.2798,247.65074,0.8817286,729.81226,274.88574,0.6544548,784.2391,274.53946,0.6365952,742.1268,280.09955,0.99155515,769.93933,280.1967,0.9919721,753.4792,329.697,0.97820526,766.04065,329.99847,0.9763484,762.9675,379.9991,0.93803734,762.72375,379.7011,0.93399054
0.0,0.0,0.2067866,0.0,0.0,0.07731454,0.0,0.0,0.14831291,0.0,0.0,0.37948328,535.7284,196.06325,0.7354417,508.8509,217.17151,0.9711481,541.3725,216.24124,0.9813395,502.5998,246.59746,0.7915936,548.3554,244.06793,0.8856883,506.78714,269.35922,0.575609,545.62006,263.7709,0.6920885,514.1301,268.4526,0.990036,535.81213,268.16245,0.99241054,515.70807,311.1013,0.97931355,535.5347,310.73755,0.98371154,516.1219,351.32782,0.95475984,534.274,351.96292,0.96220386
0.0,0.0,0.07847868,0.0,0.0,0.046151686,0.0,0.0,0.051757693,386.12048,195.49118,0.50995773,403.46735,196.0424,0.60248274,376.0188,218.43756,0.95886487,410.41733,219.52895,0.9680886,366.5624,247.05287,0.80533713,416.59973,248.42422,0.854021,367.0151,273.44275,0.54846376,414.92343,272.03964,0.60906756,378.97784,270.52173,0.98858494,401.02478,271.1324,0.99005425,380.1612,309.53552,0.9801839,396.01428,310.4689,0.9809456,382.49518,346.8985,0.96395123,393.42722,348.43262,0.96465755
0.0,0.0,0.10221661,0.0,0.0,0.091558516,0.0,0.0,0.044512685,580.22784,217.86154,0.6639428,0.0,0.0,0.38798922,575.9887,237.61247,0.96844804,601.98987,236.70792,0.9605932,570.29724,261.2083,0.8870346,609.1212,261.02548,0.81464374,569.2427,278.66104,0.695572,609.754,279.21927,0.59639144,580.46045,283.39865,0.9869791,596.43506,283.0815,0.985402,585.8708,317.68484,0.97182107,593.264,317.88818,0.9648644,590.5017,351.09482,0.938675,591.31506,350.5254,0.92765296
0.0,0.0,0.081584364,0.0,0.0,0.04724808,0.0,0.0,0.059792362,0.0,0.0,0.4327425,467.34836,230.49066,0.56659746,448.3153,246.03876,0.9518371,473.97214,246.19139,0.9673281,443.38968,264.94708,0.79293144,480.66153,267.33496,0.87622374,443.79922,282.07074,0.5629828,483.82196,286.9696,0.6729116,453.4674,280.6133,0.9849665,469.5567,280.8359,0.98784685,457.78528,307.839,0.9693871,467.12045,308.09714,0.9734737,460.0042,332.94855,0.9453605,463.8135,333.12283,0.95018375
0.0,0.0,0.15894853,0.0,0.0,0.16331379,0.0,0.0,0.05975055,625.0419,233.78755,0.67175114,0.0,0.0,0.2402727,622.9419,246.58315,0.9510305,640.9426,245.70656,0.89265317,620.0024,262.8945,0.85684484,646.0322,261.26917,0.5669349,620.0709,274.82028,0.6831675,0.0,0.0,0.40810898,624.19366,277.8579,0.9746789,636.5951,277.44528,0.9601565,624.8685,301.6358,0.96370107,637.44165,301.71347,0.93706155,627.8592,326.3235,0.9491668,641.0785,325.44055,0.92318815
0.0,0.0,0.09977614,0.0,0.0,0.058913443,0.0,0.0,0.10198824,0.0,0.0,0.33263215,439.87033,217.68849,0.5363015,421.05115,230.1445,0.8801241,444.33398,230.52516,0.9123814,0.0,0.0,0.4653112,449.14938,246.68018,0.651346,0.0,0.0,0.284825,0.0,0.0,0.40976608,423.8074,264.73895,0.9383684,440.15967,264.73642,0.9477535,422.22867,293.03452,0.8883593,443.54196,292.5308,0.9092925,420.71707,320.37167,0.8390021,443.50174,320.28516,0.86211383
213.52122,243.14941,0.6730375,214.90732,241.4492,0.62481296,212.88582,241.43651,0.5057217,218.49292,241.67923,0.5320119,0.0,0.0,0.2878703,223.67339,250.77078,0.9677442,209.7936,250.80652,0.9589442,228.60225,263.45886,0.86280805,204.70312,262.90494,0.7996649,227.0459,275.7659,0.817624,202.3637,275.0194,0.7544588,220.55273,274.64368,0.9867756,212.35342,274.48453,0.9851643,218.19951,294.20044,0.9805346,211.57274,293.84387,0.97767216,217.33255,312.87338,0.9702533,212.11783,312.31018,0.9671149
