0.0,0.0,0.082721904,0.0,0.0,0.04176875,0.0,0.0,0.05091478,254.11987,178.30907,0.63446087,272.61685,178.38379,0.70425093,242.78412,201.49947,0.9862726,281.91257,201.40337,0.9911157,229.4442,233.24,0.92934346,295.58105,231.92639,0.95020735,228.57568,261.76746,0.7686757,299.8544,259.79236,0.79687005,250.96461,263.3972,0.99661475,276.0176,263.70755,0.99718326,253.83765,308.39752,0.9890647,276.9802,308.65018,0.98924214,258.05673,350.82352,0.9660679,277.48166,351.37726,0.9661682
719.4164,91.19316,0.9831028,726.0081,84.30011,0.8960205,709.29517,83.52106,0.96813,729.7543,91.288124,0.5434206,690.58136,90.10297,0.9245802,731.68414,149.22327,0.9907037,676.2097,148.48384,0.9983726,742.5939,223.0194,0.9253077,659.6784,228.04018,0.9899685,764.5846,281.26532,0.88796574,653.99286,294.71545,0.9749884,726.18097,278.1066,0.9934249,699.02924,279.40976,0.9968851,700.45844,375.14938,0.9746276,731.4706,376.17465,0.9884057,668.5099,457.3795,0.846761,748.3298,459.8593,0.90471894
845.3393,134.05724,0.8007115,850.4426,127.9291,0.50508606,837.8819,126.89814,0.8386212,0.0,0.0,0.1715885,825.34955,130.67859,0.733279,854.0,171.2329,0.5904149,806.0826,167.88141,0.9464744,0.0,0.0,0.22013667,767.25977,209.81654,0.8860433,0.0,0.0,0.23786058,797.7835,196.39386,0.8030711,848.00104,278.67828,0.7873806,814.1842,277.56485,0.9268683,831.1969,364.57648,0.70502657,807.6379,366.63693,0.89220864,781.2735,423.33423,0.5282964,774.1281,427.9047,0.71275914
404.38058,163.65718,0.96202016,408.72403,159.77628,0.86972797,399.6399,160.08195,0.9464185,414.67053,162.53882,0.58536565,393.12488,163.05716,0.8556913,423.49255,188.07849,0.9760301,385.71082,190.43945,0.99371415,432.91385,218.8109,0.8597463,387.38654,225.81451,0.975647,432.08282,218.1773,0.80777705,415.95728,221.91206,0.94666857,422.01837,256.10318,0.98827773,396.5162,257.81274,0.99392116,424.31155,310.8453,0.97689646,401.49222,313.63138,0.98889625,417.47726,358.29678,0.93989784,401.6905,363.83237,0.96280944
0.0,0.0,0.1025727,0.0,0.0,0.052304048,0.0,0.0,0.09925061,0.0,0.0,0.38833398,128.38507,216.73611,0.656343,111.304726,227.79701,0.97278285,131.96086,228.63138,0.9807889,104.57427,243.03183,0.7750829,136.55647,243.88829,0.8888258,105.22,255.65942,0.5235961,136.60161,256.89246,0.6762656,113.288155,256.3904,0.98706144,127.16881,256.71655,0.9893679,113.380775,278.19788,0.9628334,126.91017,278.32034,0.97064316,111.78521,297.5215,0.9342488,124.45904,297.934,0.9452494
0.0,0.0,0.19386056,0.0,0.0,0.1365608,0.0,0.0,0.12084378,72.03664,216.14691,0.6172429,81.453026,216.14723,0.5294476,67.82432,227.82088,0.9822146,86.89189,227.88719,0.98042715,63.339714,242.07947,0.8393073,94.12831,242.36148,0.8120507,64.250305,253.86562,0.6438782,94.60132,253.60075,0.6011566,71.113884,255.72345,0.9917066,83.41886,255.80545,0.99139154,70.868416,277.4024,0.9829065,83.470566,277.2063,0.9821317,71.35353,298.13913,0.97182167,84.01904,298.12366,0.97113985
468.49323,200.59102,0.90562505,472.04065,197.96951,0.8389753,466.00925,197.30403,0.8447757,476.66672,201.1271,0.6137124,460.97684,199.12032,0.622287,479.87598,219.46294,0.98037523,452.1127,216.50005,0.9853345,484.73633,240.32304,0.8932481,439.52914,234.85057,0.91290724,479.52625,243.47594,0.8466785,446.80237,239.06079,0.86006606,469.90182,265.8593,0.98600024,452.38574,264.42657,0.9877659,465.92163,304.10864,0.9727208,452.9314,302.6756,0.97320664,460.44275,342.96207,0.93680006,452.95847,341.09775,0.93731326
0.0,0.0,0.13173345,0.0,0.0,0.12576199,0.0,0.0,0.058055345,331.98438,217.95592,0.72836477,0.0,0.0,0.38445312,326.80093,231.24269,0.97885233,349.3656,230.68224,0.96706307,318.37384,246.8044,0.92458826,355.66666,246.07323,0.80895,315.18344,260.9039,0.78294146,356.46213,258.71344,0.61012083,332.79742,261.99728,0.98971844,346.55493,261.8959,0.9864936,331.36432,284.93658,0.9779659,340.1534,285.19495,0.9658333,336.6717,307.3557,0.9563798,340.98947,307.00937,0.9389362
0.0,0.0,0.13175005,0.0,0.0,0.07718886,0.0,0.0,0.102510646,0.0,0.0,0.46825445,163.95183,213.25746,0.5801849,149.81221,225.06015,0.97648925,168.47366,225.20056,0.9795558,143.90768,240.3044,0.7992801,175.0762,240.43701,0.85328907,144.68404,253.05486,0.5671943,176.05905,253.311,0.6330598,153.39903,254.28839,0.9895494,165.10081,254.42534,0.99039686,155.61217,277.43726,0.97256756,165.37093,277.3065,0.97547466,156.3577,298.60965,0.95192707,164.53856,298.80942,0.9561934
586.5423,215.07024,0.8939061,588.77765,212.7017,0.8616312,585.0162,212.7427,0.8015899,593.5677,213.7707,0.7044703,0.0,0.0,0.49037984,596.8238,226.08965,0.983269,581.24805,226.2542,0.97889245,597.4166,239.76552,0.89276737,578.9795,239.60553,0.8458953,588.02136,239.0259,0.8511344,584.0949,238.8982,0.8053598,593.3401,258.42212,0.97694427,583.2296,258.38416,0.9740019,591.9363,285.04156,0.92279786,584.0847,284.71475,0.9124972,591.74426,307.8777,0.7830139,585.9544,307.58017,0.7642482
643.49445,201.69377,0.6222505,0.0,0.0,0.4193986,642.0872,199.3069,0.53942627,0.0,0.0,0.28971258,639.6778,201.69827,0.517727,647.23566,217.77466,0.90307397,633.0998,218.273,0.95077425,642.6512,241.00296,0.6439549,623.51917,240.36072,0.8391267,634.2488,257.20883,0.54023474,619.5246,255.15666,0.72101086,643.88104,261.73215,0.8959315,634.9655,262.10416,0.9269832,644.0176,293.86203,0.68486845,636.4273,294.23917,0.756849,0.0,0.0,0.48087955,636.15564,321.18405,0.5524725
