0.0,0.0,0.3377922,0.0,0.0,0.19107158,0.0,0.0,0.2483506,160.38611,192.95708,0.63280886,169.35356,193.73964,0.76878273,151.00938,209.80943,0.9853022,176.70853,211.25931,0.9912549,141.29932,229.97433,0.85679233,182.27092,234.82564,0.9151649,142.85847,241.41936,0.65895015,180.28395,250.37585,0.74029773,153.57843,254.84485,0.9931745,170.70766,255.1955,0.9948025,149.16698,292.44406,0.9845121,166.64314,292.71277,0.98643315,148.46985,331.4924,0.97116023,164.6254,332.2711,0.9736034
650.4374,153.92834,0.9547115,653.55066,149.24521,0.9201308,645.1214,149.59486,0.915868,656.97217,153.11789,0.69798404,634.4529,153.40628,0.6848241,665.6481,182.60457,0.9923326,623.03424,183.3178,0.9906047,676.8006,218.22246,0.9632346,616.0243,215.79747,0.931528,683.78625,244.43344,0.9353279,626.9084,224.95065,0.8918498,662.71564,251.93742,0.99479866,635.6165,253.38849,0.9940871,663.2829,303.9435,0.9859294,642.28546,305.97467,0.98191214,651.4481,350.5673,0.9516843,636.9823,353.22577,0.9423751
0.0,0.0,0.21163434,0.0,0.0,0.2068288,0.0,0.0,0.04246668,406.13635,140.03745,0.8692477,0.0,0.0,0.2618775,393.00992,190.7412,0.965168,459.9209,188.62465,0.87782454,359.29102,250.33649,0.90104526,469.76508,264.19537,0.55883896,367.6647,275.323,0.7612783,0.0,0.0,0.4234188,401.7897,320.84042,0.94743097,441.7003,318.43427,0.90379584,409.68198,433.74878,0.7884866,418.06433,428.0906,0.66712445,0.0,0.0,0.31645715,0.0,0.0,0.24320927
604.6909,152.2975,0.9533626,605.8107,148.1379,0.7591712,598.21466,147.87508,0.94722337,0.0,0.0,0.3078583,582.9188,151.96808,0.9018614,608.0125,185.0419,0.96490234,577.69543,183.72328,0.9936759,623.6398,223.00117,0.7943607,589.2076,219.26202,0.9798447,621.68427,211.81927,0.7444583,605.7636,198.84248,0.95641863,607.7254,267.44885,0.9867272,587.9405,267.15366,0.99455833,603.929,339.8041,0.9739688,594.8503,341.8459,0.9900844,582.61536,403.69437,0.9211863,580.7179,407.5551,0.9571466
341.1829,201.99454,0.91391337,343.4192,199.84117,0.84265494,338.9629,199.56387,0.86084336,346.12234,201.6504,0.5993274,334.0391,200.84505,0.6541295,349.31085,215.41522,0.97923446,328.09674,214.62625,0.98626673,350.25626,230.40558,0.89498645,320.0898,228.887,0.9277699,344.04715,227.48808,0.8553498,322.02832,226.0952,0.8858788,345.91763,253.0536,0.9846631,332.54446,252.8669,0.9873574,345.52518,284.69077,0.9706828,334.20044,284.33868,0.97272,345.0492,312.96262,0.9418124,334.47275,312.18246,0.94454044
488.7431,195.362,0.8360325,491.90518,192.77666,0.7824435,486.33768,192.34468,0.735765,496.08365,195.03973,0.5932251,0.0,0.0,0.45914117,500.23438,210.52953,0.9494333,475.18835,210.7039,0.93248075,506.1211,224.79343,0.7880927,471.82892,228.62344,0.6644432,498.20187,221.62445,0.71728224,482.84116,229.86864,0.59969,494.29547,251.71872,0.9593018,477.98016,251.78453,0.95069396,493.48367,286.0043,0.9525722,478.9854,285.8393,0.9378552,490.99924,317.43228,0.93239266,478.9023,316.67673,0.91772085
294.5141,213.04831,0.9208507,296.58325,210.90637,0.8634673,292.45718,211.09341,0.8541834,300.19864,211.84529,0.7004024,289.67264,212.22041,0.6538592,305.5047,223.80319,0.9890465,285.26318,223.89372,0.9918914,311.57874,233.13127,0.9314085,274.69992,232.23149,0.946052,311.24902,232.56142,0.89418995,273.96097,231.86792,0.90869313,300.29846,254.90862,0.99048716,288.12073,254.69124,0.9920744,296.4039,279.14282,0.9772883,286.63498,278.79495,0.97843575,291.77795,300.40234,0.9491002,285.26688,299.83813,0.9502512
0.0,0.0,0.019644273,0.0,0.0,0.012520042,0.0,0.0,0.017028859,0.0,0.0,0.021696547,0.0,0.0,0.041601546,0.0,0.0,0.048690747,0.0,0.0,0.1269764,0.0,0.0,0.07423253,0.0,0.0,0.2998621,0.0,0.0,0.11296379,0.0,0.0,0.3086161,0.0,0.0,0.2127702,0.0,0.0,0.34089893,0.0,0.0,0.30380657,0.0,0.0,0.45277092,0.0,0.0,0.2971505,0.0,0.0,0.41601855
0.0,0.0,0.33650059,0.0,0.0,0.19627538,0.0,0.0,0.3152985,0.0,0.0,0.32872987,767.5991,213.48141,0.5864892,759.2478,225.18994,0.9441778,766.57947,226.02797,0.9588972,756.5738,240.60143,0.67442787,768.05615,241.85844,0.8162904,758.5144,251.43301,0.53419656,771.3295,252.58838,0.67043895,757.6983,255.0016,0.9738153,762.46655,255.49391,0.9777379,757.5731,279.69434,0.95554173,761.4807,279.8298,0.96361303,754.4404,302.30606,0.9211936,757.0284,303.12378,0.932744
0.0,0.0,0.11502975,0.0,0.0,0.07330045,0.0,0.0,0.083651945,0.0,0.0,0.4255171,0.0,0.0,0.45434338,195.74644,231.057,0.9430988,212.31635,231.49527,0.9478726,190.70757,244.3694,0.68704754,217.19896,244.59294,0.72633934,0.0,0.0,0.4625222,0.0,0.0,0.49093336,198.73116,255.50421,0.9726288,209.32271,255.8451,0.9739724,200.60423,274.39532,0.9482043,208.83965,274.29837,0.95102304,201.10933,291.7751,0.92385775,207.90671,292.0032,0.9275432
