0.0,0.0,0.2714642,0.0,0.0,0.23935108,0.0,0.0,0.035719097,520.24866,74.31665,0.9258278,0.0,0.0,0.29338488,516.0838,134.55591,0.99416566,597.75726,132.18823,0.96298647,510.10284,229.52214,0.977001,627.6974,226.59541,0.775866,509.66937,301.25424,0.8979615,615.91016,296.36575,0.5874867,539.70905,292.58554,0.9891712,601.6996,291.26443,0.9754356,495.78534,402.36407,0.92423445,596.644,407.21844,0.85331,0.0,0.0,0.42882422,0.0,0.0,0.3247107
326.6332,176.19424,0.9683887,330.21466,172.44312,0.9231318,322.49374,172.41078,0.9545452,334.65714,176.12653,0.6378589,315.1032,175.67422,0.8366401,340.12695,202.4642,0.9922765,305.26852,201.9998,0.9974699,344.8483,234.0405,0.9324202,295.06778,233.78677,0.9823303,346.82874,263.8869,0.89654046,292.0184,265.3819,0.95769864,332.9205,264.0186,0.9942158,310.9111,263.74252,0.99678576,327.73752,308.3556,0.9779798,307.34665,307.93085,0.98569864,322.5154,350.03262,0.9365957,305.81763,349.85913,0.953846
0.0,0.0,0.14366095,0.0,0.0,0.11452518,0.0,0.0,0.064016916,174.65509,196.32816,0.7020505,0.0,0.0,0.49535692,170.01143,213.59096,0.9822573,195.21765,212.52899,0.9836331,162.08208,235.30995,0.91233516,202.27026,235.33144,0.900276,162.01541,252.82262,0.75027704,204.9255,254.67667,0.72806364,175.97409,255.51396,0.99394387,191.9676,255.20511,0.99433136,179.27663,287.30502,0.98649085,191.96008,287.39102,0.98562175,181.10954,319.9204,0.9710913,191.0584,318.9963,0.9695786
0.0,0.0,0.41149592,0.0,0.0,0.15313816,0.0,0.0,0.4231066,0.0,0.0,0.33503196,88.47328,202.54514,0.86382526,71.18277,220.96404,0.9662328,92.420425,221.00565,0.9893349,63.4341,242.73378,0.6982296,101.29273,241.51105,0.9418885,62.03728,258.18985,0.5294039,104.874596,254.62123,0.8256894,75.77293,261.1589,0.9872088,89.450966,261.12354,0.99336505,75.33641,291.7296,0.9799468,85.49418,291.3439,0.9892223,74.98559,320.72662,0.9712505,82.10627,321.4606,0.981696
0.0,0.0,0.113821656,0.0,0.0,0.05411783,0.0,0.0,0.08928837,0.0,0.0,0.40511563,133.22792,203.44826,0.6389744,114.88826,218.87607,0.9595736,140.1229,218.76616,0.97732157,108.31922,238.0945,0.7681133,144.96863,239.71498,0.88948756,108.87935,250.94487,0.53700626,145.56499,256.66626,0.6895582,119.480545,258.20383,0.9893721,136.0667,258.08868,0.9920443,119.791374,287.64835,0.98086894,132.68753,287.40646,0.9843174,121.51521,315.91632,0.96647745,130.12408,315.65225,0.970525
0.0,0.0,0.08075768,0.0,0.0,0.045447353,0.0,0.0,0.04503957,721.7064,175.82475,0.605649,741.49097,175.3167,0.6352899,711.7008,196.78224,0.9720691,751.9055,197.24684,0.9770278,702.8566,224.46391,0.810281,763.7331,228.29163,0.83435917,708.7812,239.25461,0.5086702,758.43005,249.70425,0.5317571,722.2156,255.28471,0.98901635,748.3996,255.89166,0.9897759,726.8604,302.04218,0.97032654,750.6542,302.63483,0.9690493,732.2053,349.3559,0.9294417,751.5108,349.4436,0.92682093
386.05267,189.02234,0.8724367,389.4418,186.05894,0.7668846,383.30753,185.73543,0.8266032,0.0,0.0,0.4747892,378.47766,188.70584,0.6295925,399.0457,210.70096,0.96384,370.65036,210.50334,0.9803735,407.4777,230.35559,0.8005549,358.72467,233.45525,0.9028291,407.962,234.9953,0.7462103,361.23428,245.7086,0.8377722,390.0422,265.54477,0.9836791,372.531,265.202,0.9880987,386.11722,308.37482,0.9743832,373.52045,307.86017,0.97949547,381.39343,351.00824,0.949445,371.26562,350.26456,0.95711046
0.0,0.0,0.16377026,0.0,0.0,0.1660062,0.0,0.0,0.04667227,779.5472,163.0725,0.68984634,0.0,0.0,0.19816478,772.3983,189.9049,0.96694773,815.35187,189.02892,0.82832396,765.4026,230.37007,0.91324425,0.0,0.0,0.48086515,761.959,256.74432,0.7484396,0.0,0.0,0.34346342,778.46234,258.7849,0.991768,809.0622,258.5707,0.9795802,771.7278,316.3218,0.9920964,810.3906,319.38477,0.98234195,765.8811,369.82013,0.9825638,814.96814,374.5358,0.97139335
0.0,0.0,0.06286552,0.0,0.0,0.046359185,0.0,0.0,0.030529415,0.0,0.0,0.3486557,0.0,0.0,0.23067853,640.17145,198.83798,0.81408983,664.04724,196.86456,0.76582766,0.0,0.0,0.45299008,0.0,0.0,0.34750146,0.0,0.0,0.23777962,0.0,0.0,0.18585624,647.6483,251.14462,0.9263011,664.0547,250.59187,0.91581357,649.68176,294.50174,0.90498585,666.36584,294.19586,0.88858813,654.25336,335.98322,0.87522215,667.99115,334.75162,0.8597195
411.49054,223.44608,0.74771297,413.52945,221.14296,0.7212074,410.077,221.06253,0.6006593,417.44434,221.97891,0.60034806,0.0,0.0,0.31338477,422.5009,234.19562,0.97214925,405.95853,234.20886,0.95526737,428.39523,248.45682,0.87242335,403.6873,248.20029,0.7520262,425.51727,256.7015,0.82216334,405.40396,255.83018,0.7095819,418.16043,265.72757,0.9847489,408.12814,265.5668,0.98095715,417.53006,290.79202,0.9740977,409.59576,290.57147,0.9672911,417.85623,314.3199,0.94929063,412.01114,314.18954,0.9395902
0.0,0.0,0.11610502,0.0,0.0,0.052323963,0.0,0.0,0.09839508,0.0,0.0,0.26091692,483.31607,184.28748,0.56609577,459.43912,205.65666,0.8185736,485.80502,206.63403,0.8693172,0.0,0.0,0.41662955,482.90045,235.16658,0.60015917,0.0,0.0,0.23596817,0.0,0.0,0.34992015,465.69687,257.80914,0.88565904,483.2896,258.77563,0.90301853,471.29532,297.26086,0.8112172,484.9155,298.0282,0.83592445,471.11227,332.17905,0.71836185,480.8898,333.24814,0.7445636
0.0,0.0,0.108495094,0.0,0.0,0.058627937,0.0,0.0,0.060415026,0.0,0.0,0.29937696,0.0,0.0,0.35706288,606.5673,193.4428,0.8102654,634.6856,192.13011,0.81641686,0.0,0.0,0.375327,0.0,0.0,0.41513416,0.0,0.0,0.17199254,0.0,0.0,0.19058982,610.1718,273.5944,0.81203187,628.6955,273.0039,0.8210712,612.6998,327.48862,0.5156884,629.1368,327.15952,0.53643554,0.0,0.0,0.34385833,0.0,0.0,0.36387613
