0.0,0.0,0.21699503,0.0,0.0,0.22192648,0.0,0.0,0.06997311,591.38214,195.0826,0.8194645,0.0,0.0,0.3558099,584.85425,213.9047,0.98976094,613.32745,213.5304,0.97858685,570.56274,239.08757,0.9643875,619.8418,238.13889,0.83583623,558.1833,257.54572,0.8787795,613.8988,252.5525,0.66556776,588.46674,259.62173,0.9949576,605.3932,259.16602,0.9926139,589.0092,298.26544,0.9874641,597.62476,298.45917,0.97832984,598.5456,336.67834,0.96625614,599.5013,336.85104,0.95009327
0.0,0.0,0.13843988,0.0,0.0,0.08166388,0.0,0.0,0.08587075,127.39089,195.47739,0.6257654,143.30542,195.8967,0.6397893,119.29793,215.40065,0.98102814,151.85435,216.1045,0.9880215,109.37844,240.57697,0.89167714,157.65865,241.59021,0.92926973,110.71706,259.00906,0.71644855,158.3493,261.8845,0.76968676,123.35788,263.25232,0.99510384,144.30885,263.4576,0.9960341,123.95098,299.26907,0.9905483,138.41327,299.4417,0.9910013,126.7423,334.80438,0.97969705,135.49927,335.0335,0.98007697
0.0,0.0,0.24347602,0.0,0.0,0.08672141,0.0,0.0,0.23608728,0.0,0.0,0.3310875,96.04115,194.73798,0.8032423,71.50868,212.90002,0.94882655,99.88446,214.88686,0.9749928,60.27117,236.94917,0.6366105,107.018684,240.3601,0.86627537,0.0,0.0,0.4275805,109.53251,259.8695,0.65872484,74.00196,261.09988,0.981884,92.60633,261.88663,0.9878507,71.7753,298.07736,0.97624797,89.987305,298.60706,0.98353654,69.593285,333.48746,0.9677048,85.895,335.46622,0.9753636
297.96793,187.8867,0.93905,300.84094,184.52281,0.85663146,294.30408,184.49683,0.91637975,304.21252,187.86017,0.52460176,287.29288,187.56981,0.7636054,309.8685,210.06097,0.9835397,279.05966,210.44202,0.9924936,317.28372,236.13072,0.89514214,271.04825,237.23613,0.96331954,318.10876,260.82162,0.8562137,268.7197,263.07608,0.931313,303.17715,260.0252,0.99147964,283.87878,260.38806,0.9944564,301.5991,298.82285,0.98433983,284.73224,299.22205,0.988694,298.8579,335.52737,0.96980226,283.59525,336.22632,0.9758661
0.0,0.0,0.11828221,0.0,0.0,0.097878136,0.0,0.0,0.045559853,185.3213,187.35396,0.73805225,0.0,0.0,0.4389811,179.55594,206.43178,0.97900414,212.95749,204.71367,0.9738505,172.51,233.23396,0.873285,221.06244,228.85574,0.7840539,172.22812,254.52074,0.6281179,216.98932,248.51277,0.5026739,187.50124,255.8228,0.99038625,208.94516,255.29614,0.9888713,187.63411,294.82404,0.9745116,206.69226,294.79797,0.9660886,192.53291,333.0957,0.9464687,206.5413,331.95673,0.93384403
0.0,0.0,0.17332675,0.0,0.0,0.12527202,0.0,0.0,0.04652119,712.0111,163.60152,0.6894726,0.0,0.0,0.30402628,699.6137,190.87059,0.97577935,754.12787,187.73088,0.93759686,684.20264,229.52124,0.9410786,766.0013,223.88547,0.791443,688.30206,259.15042,0.847009,753.6249,253.09782,0.6694032,705.82404,263.1376,0.99434894,741.519,262.18304,0.99045193,707.4161,316.56314,0.99151635,737.59015,317.01978,0.9868031,712.2338,368.58865,0.9739764,739.89746,369.1165,0.96692914
0.0,0.0,0.27331695,0.0,0.0,0.10085031,0.0,0.0,0.19977641,0.0,0.0,0.34967336,443.13004,169.18129,0.6127553,411.90158,194.08319,0.91219556,452.61288,193.22769,0.95761645,401.20175,228.83467,0.7364497,473.43918,217.81422,0.8949901,406.46686,252.36697,0.59989965,478.97433,224.6997,0.7750374,421.33585,264.94418,0.9804867,448.16577,264.59717,0.9869791,421.33188,320.31168,0.9797064,450.15424,317.4127,0.98716205,418.76196,372.56143,0.96469873,452.47073,368.89117,0.9742198
354.62762,200.47798,0.89000964,357.78378,197.75117,0.7930768,352.09207,197.46771,0.84254587,362.04346,200.60898,0.52507484,347.06412,199.85872,0.6579714,365.2646,218.29913,0.9720386,339.6736,218.909,0.9829055,368.87802,235.3161,0.8337681,327.64713,239.83542,0.9058928,363.50134,237.69766,0.77784616,328.012,252.25403,0.845904,359.05804,263.77026,0.9855275,343.27847,264.121,0.9885938,355.75513,298.76654,0.9799571,345.54083,299.00467,0.98243445,351.7096,333.3427,0.9646149,345.8508,333.32962,0.9674344
0.0,0.0,0.37247223,0.0,0.0,0.38301235,0.0,0.0,0.09587894,783.599,144.95476,0.8026945,0.0,0.0,0.19494122,779.2218,176.03246,0.9801114,814.6407,171.99014,0.89445883,760.0655,220.2828,0.94963324,827.0439,216.17596,0.6243087,749.2741,262.8459,0.8418956,0.0,0.0,0.48738045,780.1315,258.0325,0.9890125,801.4992,255.07716,0.97414714,778.31836,317.93222,0.97152317,793.7479,312.7776,0.93972147,788.14514,374.92963,0.90417904,798.35944,366.28934,0.854647
255.26688,207.05829,0.84383184,256.67206,204.98361,0.6465593,252.86865,204.57088,0.8254053,0.0,0.0,0.34678826,246.1308,205.43971,0.75176257,258.93027,219.88963,0.9605059,238.0048,218.2653,0.9829822,262.22775,234.34192,0.7512258,232.91014,233.35419,0.9214735,260.27866,238.40358,0.69355553,242.02193,239.18039,0.8600233,254.47435,253.68687,0.9764905,240.99236,253.29185,0.9850402,254.07082,281.90335,0.96016234,242.06857,281.53983,0.9735048,250.72183,308.68793,0.93449306,240.13321,308.47925,0.9510849
664.9155,207.54382,0.8792587,667.69977,204.81026,0.80835336,662.43085,204.95798,0.8087301,671.9436,207.05713,0.6080277,658.90186,207.3571,0.60352266,677.1256,223.51659,0.96415293,654.9149,224.41536,0.96952313,681.11127,242.2297,0.7729857,652.8582,243.23094,0.8003631,677.87604,258.20166,0.6846007,658.22235,257.12363,0.7051696,675.8381,260.5973,0.94082296,661.4494,261.2777,0.94702905,679.67145,286.78845,0.877518,665.3148,287.11356,0.88530344,680.7356,312.80145,0.80536264,668.73505,312.6365,0.81329924
0.0,0.0,0.159467,0.0,0.0,0.02871741,0.0,0.0,0.27881366,0.0,0.0,0.03938612,487.76645,199.29935,0.7733335,473.96603,210.36226,0.60042477,486.39868,211.59265,0.92680156,0.0,0.0,0.13304438,496.39395,224.72908,0.8778178,0.0,0.0,0.12486073,502.01373,223.18799,0.71171564,473.02362,251.41972,0.86241364,481.65363,252.01317,0.95326823,472.12753,284.44165,0.8296901,479.3489,284.2778,0.9444077,471.9761,315.78098,0.80600154,476.64206,316.841,0.911589
