0.0,0.0,0.12538955,0.0,0.0,0.10619271,0.0,0.0,0.026854025,418.24252,134.89427,0.84271646,0.0,0.0,0.28533527,405.92474,188.22276,0.9667983,482.95557,182.76166,0.89724386,376.4041,257.9368,0.88894534,494.79175,256.4272,0.6340632,395.8741,282.8088,0.7096434,0.0,0.0,0.44729453,418.37613,321.2649,0.970335,465.64856,317.57986,0.95230985,431.9818,428.98395,0.8608855,444.50974,422.69318,0.8058839,0.0,0.0,0.4561755,0.0,0.0,0.40275782
645.7196,157.86795,0.9616679,649.1408,153.74971,0.9068603,640.9939,153.95142,0.94815445,653.5116,158.12859,0.5761104,632.02936,158.16777,0.82343554,662.2852,187.03001,0.98910403,619.6871,187.98235,0.9953009,674.32495,218.21013,0.92012525,609.3245,220.39185,0.97181576,677.6954,239.58315,0.8838036,616.35626,238.35062,0.94161075,657.456,256.35797,0.99342513,631.16376,257.3224,0.99576217,652.31464,307.05234,0.97865856,635.6191,308.0563,0.9845725,645.14435,352.44507,0.9294486,638.39154,353.8783,0.9446402
585.137,165.26804,0.9129752,584.02435,159.9578,0.6459731,578.42786,160.83556,0.904861,0.0,0.0,0.20864806,562.53235,165.32864,0.82915515,587.8196,191.69302,0.9384175,552.3998,191.83586,0.9849651,599.10974,223.13348,0.7590341,556.0329,214.32204,0.9622124,602.3793,210.41568,0.6885557,577.6949,184.12245,0.91934574,585.6484,270.79752,0.98703057,559.57404,270.56396,0.9936381,593.43335,342.91382,0.9848312,559.34357,338.85428,0.99300414,579.32263,397.51385,0.97041804,530.8004,386.59445,0.9822041
0.0,0.0,0.19229351,0.0,0.0,0.06485367,0.0,0.0,0.19882421,0.0,0.0,0.36034977,173.92076,190.0793,0.84589577,150.59167,208.96735,0.96968305,178.58437,209.45653,0.98874354,141.31932,231.57228,0.7440847,184.77963,232.79106,0.9354568,143.85577,244.24622,0.51219815,184.57884,246.66702,0.7713113,154.1267,256.10074,0.9920912,172.3326,256.27045,0.9952872,154.32307,292.51468,0.9870885,167.20334,292.53574,0.9915895,155.46628,329.66907,0.9762447,164.41557,330.7762,0.98227906
339.17712,202.27309,0.90783334,341.2726,199.9589,0.83228433,336.99954,200.0641,0.8561982,343.69412,201.56375,0.612357,332.92722,201.74582,0.6839463,346.97357,216.30475,0.9806371,327.1114,216.60417,0.9894879,346.952,232.91197,0.87042767,318.9185,232.19249,0.93056357,341.2974,240.73886,0.81960434,318.2388,238.91258,0.87895584,343.84537,253.43715,0.9831799,331.41608,253.70992,0.9878219,342.935,283.5086,0.96548325,332.11337,283.59064,0.9717281,341.599,312.08862,0.93414605,331.69745,311.9968,0.9427739
296.1203,213.02003,0.87645227,297.76855,210.99753,0.7657273,294.2455,210.96864,0.8251758,300.0768,212.41805,0.53125185,290.58673,212.05728,0.6953297,303.53165,224.8069,0.98089796,284.66348,223.5706,0.9900878,310.2059,238.00183,0.883393,273.5891,234.3483,0.94565344,308.67297,247.07846,0.83362746,273.04764,241.92435,0.89981025,297.53366,254.69939,0.98618037,286.37274,254.13962,0.99020547,294.0396,277.97437,0.966817,286.93558,277.4505,0.9740815,289.0642,299.44077,0.9327306,286.5557,299.11966,0.94363
0.0,0.0,0.31120947,0.0,0.0,0.23330282,0.0,0.0,0.18504797,0.0,0.0,0.4529943,0.0,0.0,0.33971965,756.1629,226.78996,0.9219675,762.2564,227.67072,0.9118997,753.81586,240.87521,0.73604655,764.46594,241.6402,0.6793991,750.77704,245.98087,0.59953463,763.44275,244.64317,0.54484457,752.78827,255.36557,0.9495352,756.91187,255.5924,0.9466989,749.9499,278.4312,0.9216221,754.2589,278.9905,0.9128294,749.2564,299.64124,0.88143694,751.9205,300.16858,0.8720336
0.0,0.0,0.09435928,0.0,0.0,0.053101372,0.0,0.0,0.08918527,0.0,0.0,0.344145,210.08006,220.50317,0.56019557,194.60619,229.87466,0.9342958,213.33498,230.64366,0.95141006,189.56693,242.9558,0.6506135,217.52242,243.94427,0.7913814,0.0,0.0,0.4242583,217.42706,256.68887,0.55791086,197.12062,253.49919,0.96786845,209.66753,253.80746,0.97312546,198.23088,271.77127,0.93895155,209.9103,271.9778,0.95014817,197.47928,288.79584,0.9123435,207.9254,289.0354,0.9250436
368.33453,205.52301,0.77620906,369.47098,202.85452,0.6279628,365.62427,202.7382,0.7805188,0.0,0.0,0.28204393,359.1573,203.6044,0.65811795,370.69266,218.32439,0.9319982,352.70398,217.98236,0.95306146,371.14807,237.61319,0.6619344,348.523,237.88226,0.82180667,366.89172,244.6276,0.62362933,358.43854,245.71896,0.7653564,368.9846,258.04587,0.9582507,357.23676,258.3376,0.9656953,368.98788,291.3986,0.9101618,358.89917,291.52164,0.92664534,366.409,321.38718,0.8069828,359.01746,322.24933,0.8327023
0.0,0.0,0.08742287,0.0,0.0,0.08814174,0.0,0.0,0.045122534,0.0,0.0,0.15536726,0.0,0.0,0.038907986,0.0,0.0,0.2592219,0.0,0.0,0.21328326,0.0,0.0,0.25842667,0.0,0.0,0.15888871,0.0,0.0,0.22862744,0.0,0.0,0.1519632,0.0,0.0,0.32669207,0.0,0.0,0.29340985,0.0,0.0,0.36017898,0.0,0.0,0.31631255,0.0,0.0,0.32952863,0.0,0.0,0.2966471
