0.0,0.0,0.22587721,0.0,0.0,0.05076218,0.0,0.0,0.3302362,0.0,0.0,0.032030452,838.88153,139.27911,0.50423884,0.0,0.0,0.20876378,822.8134,181.26926,0.80436337,0.0,0.0,0.0862895,827.2988,242.75784,0.78843635,0.0,0.0,0.11207405,853.0722,251.31754,0.65988576,843.3422,281.8604,0.6137364,824.2054,279.99982,0.8579723,806.0033,369.3291,0.58294284,793.54236,368.6068,0.83423066,0.0,0.0,0.43464136,770.95544,445.19885,0.62829924
0.0,0.0,0.23388131,0.0,0.0,0.20044181,0.0,0.0,0.06516908,307.5009,147.70926,0.76818347,0.0,0.0,0.27536562,293.46094,179.02324,0.98133564,346.59622,178.62982,0.9055942,278.9492,217.25389,0.95130914,338.5901,216.50327,0.65224403,279.58786,214.53986,0.8569322,311.28714,213.42216,0.5244183,298.40775,256.7377,0.99518764,333.2404,256.4597,0.9888648,298.85257,325.24066,0.9953881,325.1263,328.53323,0.99001384,307.16003,388.42456,0.9867779,323.0328,393.54172,0.9787733
612.2694,199.01225,0.9587252,614.9645,196.49472,0.9185705,609.71405,196.40575,0.9210904,618.95074,198.39815,0.73545146,606.0616,198.06398,0.7409362,624.99286,215.2794,0.99373215,600.3447,214.58218,0.9964385,633.8577,233.88596,0.9577048,592.1809,231.52304,0.97595656,636.306,250.92152,0.93247813,587.3551,248.75166,0.9533265,619.46075,254.04895,0.993893,604.6293,253.6778,0.9956174,617.0813,283.51978,0.98030704,605.38416,282.90854,0.98374104,616.6618,310.20074,0.9465548,608.81726,309.39548,0.95274943
0.0,0.0,0.20116909,0.0,0.0,0.1061077,0.0,0.0,0.15443316,178.9521,210.0732,0.5574149,189.92014,209.4901,0.7395542,171.84584,225.93259,0.98358744,195.99171,224.40128,0.99038845,164.87415,246.6444,0.9111563,204.20175,243.49889,0.9513193,161.71658,265.2562,0.77295315,205.71208,260.94766,0.8403344,176.94484,260.18237,0.99356765,192.33746,259.60953,0.9950896,179.01172,286.73856,0.9826309,189.47789,286.26044,0.98498803,179.66675,311.20087,0.9620606,186.74602,311.14792,0.9653736
460.4005,212.56195,0.89032286,462.98904,210.34013,0.8326374,458.70956,210.0525,0.80456895,466.72714,211.60187,0.6563639,455.58585,210.95396,0.55985326,471.92545,224.00093,0.9848684,449.8218,224.10059,0.9859591,478.0586,237.44086,0.9325028,443.00757,239.06248,0.9225487,472.31564,238.74638,0.89760375,445.0929,244.4557,0.8816675,466.7649,258.52106,0.99153566,452.61743,258.38794,0.9916407,466.29367,285.60764,0.98558146,450.3636,285.18607,0.98390305,466.14764,311.46555,0.97355324,451.12982,310.6429,0.9711112
665.22046,206.73079,0.9049375,668.067,204.11755,0.88186115,662.7285,204.3027,0.796589,672.6698,206.47693,0.77210575,0.0,0.0,0.49371517,677.8238,222.12619,0.98390293,656.5341,222.8878,0.9742799,684.1209,238.2962,0.9198262,652.0929,238.1071,0.806905,679.4222,241.1751,0.86583626,654.71185,237.21849,0.74201286,673.51807,257.3719,0.96909046,659.7326,257.60675,0.9603414,672.122,280.99304,0.9227823,658.4606,281.17877,0.89234,672.88196,302.17374,0.84025574,659.66156,301.96927,0.79895574
0.0,0.0,0.085901745,0.0,0.0,0.056510266,0.0,0.0,0.04763583,0.0,0.0,0.35441053,0.0,0.0,0.31643495,253.45366,228.38249,0.8827746,272.7599,228.6235,0.8641307,250.14883,245.01056,0.6271376,277.1811,245.69188,0.58388114,0.0,0.0,0.41338605,0.0,0.0,0.3883374,258.4101,260.92126,0.9580375,271.37982,261.04294,0.95558655,257.8483,288.396,0.94733953,271.52594,288.6303,0.9428287,257.8356,315.10062,0.92355424,269.8651,314.83075,0.9189266
414.6701,226.10704,0.84360224,416.61136,224.23773,0.8322108,413.62274,224.12122,0.7123545,420.68137,225.16026,0.7217848,0.0,0.0,0.37711164,424.4991,235.01239,0.97892725,411.14517,234.53702,0.9673978,426.0697,246.50545,0.89408773,406.8962,245.07121,0.78426236,420.32834,252.311,0.8504803,407.02176,250.82254,0.74856865,421.3131,258.6326,0.97763544,412.86218,258.2147,0.97246677,418.85046,276.91385,0.94951993,411.83542,276.48553,0.93527627,419.2202,294.25122,0.9027825,413.4572,293.64587,0.88312256
492.827,224.06673,0.6522602,494.39218,222.21988,0.67337304,0.0,0.0,0.3578779,498.60245,223.37555,0.7153204,0.0,0.0,0.13469905,502.74628,234.08302,0.95344734,494.83655,234.16048,0.8977887,503.5208,246.2222,0.83889705,0.0,0.0,0.4834324,496.479,248.69858,0.7585789,0.0,0.0,0.45401952,502.66263,261.3606,0.9550649,497.75204,261.18967,0.93255484,503.31268,282.55875,0.9141596,499.8608,282.35397,0.8660578,507.84363,302.68066,0.8583069,504.24112,301.81982,0.8031705
0.0,0.0,0.19830984,0.0,0.0,0.115964055,0.0,0.0,0.20135106,0.0,0.0,0.3185301,371.78323,221.15509,0.59070945,358.4822,229.97209,0.9294768,373.18475,230.70439,0.94875455,352.94748,242.33296,0.64559305,377.07733,243.04741,0.7959739,0.0,0.0,0.48418093,378.75336,252.81647,0.6267689,359.74887,253.27277,0.9700207,368.69525,253.73415,0.9747463,362.5889,272.07153,0.95728195,369.52475,272.14865,0.9652744,362.15967,289.87552,0.9449015,367.27145,290.53638,0.95320934
