0.0,0.0,0.036365803,0.0,0.0,0.021721624,0.0,0.0,0.021219902,0.0,0.0,0.4912799,389.65457,196.80376,0.5466389,362.97217,219.39032,0.9596968,401.60294,215.85913,0.9774237,352.89615,247.87561,0.81817925,414.70334,239.87245,0.9110905,355.5398,264.41138,0.551009,413.58514,254.34866,0.6939872,374.2136,272.14243,0.9918343,398.53622,270.94928,0.9941024,378.1242,312.34735,0.97967875,396.6075,311.63422,0.9837451,376.87192,353.76718,0.95142156,388.2292,352.04623,0.958531
0.0,0.0,0.3663252,0.0,0.0,0.08648608,0.0,0.0,0.2799711,0.0,0.0,0.25760427,312.18054,178.98347,0.80644596,274.54013,202.9149,0.9672824,317.74594,202.40787,0.9852722,264.39285,244.50128,0.884423,340.9839,222.57877,0.9579196,272.81088,273.7987,0.7844784,336.762,206.23303,0.8986567,287.4386,276.6935,0.9918373,314.51825,277.1403,0.99404186,296.2043,329.2608,0.9837482,317.4006,323.9004,0.9881882,299.17413,380.41583,0.9473116,319.16602,365.82205,0.95769995
0.0,0.0,0.08425312,0.0,0.0,0.02368313,0.0,0.0,0.089480154,0.0,0.0,0.35812554,589.226,198.22781,0.8721638,561.21686,218.69885,0.9768663,598.17706,218.768,0.9923947,553.31445,245.16618,0.78886104,610.6499,247.77922,0.9583099,558.58624,259.19952,0.5185969,614.33887,265.7493,0.80080664,570.16486,271.4764,0.9950913,595.2669,271.45792,0.9973484,568.8092,311.95694,0.98769593,596.2214,311.4417,0.99280435,568.19415,350.90805,0.97191566,596.2502,351.14822,0.9807407
0.0,0.0,0.12037652,0.0,0.0,0.08467938,0.0,0.0,0.05916231,154.47263,205.4449,0.60277903,0.0,0.0,0.44646427,146.4216,221.06448,0.95694864,174.01222,221.72598,0.9474078,137.35968,240.95612,0.7668303,174.62204,241.9149,0.66075784,142.96368,251.14963,0.5040019,0.0,0.0,0.39572862,150.71666,264.6554,0.97983515,169.57188,265.1847,0.97629136,144.4585,300.2436,0.9643363,165.98874,301.06216,0.95208883,142.12167,334.94934,0.93727314,163.87172,335.40314,0.9219053
501.01666,197.263,0.9156036,504.04413,194.65991,0.864309,498.9043,194.28937,0.8370118,508.4243,197.84492,0.6736691,495.0193,196.6347,0.55562294,513.48,216.32576,0.98644805,488.5975,215.93503,0.98599005,520.8374,237.32419,0.935646,480.76187,237.56496,0.9149245,525.35333,254.91957,0.89852124,483.67685,256.33066,0.87174165,513.10834,258.28928,0.99181,496.94687,258.71146,0.99163073,517.25934,292.0137,0.98685986,498.07666,292.28094,0.9846816,524.1069,323.38113,0.9755103,501.25708,323.00436,0.97184044
0.0,0.0,0.09374181,0.0,0.0,0.054779053,0.0,0.0,0.05758655,0.0,0.0,0.45737815,697.12146,198.82451,0.52935046,677.4575,215.72797,0.96285915,703.9906,215.04404,0.97411567,672.75397,235.54767,0.8263439,710.15735,236.95099,0.8857146,674.54596,251.61478,0.60054755,710.29297,256.19077,0.68613404,683.66785,254.90668,0.9879792,700.79926,254.68279,0.99040854,685.76654,283.44778,0.9700869,698.19904,283.35596,0.9740217,689.05396,310.2068,0.94113636,697.65936,309.87033,0.94650054
451.61652,202.03575,0.90004957,454.29117,199.28535,0.81711715,448.82532,199.15761,0.8483306,458.20877,201.2512,0.56684923,443.8483,200.83904,0.6653033,463.52542,217.90332,0.974881,437.8879,217.42207,0.98501945,467.34384,237.98993,0.8280175,428.96402,236.96754,0.90128195,462.8694,256.42075,0.752351,424.20877,256.80194,0.82663,459.9548,257.47168,0.9753336,443.5276,257.27786,0.9808632,462.7316,286.71317,0.9417076,444.41815,286.21878,0.9506957,463.0084,313.59018,0.89266604,444.36093,312.6033,0.90472955
538.78986,205.02856,0.62050706,0.0,0.0,0.42600948,537.3433,202.74704,0.5213114,0.0,0.0,0.38907948,536.14905,204.68027,0.5641686,541.1864,219.9306,0.94583875,535.38196,219.4931,0.96419275,542.16626,237.70903,0.74554974,533.87933,238.07874,0.84944344,542.7436,250.62672,0.6493006,535.4746,252.85257,0.7482959,541.8613,255.90556,0.97357416,538.72534,255.79163,0.97934383,542.62744,285.4966,0.96314037,539.6018,285.19138,0.9699516,546.1659,314.71835,0.9437939,541.6653,314.2359,0.951337
0.0,0.0,0.3094334,0.0,0.0,0.34442675,0.0,0.0,0.1064273,644.23566,217.10204,0.7166174,0.0,0.0,0.17647363,642.7599,231.09154,0.9532037,656.1132,230.69217,0.85866284,635.8657,247.84108,0.85986894,0.0,0.0,0.40979144,630.38074,253.73073,0.7142909,0.0,0.0,0.3288684,643.3932,265.84393,0.97287005,652.35254,265.43204,0.9490546,641.6843,294.3392,0.97414863,648.34155,294.48212,0.9451846,644.2108,323.03986,0.9652243,648.5347,322.3601,0.939342
0.0,0.0,0.094052106,0.0,0.0,0.108906716,0.0,0.0,0.038736496,0.0,0.0,0.15289094,0.0,0.0,0.026393702,0.0,0.0,0.13875681,0.0,0.0,0.0707986,0.0,0.0,0.2304421,0.0,0.0,0.062268686,0.0,0.0,0.22663628,0.0,0.0,0.0804382,0.0,0.0,0.1293005,0.0,0.0,0.09141317,0.0,0.0,0.12304372,0.0,0.0,0.08062968,0.0,0.0,0.06367903,0.0,0.0,0.046999827
0.0,0.0,0.17370468,0.0,0.0,0.19419259,0.0,0.0,0.051407415,210.0606,215.2079,0.76013964,0.0,0.0,0.23280638,208.66116,229.88113,0.9625169,230.86531,228.1144,0.8864383,203.5717,249.04259,0.8621625,0.0,0.0,0.43541586,203.52756,256.80566,0.6466073,0.0,0.0,0.28039512,219.3752,266.88412,0.96506417,234.78651,266.2649,0.9367509,220.33708,294.97473,0.93596095,237.27644,294.62225,0.8768404,222.38849,322.52682,0.8816317,240.35216,320.41736,0.8146901
