0.0,0.0,0.21558225,0.0,0.0,0.052927967,0.0,0.0,0.15527846,0.0,0.0,0.3254559,100.11443,134.71669,0.77649844,49.595013,167.13725,0.9625766,106.10721,172.19743,0.9814323,36.08692,223.23792,0.85776764,116.570656,223.31068,0.9379512,33.000935,266.91714,0.72420025,104.38408,242.14653,0.84939003,53.442467,264.13046,0.99579936,89.30942,266.73746,0.99687165,64.838425,338.73932,0.9942497,85.467255,345.94345,0.99585295,63.672966,409.68497,0.9817733,71.93604,419.11417,0.98495144
0.0,0.0,0.22552088,0.0,0.0,0.062368255,0.0,0.0,0.18216737,0.0,0.0,0.21784921,411.34888,186.69617,0.6291921,380.99686,209.46257,0.8730774,420.96698,210.19804,0.9640341,385.7888,232.58394,0.669221,441.53088,225.33772,0.9301344,403.5453,225.10988,0.53973615,436.78995,201.5099,0.82644415,384.77283,276.39478,0.9761342,413.2965,278.02277,0.987665,383.512,319.19348,0.97162,422.97787,326.55908,0.98641324,366.23764,356.06723,0.9491732,420.76663,370.25754,0.96783274
0.0,0.0,0.12752528,0.0,0.0,0.07165479,0.0,0.0,0.08807293,596.1392,198.97519,0.5523852,611.66144,199.08801,0.6517476,588.753,220.04124,0.96766335,619.9858,220.08614,0.9844707,578.54456,248.5222,0.85560036,628.81573,246.33311,0.9435614,578.07996,271.11215,0.6667966,633.19257,267.04382,0.80667937,595.0312,269.69794,0.9902767,614.13477,269.99704,0.9933067,599.8305,310.00302,0.9758522,611.28296,310.27292,0.9813415,601.16565,347.6271,0.9407376,605.01306,347.68536,0.950453
0.0,0.0,0.10798494,0.0,0.0,0.07407992,0.0,0.0,0.053990945,153.99876,204.86766,0.565486,0.0,0.0,0.4223566,146.48364,221.4829,0.94312155,173.59357,222.36029,0.93259996,137.00163,243.83421,0.7510161,174.80986,242.74693,0.6612556,137.62604,256.94662,0.5093668,0.0,0.0,0.4164072,149.57408,265.26288,0.980508,168.41443,265.79782,0.9775939,143.78197,300.20468,0.97502047,167.36423,300.98166,0.967196,141.37517,335.16565,0.95937544,167.74188,335.74316,0.95005184
0.0,0.0,0.14221962,0.0,0.0,0.11852996,0.0,0.0,0.059758585,329.30017,211.69783,0.7856837,344.94833,210.96538,0.5252263,324.50482,232.03639,0.9806262,358.31876,230.99051,0.9791164,313.7616,258.88477,0.9069938,370.45273,258.7292,0.8766988,312.8144,274.60727,0.71794176,373.1007,278.52475,0.6642443,331.0286,282.70908,0.9905805,352.5068,282.16306,0.9900233,335.1619,319.40402,0.97618026,354.9374,319.011,0.97184867,338.1982,352.7057,0.94445014,353.25327,350.7005,0.93727756
548.00946,206.14693,0.91127986,550.6246,203.68866,0.8452464,546.1576,203.74435,0.8484911,555.1794,205.26208,0.6457402,543.8925,205.29448,0.65999305,561.1896,221.04973,0.98527724,539.23645,221.17764,0.99050784,566.79034,239.71927,0.90112543,532.16425,238.80687,0.9347321,567.8511,257.38846,0.8477701,528.3318,253.92542,0.88240504,557.375,260.36188,0.9875145,544.3973,260.4432,0.9900967,555.6451,290.41202,0.97015417,547.6793,290.3245,0.97385436,555.18286,319.04288,0.93484676,550.98755,318.56284,0.94064796
0.0,0.0,0.09032663,0.0,0.0,0.05739175,0.0,0.0,0.052199796,0.0,0.0,0.48021913,0.0,0.0,0.47571176,681.58954,219.13878,0.9635773,706.21954,218.0243,0.96833783,675.475,237.8745,0.8426557,711.8456,237.31659,0.8502125,676.82806,251.36174,0.63390434,711.0591,252.12143,0.64152247,688.24506,255.01176,0.989912,704.5993,254.82187,0.99074745,690.78534,282.11707,0.98006505,705.1634,282.11176,0.97974646,693.07214,308.6607,0.9645206,705.9037,308.32562,0.9637947
467.4254,195.20383,0.86069596,470.35095,192.41637,0.85825366,465.7917,192.66493,0.63637173,477.7197,194.55309,0.80657065,0.0,0.0,0.2829575,487.12418,211.31458,0.9850558,461.99448,212.57114,0.9596006,490.0703,229.80061,0.9410919,459.06802,231.81487,0.6799647,471.04285,215.33055,0.89457005,463.0049,218.64537,0.6330211,480.59982,255.72456,0.9869415,463.399,255.59216,0.9764553,484.0682,291.2346,0.9800882,461.66693,291.04688,0.95876765,488.11005,327.50525,0.9578882,464.16135,326.31055,0.9282924
0.0,0.0,0.21676373,0.0,0.0,0.08744722,0.0,0.0,0.20778331,0.0,0.0,0.16382907,647.0278,208.79433,0.55669856,638.7468,222.2449,0.818239,648.31995,221.9931,0.91350406,0.0,0.0,0.4351002,652.43726,238.78027,0.7834666,0.0,0.0,0.33579996,655.6043,251.53853,0.6200371,642.11053,257.68893,0.9258896,648.45435,257.61606,0.95379347,641.0454,286.35867,0.9004948,644.948,285.93054,0.9380836,644.45917,312.80573,0.87095404,645.34796,312.67905,0.908096
0.0,0.0,0.15951398,0.0,0.0,0.17873935,0.0,0.0,0.04430302,210.56375,215.59048,0.7493926,0.0,0.0,0.2032224,210.43301,230.0389,0.9629863,231.49333,228.5151,0.89356446,204.63977,250.26762,0.88194275,0.0,0.0,0.48526034,202.4952,256.03775,0.68989426,0.0,0.0,0.3226687,222.57762,267.7998,0.9618246,237.5708,267.19574,0.9339024,220.906,293.03552,0.9097226,240.74382,292.67175,0.83382046,222.42776,320.5827,0.8246109,244.75313,318.44705,0.73936033
0.0,0.0,0.15950482,0.0,0.0,0.09373391,0.0,0.0,0.10871855,0.0,0.0,0.35783932,0.0,0.0,0.42654768,780.4459,233.49434,0.923389,791.21436,233.86612,0.9373383,778.46954,245.63324,0.7321452,795.4985,245.58792,0.78461826,778.19727,254.58768,0.5739299,796.5182,253.78104,0.6196462,782.5499,256.50565,0.9720721,790.5136,256.96295,0.974859,781.7081,275.69702,0.95680827,793.7991,276.08514,0.9585823,781.21136,293.00473,0.9380235,796.42694,293.2542,0.93945545
