0.0,0.0,0.21485707,0.0,0.0,0.10653091,0.0,0.0,0.048947867,330.7335,134.38187,0.67285645,0.0,0.0,0.39674228,322.01328,172.45396,0.98563147,382.29144,171.66481,0.9831155,314.79352,231.51736,0.9662003,402.49268,230.17065,0.94875824,307.80103,279.2818,0.919009,401.81653,279.67792,0.89189625,334.1762,277.45697,0.9977291,377.8003,278.87363,0.9974366,313.37976,349.23117,0.9957546,377.49203,362.04385,0.99552923,298.18677,418.23572,0.976923,373.99008,439.2607,0.97675484
0.0,0.0,0.1335808,0.0,0.0,0.096493095,0.0,0.0,0.07900832,75.116104,210.02567,0.66401964,86.96863,210.09755,0.5126627,69.33061,224.28267,0.9871279,92.556496,224.48018,0.9843732,62.14833,243.11848,0.8718906,98.6617,243.29662,0.82688737,61.662624,258.29218,0.6548974,97.58289,258.46243,0.5863844,71.82645,259.5277,0.9951321,86.99239,259.65985,0.9946806,70.63562,287.40582,0.9877774,86.80399,287.42126,0.98645836,71.17362,314.0175,0.97573245,86.09533,314.0371,0.9739654
0.0,0.0,0.07908839,0.0,0.0,0.034205057,0.0,0.0,0.064556435,0.0,0.0,0.46220425,756.0185,186.23384,0.744589,730.12036,203.80902,0.9678609,763.65,203.16188,0.98460025,721.69727,229.13179,0.762909,775.8346,225.40645,0.91067004,0.0,0.0,0.48157185,775.3413,239.45865,0.67827576,736.8588,252.31277,0.99152327,758.81024,252.51178,0.99419266,736.57495,290.25854,0.9806707,758.44244,290.61032,0.9853361,736.2699,326.3739,0.9597383,755.3426,326.9037,0.96655107
0.0,0.0,0.06668681,0.0,0.0,0.069076434,0.0,0.0,0.020471863,547.48376,178.03859,0.7600975,0.0,0.0,0.26435077,543.82776,199.46404,0.9822932,572.82196,199.28967,0.96788603,533.72974,231.16472,0.9491745,579.6446,230.49277,0.8157774,526.9892,256.79776,0.82301867,576.9756,255.06696,0.5959872,546.57965,256.1394,0.99594146,566.1613,255.94447,0.99419904,546.2029,297.58994,0.99114096,568.2787,298.0274,0.98459584,543.27216,337.32898,0.977495,564.78186,337.0461,0.96619326
0.0,0.0,0.14885429,0.0,0.0,0.10698191,0.0,0.0,0.07327794,166.97505,202.34592,0.58601433,0.0,0.0,0.41976368,164.88495,218.66397,0.96672183,187.07239,217.52878,0.9684201,160.98878,239.43329,0.84547335,194.40865,238.19394,0.8271094,158.61371,254.97433,0.64768064,195.9759,255.92711,0.6184048,172.18001,255.01375,0.98719275,186.16345,254.7212,0.98717785,174.9679,283.96765,0.97314173,186.3284,283.73895,0.9701923,178.296,311.14825,0.95051795,184.86855,309.82248,0.9463721
0.0,0.0,0.115131296,0.0,0.0,0.099606484,0.0,0.0,0.041856844,803.7483,200.46971,0.6927272,0.0,0.0,0.3591732,796.17834,218.60039,0.9605763,826.37683,217.18297,0.91417086,786.0614,242.64713,0.824522,832.49316,239.30606,0.5346222,784.8171,258.4373,0.568384,0.0,0.0,0.3147171,799.2569,266.67688,0.9809747,820.45215,265.96613,0.97110915,791.315,301.53574,0.973543,820.6198,301.4785,0.9558959,791.24677,335.85434,0.9580607,825.633,335.33725,0.9393353
0.0,0.0,0.24627595,0.0,0.0,0.17846516,0.0,0.0,0.10530502,676.51605,176.58408,0.5932084,0.0,0.0,0.34404466,671.126,196.29657,0.95113796,708.167,195.58691,0.9198,659.57306,224.06569,0.8634987,721.6612,226.48839,0.76518685,650.00195,242.9186,0.6995786,719.5997,245.21945,0.6078813,675.9955,254.04573,0.9883195,700.7103,253.08707,0.9854702,664.3612,300.06912,0.9862302,692.328,302.59738,0.9845584,657.74286,347.8734,0.9719892,690.9097,353.87848,0.9705377
0.0,0.0,0.19135225,0.0,0.0,0.08634309,0.0,0.0,0.16059825,0.0,0.0,0.438833,131.74327,206.89746,0.7248311,114.739555,221.4998,0.97048396,136.01366,222.21663,0.9844348,108.16341,240.02295,0.79587615,140.62134,242.3489,0.9108555,107.37835,253.43982,0.58519566,142.62605,257.664,0.73711616,118.08557,258.57645,0.98962855,132.36258,258.95862,0.99247134,116.735214,285.95807,0.97849715,130.56714,286.1892,0.9828075,117.05567,311.31702,0.961237,129.47386,311.97284,0.9665463
469.19348,177.84302,0.92175174,472.67514,173.88583,0.83397096,464.83212,174.0493,0.89521825,0.0,0.0,0.48652416,457.4018,176.7223,0.7186674,485.4649,200.8179,0.97036314,448.3198,200.84453,0.9841219,494.91388,228.43439,0.8015043,435.93033,228.1027,0.9119115,492.43713,236.99808,0.73909235,441.9853,235.05396,0.84859526,477.1105,263.75052,0.9857736,454.5787,263.91568,0.98971355,472.7589,313.27646,0.9781405,461.07172,313.4315,0.9830214,462.3345,360.53726,0.948581,461.28793,360.5618,0.95720035
0.0,0.0,0.123715855,0.0,0.0,0.0625081,0.0,0.0,0.08389665,0.0,0.0,0.33890748,0.0,0.0,0.49309912,506.72345,204.9595,0.92561007,533.3175,207.16733,0.9421551,495.27213,228.28787,0.63471013,535.9909,233.29675,0.7230344,0.0,0.0,0.40685216,0.0,0.0,0.47826803,508.26337,254.06482,0.9783952,525.13086,254.93098,0.98155344,509.60425,292.36368,0.96901906,521.9237,293.22388,0.9721643,508.20944,331.0917,0.9550864,513.9628,332.58618,0.9586689
