526.85236,172.51071,0.91701096,528.5402,168.37747,0.5967741,522.51996,168.2929,0.9177492,0.0,0.0,0.23125938,510.6675,172.25143,0.89258474,529.83136,202.68193,0.9362619,496.85114,204.13269,0.99521905,536.5372,242.75552,0.72912264,491.23773,247.31976,0.98854953,541.68085,273.07965,0.7109995,506.87418,277.2397,0.9717824,530.4824,278.95615,0.986987,507.7389,280.4485,0.99628013,530.2506,337.15994,0.9786791,506.08197,341.3477,0.99413514,518.43445,385.86673,0.95011604,493.3364,394.86328,0.9782281
0.0,0.0,0.10723379,0.0,0.0,0.09004538,0.0,0.0,0.045442227,311.85385,193.43332,0.6530144,0.0,0.0,0.36787966,307.79166,207.6288,0.9698313,329.6404,207.43564,0.9582176,303.38556,227.4523,0.89426947,334.05426,227.53079,0.7950847,302.09686,243.56938,0.72886246,332.6837,243.66626,0.59282917,310.38565,245.8008,0.9912062,325.77643,245.77563,0.98930806,305.47556,275.49683,0.98512036,326.00766,275.89133,0.97898895,302.54434,304.33154,0.97308594,327.0269,304.12457,0.9650684
136.2143,201.25923,0.92340916,137.83705,198.79938,0.81534994,133.53545,198.80626,0.898981,0.0,0.0,0.48425108,127.67529,200.71164,0.7781847,142.63982,215.9864,0.9813819,120.766,215.99855,0.99149334,148.53717,233.53006,0.8832621,114.99058,235.13202,0.95812637,148.47401,244.56406,0.8448396,119.40789,247.65024,0.9227121,137.50032,251.1624,0.987581,122.81028,251.191,0.9916618,139.84488,278.87375,0.9732283,119.867615,278.866,0.9806559,138.32115,305.23987,0.95136905,115.334236,305.69153,0.9619727
584.8406,192.36697,0.8896192,584.44116,188.50249,0.5298819,580.54474,188.586,0.9198471,0.0,0.0,0.14457998,568.3628,191.73894,0.9265733,577.14026,216.9756,0.9589673,558.48645,217.72952,0.9947432,582.09784,246.94267,0.6788006,552.40826,252.32306,0.982276,587.0487,269.15247,0.6589667,560.22516,280.799,0.9536151,577.4173,280.0444,0.9887687,564.9833,281.09885,0.9963821,575.68427,328.1357,0.97996134,559.17145,329.36063,0.99306726,571.3922,375.57794,0.96274996,548.55945,379.0237,0.9830699
174.77603,200.53342,0.7201955,176.33195,198.10771,0.6377285,173.26608,198.515,0.5330936,179.65677,198.88354,0.5373967,0.0,0.0,0.3265644,186.9581,210.73561,0.9686025,166.15218,212.36615,0.9578323,192.11038,226.10408,0.90386605,161.12889,227.62755,0.8280761,186.38052,232.89354,0.8584384,165.98395,231.66316,0.78185076,183.46104,244.69124,0.9885612,170.15884,245.32263,0.98646843,182.55804,271.56152,0.9861302,167.72397,272.11365,0.98181826,181.09583,298.30255,0.9778261,167.49495,298.66934,0.97266835
710.91345,206.25311,0.8829448,713.7405,203.63039,0.85263705,709.284,203.54851,0.7452064,719.5764,204.13087,0.7316915,0.0,0.0,0.4270445,727.5922,217.45929,0.9846362,702.4086,216.09564,0.9795554,733.41705,236.72849,0.9444443,694.6853,230.6138,0.8874677,725.4212,244.64423,0.9111113,700.14374,233.0291,0.8469803,721.6149,252.7188,0.9858519,705.8024,251.80717,0.9833308,719.44257,277.6503,0.96888137,704.85046,276.55942,0.9585817,718.72394,302.87698,0.9327219,709.3152,301.00534,0.9168389
0.0,0.0,0.09853877,0.0,0.0,0.08005733,0.0,0.0,0.04829647,208.38977,208.47075,0.52635825,0.0,0.0,0.28093517,205.50908,220.33424,0.9486829,223.30913,220.00905,0.9377432,200.84708,235.95393,0.7545573,225.74765,236.24463,0.62715286,198.32442,246.88898,0.52838665,0.0,0.0,0.40461135,207.87248,249.74203,0.9810348,220.66516,249.58115,0.97921777,203.77771,270.6981,0.9724911,219.08261,270.77826,0.9675633,204.03398,293.634,0.96039766,219.77486,293.0691,0.95542234
848.42456,188.82478,0.59523493,0.0,0.0,0.18194646,845.78845,185.39362,0.7362012,0.0,0.0,0.052509718,836.85767,188.69125,0.85185194,833.36786,208.70274,0.7337035,827.7711,210.14769,0.96366316,0.0,0.0,0.21717925,822.2354,236.98674,0.9294523,0.0,0.0,0.23806481,830.65247,253.73407,0.84721833,833.3111,255.95801,0.8912034,829.8734,257.48703,0.9663802,835.70935,291.8334,0.8596199,830.87885,293.10263,0.95767003,827.97375,323.65115,0.84205294,820.95215,326.65714,0.9347581
0.0,0.0,0.35426834,0.0,0.0,0.1937583,0.0,0.0,0.3615123,0.0,0.0,0.11349047,0.0,0.0,0.40412703,846.1055,207.65358,0.52143437,839.2642,208.68932,0.68468815,0.0,0.0,0.17724556,0.0,0.0,0.4202324,0.0,0.0,0.14901711,0.0,0.0,0.29766986,850.0154,256.39005,0.50733244,845.93805,257.62048,0.59121186,0.0,0.0,0.3256947,0.0,0.0,0.40072694,0.0,0.0,0.26482314,0.0,0.0,0.31607953
0.0,0.0,0.44393837,0.0,0.0,0.10031238,848.2247,182.66577,0.64779514,0.0,0.0,0.026866589,839.488,186.08182,0.824588,839.508,208.36078,0.5025494,831.6071,209.15663,0.93238777,0.0,0.0,0.10100576,827.777,236.11884,0.9084904,0.0,0.0,0.13221881,835.6105,250.55298,0.8130543,839.4788,257.10617,0.7425354,834.56506,258.1722,0.9267656,839.1409,292.6583,0.6925782,833.96216,293.36752,0.91432,832.3565,323.18726,0.687077,824.4676,325.51654,0.87602454
