0.0,0.0,0.27480462,0.0,0.0,0.08374765,0.0,0.0,0.18795224,0.0,0.0,0.31079882,271.85394,166.96053,0.6622825,232.52603,192.39325,0.93650407,276.63736,196.53757,0.9732429,219.2661,239.00113,0.8201676,283.9546,237.81096,0.92958564,222.65804,271.67932,0.7248216,275.6323,256.74615,0.85091764,235.29045,269.87024,0.98806715,265.94226,272.6582,0.9917744,232.94223,325.61975,0.9863302,270.99695,332.90457,0.99060386,224.33125,379.192,0.9685819,267.4754,389.57397,0.9750258
0.0,0.0,0.08623252,0.0,0.0,0.021189695,0.0,0.0,0.10125006,0.0,0.0,0.3288625,615.5818,200.54968,0.9047346,588.4263,221.32674,0.9716187,621.9586,222.00368,0.993529,581.54877,249.5001,0.72093827,633.5506,250.09593,0.9687773,0.0,0.0,0.4468612,642.66064,266.40967,0.8295625,594.7343,276.13937,0.993687,619.05817,276.911,0.9972433,591.3089,315.26437,0.98178375,630.2108,315.6758,0.99158645,580.29846,351.19217,0.9583481,629.2153,352.35092,0.97620434
0.0,0.0,0.078241356,0.0,0.0,0.032912184,0.0,0.0,0.07000227,0.0,0.0,0.37967065,423.81473,212.17732,0.7199494,399.27255,231.56612,0.95907027,431.41965,231.81226,0.98152953,392.23358,256.5255,0.79146546,442.50323,256.82437,0.93519443,391.71106,272.85376,0.5531559,445.71368,272.74255,0.76894456,406.05426,278.64755,0.99051297,426.24414,278.78275,0.9938526,408.10852,312.9122,0.97903115,421.49576,312.8822,0.9853496,410.35892,345.08905,0.957725,417.10934,345.4272,0.9669766
0.0,0.0,0.15962185,0.0,0.0,0.038094454,0.0,0.0,0.21332641,0.0,0.0,0.18843007,649.31396,199.43565,0.88175076,624.7213,217.08273,0.9178825,655.99774,217.70299,0.9850463,0.0,0.0,0.41325408,664.98157,242.43523,0.9354468,0.0,0.0,0.24015015,667.3822,259.1644,0.74926233,633.44836,263.6586,0.9675794,654.88855,264.06262,0.9879177,635.78064,299.70486,0.9288464,655.44916,299.24908,0.9728589,637.24176,334.29172,0.89300066,655.7211,334.66187,0.94585925
0.0,0.0,0.06275061,0.0,0.0,0.038015697,0.0,0.0,0.042357087,0.0,0.0,0.46922356,490.2045,200.85796,0.5588875,464.36975,221.53688,0.92831016,500.20596,219.94072,0.94238806,458.05722,247.4578,0.5903947,510.50977,241.55598,0.6618604,0.0,0.0,0.3077888,0.0,0.0,0.35415486,474.91342,267.985,0.97423834,498.1032,267.90222,0.97716993,479.44955,304.22534,0.9653081,497.7901,304.37836,0.96662116,484.47522,344.05627,0.9551791,496.71085,343.89758,0.9557307
0.0,0.0,0.10173483,0.0,0.0,0.06594103,0.0,0.0,0.055286165,155.00735,206.24261,0.5180758,0.0,0.0,0.4455988,146.58429,221.22417,0.94328743,172.53307,221.91862,0.93411714,138.07788,241.38483,0.70799667,172.76913,242.434,0.6265991,0.0,0.0,0.4376051,0.0,0.0,0.3626984,149.49736,263.67014,0.97589475,167.34561,264.34973,0.972337,145.64359,297.20248,0.9621977,166.18607,298.21225,0.9517166,143.68764,330.3346,0.9381505,164.18002,331.10855,0.9255682
532.2483,195.15726,0.9047162,534.7309,192.2986,0.8158919,528.9956,192.02794,0.8468374,537.556,195.07549,0.56545043,522.2203,193.9639,0.6658357,540.721,212.7231,0.9783192,515.8151,212.43794,0.98137957,546.81586,232.85158,0.84644717,513.2792,234.18956,0.8579789,544.9131,242.27353,0.77585185,519.80194,244.16086,0.7810668,538.4175,255.86458,0.9749342,522.6899,256.25992,0.9772792,536.13,290.9605,0.93812275,525.57587,291.54126,0.93945944,533.8508,323.25992,0.8815074,528.15656,323.95862,0.8825055
361.95795,187.64313,0.8610279,365.02124,184.47733,0.82326025,360.27554,184.89778,0.7173013,372.418,186.69316,0.68430793,0.0,0.0,0.41677722,379.6876,205.40906,0.96933794,358.88208,207.18066,0.96570253,377.8793,223.77592,0.8738625,353.38187,225.62231,0.8205724,367.34253,217.78677,0.8156427,356.19974,216.93712,0.76427233,378.14505,255.61945,0.9836083,363.92496,256.16586,0.982756,379.88718,296.25064,0.981937,363.32025,296.68726,0.978571,379.423,334.71884,0.9712407,358.41705,334.1614,0.96731335
0.0,0.0,0.07205745,0.0,0.0,0.031604156,0.0,0.0,0.061369963,0.0,0.0,0.2738736,699.33417,207.06001,0.56878215,680.89453,220.60712,0.9143728,705.13806,220.23848,0.95072305,676.2135,240.25708,0.68746835,713.08405,239.75714,0.86442596,0.0,0.0,0.47251427,715.5411,260.1048,0.6676433,684.3424,256.08246,0.97903156,700.4037,256.002,0.98458743,687.6997,282.3048,0.9614336,701.5871,282.0752,0.9707437,688.556,306.45203,0.9407667,700.202,306.2762,0.95100677
207.11365,209.88527,0.8550248,209.55002,207.00757,0.65387905,204.14268,206.87196,0.86551636,0.0,0.0,0.28839186,197.68242,208.17542,0.79748094,214.22572,225.8693,0.91416657,189.4559,225.32747,0.9759094,0.0,0.0,0.47517928,184.14471,245.74638,0.889249,0.0,0.0,0.432465,194.04947,256.5718,0.79564047,211.49419,268.0,0.9229021,195.07402,268.2635,0.9620615,209.52853,301.76514,0.8775647,192.77669,301.8928,0.93711996,207.94276,334.17548,0.82753253,192.23285,334.4785,0.8917383
