0.0,0.0,0.38370603,0.0,0.0,0.08123886,0.0,0.0,0.3027207,0.0,0.0,0.39217824,88.19926,134.72438,0.8862924,37.728947,167.96964,0.982735,95.1565,172.74051,0.99509144,22.323864,224.38525,0.90718216,106.180305,225.2894,0.9815749,19.996206,268.38077,0.80445516,95.44591,248.20381,0.93954813,43.380676,267.92957,0.9979831,81.601944,270.4599,0.9988895,47.106518,339.75137,0.9961636,81.28423,349.2621,0.997973,36.48654,406.1798,0.98452777,71.509514,422.05664,0.9894839
0.0,0.0,0.15627193,0.0,0.0,0.034063756,0.0,0.0,0.12522602,0.0,0.0,0.1548315,397.2782,184.91147,0.6707247,363.9222,211.82289,0.8871914,402.4809,208.86241,0.97433144,370.55286,236.43953,0.7038722,423.8406,224.39725,0.95021904,390.80817,223.28415,0.56291753,414.60574,196.13861,0.8636774,368.16617,284.407,0.98635095,396.6425,284.5987,0.99326384,364.52426,329.20944,0.9838816,407.54318,329.38632,0.9926696,351.31903,375.3926,0.9650634,415.51517,377.7082,0.97923356
0.0,0.0,0.1083585,0.0,0.0,0.058768045,0.0,0.0,0.0758775,593.7014,198.6586,0.52185845,609.98914,198.55843,0.65078986,585.48206,220.48837,0.965175,617.91486,219.7374,0.9819194,575.156,250.97557,0.8451488,626.80084,246.20036,0.9331062,574.1636,279.22992,0.641043,631.409,269.67923,0.77603155,593.50903,271.36673,0.98969984,613.2938,271.53656,0.9925955,598.7728,311.39474,0.9741744,610.4374,311.6106,0.9793403,600.51215,348.40732,0.9374059,604.2182,348.53116,0.94637156
0.0,0.0,0.14225723,0.0,0.0,0.097318746,0.0,0.0,0.066785514,153.1437,205.50583,0.6096273,0.0,0.0,0.4522956,146.68231,221.36751,0.9635712,173.72429,221.67102,0.95869523,139.0072,243.296,0.786575,175.04042,243.29904,0.71148443,141.37866,253.15482,0.5375768,0.0,0.0,0.45299125,151.41248,264.4538,0.9846029,169.91513,264.7287,0.9827261,145.1836,298.93793,0.97382337,167.06445,299.48163,0.96646047,143.90456,333.78387,0.9534044,166.0215,333.73737,0.94388986
0.0,0.0,0.093867496,0.0,0.0,0.052255932,0.0,0.0,0.061549414,0.0,0.0,0.42806822,699.76733,202.89299,0.5423503,680.69684,218.46567,0.9638463,705.4984,217.37968,0.9748864,674.459,237.00598,0.83182466,711.75397,235.92963,0.88577217,675.69653,249.85483,0.6277933,711.33124,249.2844,0.69972783,687.0652,253.87668,0.9914581,703.4054,253.712,0.9930882,689.9795,281.2749,0.98382115,703.9464,281.2517,0.9856125,691.8341,308.99615,0.9716825,703.76654,308.87418,0.97377485
474.02518,193.79906,0.8813138,476.91095,190.75652,0.8824922,471.70645,191.20755,0.69197464,482.93854,192.91228,0.81300956,0.0,0.0,0.31009758,492.39746,210.09569,0.9860491,468.22293,211.11789,0.96143824,503.9817,226.37083,0.94818664,467.81454,223.76581,0.7133926,495.43155,222.43468,0.90959996,476.9235,206.26,0.6795507,488.33267,254.60869,0.98718494,472.35733,254.87717,0.97770464,489.087,290.31473,0.97986037,473.0589,290.59116,0.96061796,491.57553,324.509,0.9563266,475.72253,324.16092,0.92872876
547.29083,205.55127,0.8736413,549.5155,203.18486,0.7671996,545.89703,203.17157,0.8061836,553.76434,204.9278,0.54074895,545.2555,204.64981,0.6582548,558.595,220.95853,0.97524536,541.4409,220.03467,0.98702407,564.35724,239.7808,0.8266929,531.0924,236.8084,0.9200331,566.0807,256.62582,0.7534127,524.5195,252.24324,0.8537801,554.4172,260.312,0.98225003,544.8322,259.90573,0.9874884,552.76117,290.01144,0.9652129,547.81616,289.5263,0.97342604,553.61505,319.25772,0.93439865,551.3362,318.30463,0.9456706
0.0,0.0,0.07131264,0.0,0.0,0.04574073,0.0,0.0,0.040277977,327.8355,210.49257,0.5373474,345.46506,210.06944,0.5088481,318.24567,229.04344,0.9576596,354.0721,228.68002,0.9430289,307.87225,253.08281,0.77156144,358.25806,255.37634,0.64713293,0.0,0.0,0.45051426,0.0,0.0,0.33877236,327.92175,277.64752,0.97687703,350.81863,277.7843,0.97178054,334.5136,315.37985,0.9417742,350.48798,315.63184,0.92406905,339.37503,351.11728,0.8900289,348.0764,351.2266,0.8671371
0.0,0.0,0.09863292,0.0,0.0,0.058698684,0.0,0.0,0.06115045,0.0,0.0,0.28783843,0.0,0.0,0.3398806,635.4266,223.83179,0.87186605,651.90015,223.2159,0.88809377,633.27795,240.40244,0.63048697,656.1354,240.85504,0.70147043,0.0,0.0,0.44880515,655.70795,253.64954,0.51781684,639.1555,258.34415,0.96157277,650.10034,257.92767,0.9660362,637.957,286.85797,0.95138544,645.8219,286.46085,0.9556963,641.1612,314.22717,0.9302948,646.41943,313.51025,0.9346882
0.0,0.0,0.15908065,0.0,0.0,0.17254338,0.0,0.0,0.04678086,209.50725,215.7644,0.74301624,0.0,0.0,0.22621176,209.57559,230.09192,0.96241564,230.96094,228.4493,0.9004872,204.71739,250.07182,0.8756369,235.17068,251.14624,0.51309115,202.4389,256.27405,0.67558986,0.0,0.0,0.3373533,222.3763,266.63046,0.95774186,237.47787,265.9718,0.9305009,221.59332,289.95917,0.89515495,240.9488,289.46414,0.8187616,223.41776,316.49707,0.7989698,244.87073,314.1978,0.71480507
0.0,0.0,0.15360992,0.0,0.0,0.092540115,0.0,0.0,0.10196475,0.0,0.0,0.15531792,0.0,0.0,0.18620798,425.70834,212.97406,0.6874987,425.61383,215.52194,0.63557494,423.97534,230.33871,0.56845737,0.0,0.0,0.47541186,0.0,0.0,0.48836157,0.0,0.0,0.4195645,427.37305,265.51266,0.909134,426.84177,267.03302,0.89745337,426.02496,310.26886,0.9289181,424.16644,312.052,0.9149434,428.3987,355.45953,0.9016915,423.75464,358.04022,0.8878036
0.0,0.0,0.42255944,0.0,0.0,0.20898193,0.0,0.0,0.37896112,0.0,0.0,0.2607039,785.41895,225.09677,0.6200084,779.75336,232.74551,0.9278631,784.42737,233.29445,0.96714514,778.44354,243.60077,0.6654225,786.1547,244.21164,0.88646615,780.9849,250.99602,0.56778777,787.9231,251.58353,0.78392476,781.21484,255.73428,0.97280854,784.7288,256.21423,0.98248863,781.1963,274.6158,0.9603892,785.02765,274.77435,0.9739232,781.66254,292.365,0.9489942,785.2116,292.67908,0.9624431
