0.0,0.0,0.32459015,0.0,0.0,0.15106736,0.0,0.0,0.13042933,263.0869,163.4204,0.5930622,0.0,0.0,0.48609537,251.18054,190.75168,0.98026925,297.56314,191.87265,0.9737675,230.49496,231.23672,0.95409757,314.14993,230.94536,0.93042123,226.6324,265.1746,0.90542656,320.27667,260.87918,0.8726104,259.56247,265.98715,0.9951798,288.85934,266.29984,0.9944424,260.47144,322.18658,0.99144506,286.37686,322.05115,0.9905523,262.4864,375.51767,0.972179,281.60175,375.09174,0.97092193
547.1886,132.59981,0.97300196,551.71576,128.43402,0.84073704,540.8361,127.827484,0.95719737,553.0527,135.15024,0.5372626,527.23346,134.31262,0.909172,556.4559,178.3229,0.9909514,515.7132,178.12862,0.9981012,565.1366,235.09518,0.93039596,499.70145,234.40204,0.99210936,579.9647,272.1751,0.8817391,501.21558,291.90353,0.97575253,554.42096,275.49814,0.9968982,531.20215,277.44955,0.99862766,541.9351,345.22964,0.9919946,542.2412,350.91034,0.99656206,522.2283,414.0859,0.9662488,542.5614,426.0301,0.9804851
660.513,156.69078,0.95234036,664.5717,151.72955,0.8806167,655.11145,151.4427,0.8982256,669.6509,155.38255,0.59894806,646.79834,155.29793,0.6569846,679.5453,188.01817,0.98182124,635.3621,184.52982,0.97981775,684.38666,219.4384,0.93426496,623.74713,212.5436,0.9273428,662.2734,196.00586,0.8799523,627.4248,199.27505,0.8780541,664.5601,276.8959,0.99336445,632.07965,274.20465,0.9929825,673.4036,342.40552,0.99007696,625.8878,339.0196,0.9901647,669.2798,399.28256,0.9734578,606.8931,396.96997,0.97363204
771.92706,205.98146,0.52742696,0.0,0.0,0.26293266,0.0,0.0,0.4690903,763.99243,202.94243,0.5058011,769.7583,204.0984,0.8363769,754.9712,221.60669,0.975519,776.5634,223.48795,0.9886015,744.84326,243.32362,0.7156946,789.1075,248.72153,0.9032317,746.0435,261.35944,0.50888956,793.107,269.63364,0.729319,755.7357,270.60458,0.97798216,768.7404,270.96564,0.9859648,753.2745,302.43726,0.9426287,762.6735,302.39722,0.96216196,753.96124,332.2332,0.89419997,756.1115,332.88705,0.9213033
0.0,0.0,0.15866284,0.0,0.0,0.10063639,0.0,0.0,0.108471446,70.506546,214.20567,0.5607677,81.15845,214.16928,0.5662129,65.59789,227.1294,0.9819193,86.02472,227.07507,0.9822567,60.87978,242.87912,0.8283706,92.34087,242.62611,0.84020233,62.16302,254.51569,0.6133692,92.78008,254.26778,0.62344724,68.62421,258.10077,0.9925493,81.99038,258.17862,0.99273443,68.82518,282.6242,0.98358685,83.26568,282.41684,0.984109,68.98924,305.2085,0.97024286,83.34022,305.29742,0.971247
0.0,0.0,0.116897635,0.0,0.0,0.07978005,0.0,0.0,0.07846785,158.96776,212.06458,0.5195976,0.0,0.0,0.46476573,153.97192,224.84991,0.9687347,173.63298,225.21132,0.96823156,147.12666,242.01628,0.7728693,177.99368,242.66608,0.7697261,145.6574,255.84964,0.5194352,176.32114,256.92624,0.51035815,155.88585,256.90002,0.98550653,168.6462,256.97964,0.9855693,157.33165,282.07324,0.9634694,166.56534,282.20108,0.9633283,158.96118,305.687,0.93843484,164.6415,305.66162,0.9384639
0.0,0.0,0.17112528,0.0,0.0,0.07860061,0.0,0.0,0.17930543,0.0,0.0,0.38727245,132.84854,215.76587,0.75457615,116.44403,226.88759,0.9810419,135.95293,227.77295,0.98837864,109.85786,242.68315,0.78536135,141.07977,243.62833,0.9218675,112.07099,255.45325,0.554489,142.41826,256.65933,0.7521526,118.31144,256.76004,0.9904518,130.73691,257.16516,0.9926329,119.44874,280.7124,0.9718026,130.74545,280.7344,0.97966766,117.686134,302.85092,0.9490315,128.15944,303.58688,0.9605425
368.63,182.82518,0.89760405,369.52628,179.69878,0.60897934,365.12183,179.10622,0.91929305,0.0,0.0,0.16241795,353.4021,180.66476,0.8884644,366.37326,203.06284,0.9573516,341.35373,201.4865,0.99136615,373.87674,226.81038,0.72852975,341.0072,227.07925,0.9744024,375.03387,223.05952,0.710798,362.15134,222.87785,0.94517547,364.95926,257.59967,0.98643076,347.53522,258.1225,0.9943422,368.22354,302.14938,0.97756577,347.6688,302.94144,0.99054927,365.7417,341.55716,0.956335,340.75827,343.54285,0.9769742
0.0,0.0,0.145315,0.0,0.0,0.0649591,0.0,0.0,0.102167,0.0,0.0,0.32623753,490.5982,189.17366,0.5718295,466.79108,206.67664,0.94060826,494.97162,207.03186,0.9571265,462.16956,231.55733,0.70840734,497.0828,234.35345,0.8070913,0.0,0.0,0.46916798,495.06018,254.38623,0.5672137,471.26205,253.7692,0.96972835,489.5794,253.94127,0.97474426,475.23004,290.0968,0.9198921,487.4861,290.12915,0.9306262,478.25153,322.11203,0.84142005,484.50714,322.61008,0.85679024
0.0,0.0,0.19053233,0.0,0.0,0.10759096,0.0,0.0,0.1269951,0.0,0.0,0.37222558,0.0,0.0,0.46610308,808.69366,220.64781,0.9060567,827.9129,221.67322,0.917555,802.3644,241.76126,0.53981787,831.28217,242.49959,0.59276474,0.0,0.0,0.3428285,0.0,0.0,0.37353337,811.1757,263.51718,0.95894015,824.46277,264.0719,0.9627361,807.1556,296.1389,0.9458848,823.3393,296.64798,0.94805586,809.181,328.39694,0.935626,824.9917,329.21173,0.9374734
431.87744,209.29121,0.9168974,434.44107,206.44833,0.83908117,429.29517,206.76459,0.8818914,438.9741,208.35936,0.5341303,425.5883,209.20833,0.6900849,444.23648,224.8914,0.96488446,420.9884,226.53665,0.9831186,449.029,242.8327,0.805764,416.11438,245.1152,0.922673,443.99847,247.10703,0.7622329,422.36395,247.94594,0.8745652,441.94934,265.27338,0.9711447,426.60623,266.22607,0.98098534,441.99234,299.31894,0.9521233,425.518,300.0567,0.9657568,440.88333,330.57825,0.92451346,423.4626,331.27838,0.9407506
0.0,0.0,0.063848056,0.0,0.0,0.05395265,0.0,0.0,0.04421238,0.0,0.0,0.12687159,0.0,0.0,0.0908341,0.0,0.0,0.30309698,0.0,0.0,0.30328023,0.0,0.0,0.2789396,0.0,0.0,0.2653998,0.0,0.0,0.26197886,0.0,0.0,0.24596892,0.0,0.0,0.4471224,0.0,0.0,0.4537093,0.0,0.0,0.4564262,0.0,0.0,0.45327127,0.0,0.0,0.46509966,0.0,0.0,0.4672085
385.31747,199.91875,0.8431812,388.2376,197.23692,0.7672284,382.863,196.76112,0.8198908,0.0,0.0,0.44106403,378.69867,197.91405,0.61257625,395.5935,215.1572,0.94863373,373.19785,213.5376,0.9564511,400.2399,231.65646,0.68333346,370.0893,229.39288,0.77763474,395.24295,231.02115,0.6333747,379.69156,229.23619,0.71634257,390.21054,256.07816,0.9466988,376.04193,255.49922,0.9514611,390.61032,291.9183,0.84844327,379.25204,291.222,0.8651194,389.775,324.1344,0.6686684,380.3644,323.80127,0.6928247
0.0,0.0,0.14496674,0.0,0.0,0.11053925,0.0,0.0,0.1073788,0.0,0.0,0.21811604,0.0,0.0,0.20565574,843.2079,224.31961,0.5475399,846.9642,225.46921,0.5684732,0.0,0.0,0.265937,0.0,0.0,0.28102794,0.0,0.0,0.2178507,0.0,0.0,0.21924086,843.678,261.0831,0.6562856,846.39795,261.8768,0.67276454,842.5935,294.08145,0.62690425,845.9514,294.73145,0.63213265,847.6219,323.80716,0.6354328,849.5377,324.49707,0.63944834
