0.0,0.0,0.37240008,0.0,0.0,0.18907647,0.0,0.0,0.1146702,304.2327,135.65263,0.7315526,336.03754,134.93013,0.5958551,289.4502,172.82407,0.9936878,349.1241,172.19963,0.9878615,267.791,226.74797,0.9794449,370.22827,227.83022,0.9412669,251.23792,267.33896,0.93073374,370.18573,276.39655,0.86195976,297.9921,272.50592,0.997829,338.38434,272.53177,0.9966993,286.61487,344.96127,0.99164915,336.7124,341.88513,0.9876232,292.635,420.15817,0.94580686,340.44302,410.9347,0.93365747
0.0,0.0,0.10152084,0.0,0.0,0.055012167,0.0,0.0,0.095364764,0.0,0.0,0.42275828,84.275,209.83339,0.6422823,66.03316,223.28224,0.9796296,89.11961,223.67355,0.9843536,58.293957,241.99216,0.8195035,95.58118,241.52596,0.9019445,59.787075,257.42892,0.5997496,95.73943,257.19614,0.7207896,68.785675,258.0697,0.9950363,83.9251,258.17343,0.99572796,68.837234,285.68887,0.9889208,85.29131,285.4389,0.99090624,67.273994,311.53094,0.9786901,83.925995,311.701,0.98184276
415.08353,157.89586,0.9599393,419.15417,153.5069,0.8862442,410.36295,152.48648,0.94755524,0.0,0.0,0.48485678,399.0505,154.83688,0.8203078,424.15192,191.0643,0.9829437,384.9165,187.68405,0.9918138,430.23105,231.33505,0.88348,374.47305,228.18051,0.9525242,438.1426,268.28192,0.8410296,378.84995,267.65485,0.91057575,417.2027,268.23413,0.9882632,392.9447,267.94574,0.99190825,412.9445,325.9072,0.96882635,401.39636,325.9255,0.9760509,413.15424,377.14114,0.90594965,408.12976,377.25513,0.92083216
0.0,0.0,0.118377015,0.0,0.0,0.082069166,0.0,0.0,0.05308114,529.9827,182.08864,0.6658102,544.91345,180.8124,0.5377534,525.24817,201.89148,0.9827854,554.5291,200.1596,0.9871263,519.9716,230.01997,0.9218363,563.38306,228.45203,0.93398595,517.3122,256.6134,0.7649608,564.0164,256.32925,0.78535753,533.3101,253.82147,0.99445456,552.5753,253.0864,0.9954615,532.40967,292.91147,0.9822496,551.0519,292.32318,0.9833778,540.2127,330.34433,0.9509643,557.7631,328.9845,0.9531882
498.33707,174.07312,0.88436335,502.2286,170.59686,0.7784046,494.45346,170.81602,0.83278173,505.7644,174.84782,0.5580655,488.3286,175.13026,0.6693597,506.14685,200.3777,0.955839,483.3273,198.52979,0.96638584,504.84912,231.09305,0.8040942,479.6704,220.36485,0.8630664,506.67664,239.89708,0.686436,492.3982,218.10652,0.76040703,501.6171,265.03064,0.98952883,483.93082,265.6258,0.99049544,509.64795,318.12454,0.99033785,483.57196,321.35803,0.99198055,513.37427,369.29245,0.98472273,478.46198,374.61713,0.9867019
0.0,0.0,0.14032874,0.0,0.0,0.12404973,0.0,0.0,0.039445717,660.9633,182.07716,0.7830781,0.0,0.0,0.3630029,656.93115,201.95941,0.9827734,691.99994,198.53064,0.9655244,649.86346,232.51837,0.9210302,704.60236,226.52776,0.7428425,645.5665,254.65063,0.74569476,696.39886,246.17352,0.5062438,664.22,256.1545,0.9919614,687.83887,254.16678,0.9888465,657.87,300.44235,0.9837255,684.40784,299.07263,0.9742774,658.3431,342.9825,0.95810336,685.8427,340.7367,0.94223756
0.0,0.0,0.15340132,0.0,0.0,0.087566175,0.0,0.0,0.0983899,0.0,0.0,0.45923728,177.52936,204.05745,0.52340627,162.45796,221.04178,0.9635889,183.66623,220.52127,0.97797525,157.83885,241.7033,0.83257174,191.05817,240.7896,0.90399235,154.36797,257.23584,0.65196663,193.32898,257.20935,0.7456873,168.2661,257.26056,0.9881456,181.32845,257.2888,0.9907811,172.39972,285.10303,0.9721859,180.64136,285.10208,0.9762972,175.75464,310.69577,0.9461745,177.59058,310.29727,0.9517964
0.0,0.0,0.28201547,0.0,0.0,0.10259098,0.0,0.0,0.26355773,0.0,0.0,0.29156122,133.31773,209.78041,0.7726484,115.460464,224.24176,0.9556715,136.50024,225.11316,0.9821031,108.87375,242.53938,0.70584846,141.81927,244.96373,0.9215944,110.55106,255.6969,0.5344445,143.8596,259.1959,0.78991425,116.67222,260.16382,0.9831619,130.30327,260.36478,0.9901147,117.778465,286.5017,0.96893096,127.58073,286.4137,0.981427,116.75879,310.53174,0.9496588,123.42906,311.4042,0.9653689
0.0,0.0,0.092285715,0.0,0.0,0.04756717,0.0,0.0,0.07202519,789.8013,196.25461,0.534813,805.1897,196.22314,0.7378414,780.3355,215.54239,0.9636714,814.4267,215.85518,0.97709846,772.884,238.65137,0.76804745,824.36084,240.98946,0.87854034,0.0,0.0,0.47641617,824.9588,260.1481,0.6206116,784.50726,261.40094,0.9831913,806.8379,261.46533,0.98702455,783.27747,295.36768,0.95805687,804.08386,295.54642,0.96498615,784.3098,327.27463,0.9183781,802.5981,327.74274,0.9274549
0.0,0.0,0.13705073,0.0,0.0,0.09434021,0.0,0.0,0.078684956,761.38165,189.22215,0.7134375,772.95557,191.53227,0.59412545,748.3721,206.62791,0.9673765,777.4631,211.39867,0.95486486,732.2527,226.99907,0.7281673,779.76044,234.74374,0.57563233,0.0,0.0,0.41434544,0.0,0.0,0.28033096,744.5904,254.02205,0.9810353,764.23926,256.289,0.9756463,739.61505,292.26306,0.97134644,767.49725,294.89584,0.9581099,737.91534,329.0899,0.95451707,768.8719,332.491,0.9392031
0.0,0.0,0.08176607,0.0,0.0,0.07028981,0.0,0.0,0.04380905,0.0,0.0,0.18067487,0.0,0.0,0.0876971,0.0,0.0,0.4160108,0.0,0.0,0.39107117,0.0,0.0,0.3002698,0.0,0.0,0.23868021,0.0,0.0,0.2508295,0.0,0.0,0.20268874,848.82916,270.9496,0.5085987,850.34344,271.09024,0.50251424,0.0,0.0,0.40318403,0.0,0.0,0.381252,0.0,0.0,0.34807363,0.0,0.0,0.33670375
