0.0,0.0,0.113195196,0.0,0.0,0.06438283,0.0,0.0,0.0720165,0.0,0.0,0.492232,670.39276,203.11722,0.57208025,647.11145,221.59235,0.9594634,676.60614,221.38641,0.9644885,639.4831,246.2054,0.7909204,680.59503,245.67793,0.80948555,639.7267,269.61694,0.5419648,680.4099,267.91867,0.5579919,654.0882,268.80493,0.98450804,672.8718,269.08682,0.98507464,656.91425,304.1192,0.96889335,669.23206,304.52762,0.9671574,659.99115,337.07037,0.9366869,666.4827,337.56387,0.93365663
0.0,0.0,0.108440734,0.0,0.0,0.048655048,0.0,0.0,0.08055811,0.0,0.0,0.4277653,722.7327,198.74745,0.6427995,696.4412,218.73051,0.9784232,726.51245,219.08875,0.99073267,684.1781,246.31296,0.9233561,731.3215,245.90578,0.9711693,683.9878,271.03787,0.8131799,735.7697,270.50128,0.89520746,701.53766,269.64484,0.9960998,720.06757,270.02707,0.9974335,706.8656,306.26254,0.98889333,715.19977,306.50357,0.9914254,709.95135,339.871,0.9697871,709.9195,340.93393,0.97476846
0.0,0.0,0.23330727,0.0,0.0,0.10534079,0.0,0.0,0.113140725,0.0,0.0,0.46817616,0.0,0.0,0.48047847,308.83655,197.24771,0.9637349,347.99234,198.07465,0.9482307,297.61423,236.99283,0.91511595,359.48746,232.90408,0.8635308,300.41913,268.5784,0.824945,356.23553,249.51852,0.7686865,313.17386,263.61166,0.9908166,337.2511,264.34628,0.98841304,320.54797,318.6966,0.9829369,331.07483,321.2511,0.97934806,324.2998,364.61978,0.94771516,325.75632,367.53033,0.9412219
0.0,0.0,0.082892284,0.0,0.0,0.034964826,0.0,0.0,0.07179695,0.0,0.0,0.38746592,471.91263,214.66286,0.7089321,446.37393,231.22871,0.9610417,477.52652,232.98325,0.98020566,437.427,252.27519,0.7608799,485.81403,256.73032,0.90226495,0.0,0.0,0.4976954,485.05392,270.50146,0.67960536,448.37744,276.18024,0.9861281,468.44122,276.9257,0.99032885,449.14926,309.4499,0.9603735,466.65894,310.21906,0.97006845,451.23987,339.8419,0.9198135,464.41312,341.4867,0.9336709
597.65497,187.2868,0.94206244,599.88806,184.34032,0.83974457,594.46814,184.40004,0.9268312,0.0,0.0,0.48939717,588.069,187.45906,0.82789105,606.98114,208.19205,0.98548985,580.0396,208.49918,0.9952178,613.18396,231.97711,0.87103933,571.5866,232.77579,0.97170985,611.9135,246.11737,0.8215462,577.9794,248.65193,0.93766314,605.3655,257.86386,0.99000615,586.88354,258.5858,0.9946321,609.7492,298.24527,0.97218597,584.77655,298.94296,0.98375916,611.2297,337.1047,0.93750143,581.2894,338.20557,0.9571834
0.0,0.0,0.12946472,0.0,0.0,0.07195755,0.0,0.0,0.07914696,0.0,0.0,0.45930263,513.0915,204.07518,0.559362,493.98825,223.58258,0.94587654,522.368,221.86407,0.947952,488.7058,246.30772,0.7157379,531.2939,243.40942,0.7425473,0.0,0.0,0.4629308,0.0,0.0,0.49683243,500.13312,268.81152,0.98281616,519.19464,268.07208,0.98363125,502.7655,302.98477,0.9791059,521.227,302.37894,0.9794646,504.21127,337.64578,0.9705329,521.46985,336.7044,0.9707929
0.0,0.0,0.16563037,0.0,0.0,0.21747483,0.0,0.0,0.0402648,395.65717,200.13367,0.8547499,0.0,0.0,0.18195827,394.59695,216.48279,0.975998,413.49875,217.17216,0.907681,383.93668,234.9685,0.91346526,0.0,0.0,0.43587655,378.63666,238.5762,0.75212896,0.0,0.0,0.29240158,401.16818,261.80164,0.9883929,413.53275,261.93893,0.97480154,394.77377,294.87164,0.986986,413.33902,295.3972,0.9660379,397.3169,329.34024,0.97805154,417.47354,327.95963,0.9551108
139.79169,193.47183,0.91159576,144.163,190.05952,0.8851639,136.59053,190.62709,0.8059842,152.5778,192.92743,0.76252204,134.28214,193.97395,0.50414884,163.5895,214.44511,0.97713894,130.62083,213.98566,0.94540435,177.43112,239.0601,0.9024472,121.985825,228.915,0.74772066,167.5028,240.4274,0.82213414,128.63208,213.6373,0.6716983,158.62564,265.1259,0.9821943,138.1211,265.08978,0.97215027,154.53374,313.126,0.9784388,141.11008,314.5289,0.96859765,160.81311,359.47357,0.9569586,153.80449,360.57144,0.9467944
285.48444,185.64601,0.9070353,289.3403,181.82208,0.82363385,282.18115,182.43718,0.8938702,0.0,0.0,0.4934567,278.44873,185.41055,0.7371512,303.4631,205.93457,0.937125,272.96075,207.48332,0.9808472,304.28345,231.86295,0.5241116,266.02466,232.37218,0.8772498,0.0,0.0,0.44599706,269.82034,252.91725,0.7634944,300.18057,257.73376,0.91897833,280.4228,258.33517,0.9587082,302.1125,298.7213,0.8226597,280.23645,298.6136,0.9003829,300.418,337.90863,0.76359695,282.7706,337.31824,0.84166896
369.92877,200.64453,0.59318095,372.28082,197.5661,0.65271896,0.0,0.0,0.26535043,378.51163,198.56706,0.7957767,0.0,0.0,0.16406222,380.97153,215.48807,0.96362966,375.62674,214.95117,0.8789433,374.65033,237.15599,0.88952965,0.0,0.0,0.41269594,364.382,237.55292,0.7899241,0.0,0.0,0.3657125,378.6599,262.01233,0.96447974,374.43237,261.3376,0.9297403,374.6924,301.0789,0.94949275,368.3813,300.80725,0.88510925,382.9629,337.90765,0.910206,371.90668,336.46887,0.8375648
