0.0,0.0,0.36995366,0.0,0.0,0.10575107,0.0,0.0,0.2470116,0.0,0.0,0.4037665,132.73027,146.15288,0.8061882,88.83266,179.53526,0.981806,138.36789,181.35014,0.9874091,74.14834,232.30864,0.93043214,151.60027,231.8759,0.9569632,68.95142,276.5809,0.8352982,144.43915,263.8198,0.8929084,96.319595,271.8993,0.9973647,124.365265,272.24124,0.9977209,119.382706,344.0004,0.99443287,113.50236,343.2412,0.9953773,123.9178,409.67627,0.978872,86.03493,406.2498,0.98108244
0.0,0.0,0.10403738,0.0,0.0,0.04172695,0.0,0.0,0.06013528,0.0,0.0,0.44013155,359.16705,211.4661,0.6521204,332.51205,230.4893,0.97608227,367.2992,229.96722,0.9827576,323.62903,257.2923,0.86340064,376.89236,258.05576,0.9079912,325.36102,276.20764,0.66447943,376.09653,277.59338,0.72759366,338.72525,280.5653,0.9932587,362.78915,280.18585,0.9947001,337.73843,319.6144,0.9812402,368.92017,319.07135,0.9843129,337.11395,355.8934,0.95465523,372.73264,355.85202,0.9606367
0.0,0.0,0.06983051,0.0,0.0,0.033909835,0.0,0.0,0.052467212,0.0,0.0,0.40055108,615.48126,195.12395,0.6312598,591.2274,216.11278,0.95734715,623.3433,216.41139,0.97573596,583.2484,242.43066,0.81902754,630.3331,245.52945,0.91776913,585.27924,260.26285,0.58990043,633.1627,266.57034,0.7402851,597.829,267.09528,0.99171174,618.6006,267.31473,0.99392104,603.14185,305.1788,0.98413855,618.7953,305.2979,0.9874698,603.29816,340.81464,0.9686049,614.1539,340.9222,0.9734298
0.0,0.0,0.08174915,0.0,0.0,0.042878285,0.0,0.0,0.04941165,426.51526,186.87843,0.56265515,445.72427,186.4889,0.62198985,416.25842,213.88719,0.9779743,453.67416,210.6984,0.9822573,408.06577,250.59505,0.90514857,467.7948,235.92421,0.9118958,404.80414,279.47577,0.72905576,468.5935,250.7954,0.7178435,427.34338,276.81284,0.99463046,450.29865,276.16415,0.9949098,428.6035,324.02505,0.9856483,443.9501,323.7371,0.98404616,431.52383,367.49435,0.9561993,438.9268,367.71973,0.9522527
550.10223,202.70428,0.90493655,552.39197,200.00468,0.81084275,547.75104,200.16377,0.8469908,556.3438,201.89494,0.58131784,545.0618,202.0867,0.68484473,562.0686,219.0012,0.98377395,540.7983,219.28125,0.9914841,567.69977,238.28654,0.8831196,533.24274,238.67299,0.9474132,569.08594,254.62013,0.8292017,534.1877,256.73984,0.90108407,561.2519,259.52893,0.9889205,548.04504,259.84302,0.99241406,561.6537,289.48953,0.9763218,548.9741,289.47833,0.9821976,561.59845,318.24802,0.95166975,549.7978,317.82263,0.96024466
0.0,0.0,0.080285005,0.0,0.0,0.047250163,0.0,0.0,0.053525604,690.41266,204.23045,0.5064107,703.09863,203.95363,0.58804834,682.6669,218.47946,0.96960115,709.38525,218.72821,0.9779559,673.70294,235.78699,0.85682553,716.24396,238.40907,0.89783084,673.8196,251.45782,0.6457068,718.2888,256.20514,0.70495224,687.50006,253.90256,0.9910703,704.7392,254.20976,0.99249613,689.6011,280.1924,0.9806897,704.51874,280.62274,0.98201466,691.14453,305.958,0.9625488,704.11487,306.36658,0.9640005
298.59747,210.90738,0.835221,301.58377,207.52023,0.82783145,296.88058,207.82774,0.64182955,308.84,208.03209,0.72925395,0.0,0.0,0.2955492,316.87814,225.19371,0.9607068,295.15744,226.652,0.93372357,320.17136,246.45021,0.8495037,291.7585,247.87378,0.6361975,314.24762,264.36514,0.7844316,292.33978,264.2287,0.5913278,313.95215,267.84976,0.9678389,300.34995,268.22507,0.95755893,314.6439,301.6067,0.9676792,300.63614,301.69196,0.9515919,318.3674,335.22473,0.9568889,304.5932,334.3247,0.9412958
0.0,0.0,0.09499622,0.0,0.0,0.08612783,0.0,0.0,0.04321126,0.0,0.0,0.3898586,0.0,0.0,0.15237845,158.40536,220.02315,0.7934101,171.84305,220.30891,0.6530098,156.467,242.26276,0.55296344,0.0,0.0,0.27757275,0.0,0.0,0.3738677,0.0,0.0,0.19771126,158.94969,261.2652,0.9077148,168.27644,261.23755,0.869659,157.6952,297.9866,0.91862774,166.92728,298.25662,0.87834686,158.1247,334.06818,0.897703,165.50453,333.8129,0.86249506
0.0,0.0,0.14609946,0.0,0.0,0.15179299,0.0,0.0,0.04754012,212.66429,214.37117,0.68112457,0.0,0.0,0.2349726,210.8366,229.30685,0.9444108,232.89677,227.51155,0.8730131,205.89043,249.81638,0.80383265,0.0,0.0,0.44824952,206.3775,257.92087,0.56390697,0.0,0.0,0.28174707,221.25117,266.44302,0.9413308,236.65262,265.99945,0.91051525,224.90704,291.39395,0.87487704,242.04994,291.30542,0.8041248,227.38939,319.75775,0.78685105,245.38313,318.07413,0.715421
0.0,0.0,0.19868386,0.0,0.0,0.08263625,0.0,0.0,0.20030344,0.0,0.0,0.15665048,646.8412,209.44714,0.5334447,640.0717,222.63258,0.7797661,647.4703,223.27563,0.9024984,0.0,0.0,0.3791022,651.1705,241.32939,0.76817375,0.0,0.0,0.2931775,654.1676,258.20148,0.5947981,643.0045,257.94467,0.8943941,648.0764,258.2527,0.93733203,640.94116,285.07886,0.8436725,645.3701,284.92737,0.9055297,644.58514,310.74402,0.8081218,646.6769,311.02972,0.8656356
478.7673,204.2999,0.66637087,480.65668,201.47054,0.6393327,0.0,0.0,0.42816404,485.03674,202.84953,0.6383447,0.0,0.0,0.2622861,490.3746,219.76549,0.95013523,474.97275,220.29683,0.8784019,493.85498,240.11029,0.84569836,0.0,0.0,0.49845305,488.02402,254.60321,0.7511947,0.0,0.0,0.45137107,486.3478,262.4986,0.96903306,476.65915,262.77325,0.9468717,484.79837,295.11514,0.9705874,476.06827,295.69226,0.94420266,487.83527,328.05164,0.961435,479.90955,328.22772,0.9374312
