0.0,0.0,0.2770897,0.0,0.0,0.08821535,0.0,0.0,0.17100671,0.0,0.0,0.44326982,139.488,147.2225,0.7345843,93.957405,177.14651,0.9694081,146.64188,181.07262,0.982206,82.14547,230.0009,0.8982631,155.77438,227.97873,0.9448099,77.30293,272.33136,0.8048488,149.8684,255.68378,0.8757065,99.065544,265.1611,0.99480397,132.00818,268.32062,0.9958532,115.65924,330.0726,0.991767,133.25441,340.68213,0.99371886,116.58734,385.32715,0.9734701,117.29513,400.69376,0.97743213
0.0,0.0,0.10292545,0.0,0.0,0.049396377,0.0,0.0,0.05408664,344.7211,215.34639,0.5705649,361.738,214.67029,0.6593103,335.73627,233.04298,0.9826462,371.71182,231.30139,0.9861076,325.36032,258.75665,0.89388895,383.78635,256.3471,0.91226333,325.73383,278.79163,0.69910324,383.20322,275.5947,0.7237308,342.99103,280.71863,0.99425125,367.58612,279.86066,0.99518234,340.80136,318.02225,0.9826919,373.23038,317.24664,0.98418045,337.47903,354.8926,0.9561758,374.60336,354.2642,0.9593679
0.0,0.0,0.34325767,0.0,0.0,0.15583788,0.0,0.0,0.20625779,0.0,0.0,0.49460176,454.87485,189.81932,0.6081618,421.8034,214.64798,0.97172517,461.72992,213.87643,0.9625233,409.24716,250.79572,0.90947855,475.68756,242.32927,0.87933135,408.4203,278.09708,0.7962786,475.96948,252.28343,0.77125543,429.16486,275.57596,0.9929016,452.63245,275.5171,0.9917407,437.93527,323.75128,0.9886395,443.51816,325.68262,0.98750615,445.5984,366.24976,0.97111636,437.85333,369.0942,0.96923983
0.0,0.0,0.07995859,0.0,0.0,0.035582818,0.0,0.0,0.061787535,0.0,0.0,0.38080934,616.6694,195.3162,0.65691596,591.9313,216.33157,0.95949966,623.8274,216.30858,0.97660863,584.4437,244.42827,0.82246196,629.9393,245.82614,0.9160185,586.8719,265.20242,0.6013623,632.37476,268.0906,0.7391002,599.03656,268.55057,0.9922633,620.0726,268.73135,0.9942187,604.2575,308.0449,0.98564076,621.2587,308.02728,0.98840034,604.37537,345.25262,0.97083336,617.9654,345.4501,0.9748981
550.1277,202.63098,0.8832516,552.36316,199.87277,0.78605944,547.8253,200.10828,0.81078583,556.3964,201.67482,0.57448167,545.4962,202.10625,0.63659775,562.6259,218.647,0.9797084,541.6231,219.3987,0.9874559,568.85565,237.65501,0.8616485,534.6616,239.08907,0.9213555,569.4534,255.00978,0.7966177,534.0417,258.3218,0.86059064,561.61847,259.09265,0.9860853,548.5775,259.55945,0.9895682,562.79236,289.20044,0.9733675,549.5596,289.35187,0.9782682,563.7173,318.4794,0.9495809,551.08954,318.2273,0.9559666
0.0,0.0,0.085493796,0.0,0.0,0.057087753,0.0,0.0,0.051064108,691.1779,203.63916,0.57007205,703.55316,203.36784,0.5451862,683.73773,217.9492,0.97145575,710.01324,218.3226,0.9749067,674.32874,235.10474,0.86759824,716.3857,237.95042,0.8724016,673.6641,250.24211,0.65746707,717.71954,254.94084,0.66091406,688.20374,253.5845,0.9904266,705.15576,253.93274,0.991046,689.6274,280.18307,0.9794017,704.7891,280.76025,0.97846323,690.9234,306.1898,0.95983464,704.3583,306.6032,0.95803237
294.1873,211.91325,0.82494843,296.88248,208.3829,0.8196923,292.26056,208.93579,0.6193291,304.36432,207.95895,0.7200256,0.0,0.0,0.27263686,314.99423,223.75522,0.961451,290.9696,225.79521,0.9353404,321.5021,244.03462,0.8574644,285.84497,245.90817,0.65242237,316.85178,260.50595,0.79660124,288.94736,259.3098,0.61239487,313.86627,265.6308,0.9764698,299.21207,266.3052,0.96908104,313.5181,300.81464,0.9805111,299.96988,301.15686,0.9706147,313.46613,337.96454,0.97446764,302.8953,337.31235,0.9649717
481.27658,204.59511,0.7447427,483.41022,201.8659,0.7221937,479.0325,201.95317,0.5178299,487.41864,203.60342,0.67411757,0.0,0.0,0.27391362,493.76828,219.45132,0.96752656,472.13174,220.52211,0.9041435,500.53738,236.85541,0.892556,471.9911,239.86937,0.5198023,498.1549,243.90102,0.8210488,0.0,0.0,0.48508596,490.696,260.22635,0.98186135,477.36984,260.8345,0.965028,488.29346,293.30014,0.98303276,479.1341,293.9697,0.9634309,490.39865,326.08038,0.9740027,484.6981,326.18753,0.9536072
0.0,0.0,0.12685247,0.0,0.0,0.13035141,0.0,0.0,0.042148016,213.43037,214.0762,0.6748554,0.0,0.0,0.2380761,211.86781,227.69429,0.9455339,233.31322,226.16565,0.8793054,208.31238,247.8033,0.8086417,0.0,0.0,0.47478974,207.14963,259.72598,0.567304,0.0,0.0,0.29562354,219.81448,262.6892,0.95203394,235.05794,262.2089,0.9275458,221.88713,289.04657,0.8987109,240.95274,288.95615,0.8409251,222.51566,316.89117,0.82487553,244.4591,315.393,0.7637452
0.0,0.0,0.28813493,0.0,0.0,0.113093935,0.0,0.0,0.31644255,0.0,0.0,0.14971253,647.1565,208.84749,0.62976235,641.29987,221.74855,0.8073939,646.40485,222.81723,0.9375999,0.0,0.0,0.36289185,648.46436,241.79735,0.83560044,0.0,0.0,0.28271404,650.64264,260.37173,0.6681887,643.1302,259.3581,0.90492016,646.7023,259.86368,0.9521705,640.4289,288.13895,0.83197176,644.5591,288.12955,0.91211253,643.3731,315.26404,0.78568643,645.4284,315.8971,0.86389804
0.0,0.0,0.13647892,0.0,0.0,0.09723785,0.0,0.0,0.06873932,0.0,0.0,0.36870605,0.0,0.0,0.25571963,172.2,219.00493,0.8622242,187.03407,219.38943,0.83543485,170.58002,242.32233,0.6377143,191.03906,242.86328,0.5554834,0.0,0.0,0.4634676,0.0,0.0,0.40241894,171.27072,262.2506,0.94846267,182.02936,262.20352,0.9439602,167.20142,297.42532,0.9461224,179.79347,297.6724,0.9381562,165.29878,332.30862,0.9244037,178.31932,332.3124,0.9165216
