0.0,0.0,0.19042325,0.0,0.0,0.15648802,0.0,0.0,0.058785368,304.52377,149.83609,0.7275543,0.0,0.0,0.26783115,289.59665,179.42003,0.9733021,343.20612,179.57152,0.8877232,276.65707,217.84572,0.9251846,336.7987,218.0723,0.61338,283.7442,221.00723,0.7959627,0.0,0.0,0.46401912,294.56677,258.18933,0.9940281,330.75867,257.98093,0.9873526,293.05826,329.30582,0.99505913,326.81464,331.9929,0.99022675,295.85275,397.81,0.9871754,326.7357,402.36606,0.98051924
612.52435,199.6275,0.963424,615.18524,197.11084,0.9219639,609.9828,196.93636,0.93288654,618.94727,198.80418,0.720366,606.0532,198.15868,0.7729648,624.6412,216.03642,0.994262,599.753,214.32607,0.997335,633.8112,235.63223,0.9596114,590.2473,229.97787,0.98299855,637.22144,254.21654,0.9368571,582.2,246.1609,0.9652722,617.9682,255.62166,0.99490947,603.29346,254.81343,0.996739,613.46533,284.79422,0.9828981,602.89136,283.8585,0.9872234,614.07214,311.73996,0.95250404,607.49396,310.71695,0.9608028
0.0,0.0,0.19976018,0.0,0.0,0.10156619,0.0,0.0,0.1618062,179.12723,209.031,0.6035114,190.71431,208.70775,0.80178374,169.72247,223.6954,0.9855247,197.34094,222.73573,0.99230766,160.2646,241.85127,0.8973826,209.32086,239.17699,0.95226747,159.23802,258.4956,0.72287,210.28783,253.74298,0.8204144,175.1389,258.13425,0.99161583,192.50394,257.9805,0.99393916,177.41681,283.40466,0.97104543,190.55733,283.35764,0.9764811,180.88187,306.55765,0.93235004,190.31255,306.98584,0.9406819
461.695,212.833,0.8855657,464.29752,210.69612,0.8501858,460.39688,210.43922,0.7648473,468.731,212.05298,0.72253853,0.0,0.0,0.46301422,474.62924,224.48235,0.98663855,453.45526,224.44998,0.98289835,480.24426,237.46759,0.9500996,445.67084,238.13799,0.9012164,473.26685,236.94458,0.9207284,446.70227,240.88733,0.8626791,468.47873,258.6467,0.99226284,454.93857,258.21323,0.99081576,467.66922,285.4787,0.98720735,452.09467,284.7999,0.98246807,466.9462,311.36975,0.9758361,452.06113,310.15332,0.96932673
665.01166,207.0647,0.90833545,667.6863,204.60141,0.8642974,662.6391,204.66322,0.82744014,671.6463,206.77415,0.71612734,658.8107,206.89055,0.5857595,676.2649,221.67096,0.983928,654.4337,222.19896,0.98226213,681.81525,236.94507,0.9074322,648.636,237.38785,0.870653,677.55426,240.7555,0.85230815,651.73444,240.30672,0.80616647,672.16504,256.43118,0.9757798,657.93634,256.68585,0.97456133,671.951,280.97174,0.9408043,656.6866,281.12073,0.9318857,672.30676,303.1278,0.87822235,657.3171,302.9724,0.8645836
0.0,0.0,0.020623941,0.0,0.0,0.0118577685,0.0,0.0,0.020503804,0.0,0.0,0.02895591,0.0,0.0,0.06976465,0.0,0.0,0.052942887,0.0,0.0,0.11763101,0.0,0.0,0.042972982,0.0,0.0,0.13227022,0.0,0.0,0.057352338,0.0,0.0,0.14088894,0.0,0.0,0.21159686,0.0,0.0,0.29308188,0.0,0.0,0.30393213,0.0,0.0,0.412532,0.0,0.0,0.31098327,0.0,0.0,0.37963596
0.0,0.0,0.085988164,0.0,0.0,0.045297325,0.0,0.0,0.059933987,0.0,0.0,0.22625674,0.0,0.0,0.35197905,811.4147,223.13257,0.84555346,828.42725,222.71649,0.83136505,807.5478,243.05064,0.5302523,829.32855,243.23651,0.5195741,0.0,0.0,0.33613294,0.0,0.0,0.3330716,817.40186,258.92432,0.94687855,828.7537,259.0037,0.94412744,822.4289,288.42075,0.93788004,830.9099,288.45932,0.9350337,821.41895,317.51794,0.9157661,826.83167,317.5742,0.9130107
0.0,0.0,0.11993488,0.0,0.0,0.11174752,0.0,0.0,0.054548275,244.36235,212.8776,0.6151388,0.0,0.0,0.3078887,240.15723,224.19301,0.95012176,259.59592,223.95096,0.9010488,235.75014,237.49605,0.82616144,261.9174,238.06989,0.56177205,233.80083,246.98819,0.6108764,0.0,0.0,0.37030625,244.28798,250.73012,0.96978587,257.12643,250.7842,0.95490223,245.89032,272.50195,0.94842684,256.946,272.9317,0.9167158,247.87183,292.3295,0.91862744,258.01102,292.22827,0.88414055
0.0,0.0,0.14656967,0.0,0.0,0.10056771,0.0,0.0,0.108062886,0.0,0.0,0.34747192,0.0,0.0,0.3682648,782.9547,217.92824,0.876675,800.64954,218.27048,0.88775873,776.1132,237.01083,0.53197914,803.0835,237.31567,0.5562961,0.0,0.0,0.35273302,0.0,0.0,0.3633826,786.36456,252.39737,0.94169027,797.2052,252.75052,0.945197,788.76434,282.0129,0.90815413,796.1596,282.17477,0.9104894,791.0946,309.8574,0.8633577,794.9563,310.3468,0.86646855
414.50653,226.78673,0.8394098,416.434,224.92545,0.8310309,413.51712,224.82132,0.6963384,420.5943,225.79463,0.7317365,0.0,0.0,0.3531836,424.73126,235.66739,0.98032767,411.31833,235.21541,0.9681263,427.01163,247.10268,0.9019314,406.7684,245.60352,0.78419137,422.08963,253.74103,0.8586138,405.6876,252.16772,0.7480202,421.535,259.14053,0.97979045,413.20987,258.70035,0.97456545,418.61536,276.9051,0.95444137,411.87683,276.43893,0.9400516,419.15332,294.13605,0.9133792,413.58804,293.4664,0.89369994
