822.72546,166.63069,0.97253335,827.9573,162.31766,0.8684115,817.58105,161.66547,0.9679853,0.0,0.0,0.43734056,805.14514,162.8358,0.8999581,836.30334,192.94952,0.96785516,789.71423,191.06226,0.99572337,851.97974,215.01471,0.8178998,772.51013,227.52048,0.9835897,845.4343,205.71425,0.78193545,762.0086,259.5853,0.96310645,824.12286,269.99173,0.98915416,792.9403,268.4328,0.99581003,826.8738,326.25854,0.984917,794.2788,323.65854,0.9944512,830.97595,380.0317,0.96681386,802.30237,383.8969,0.98285264
243.14474,185.86563,0.9134116,247.50719,182.0277,0.83124626,239.79381,181.26117,0.8563217,253.1414,183.71654,0.5667417,232.756,181.36963,0.6508493,260.37997,204.87068,0.9894996,218.98006,202.93379,0.99416274,267.17175,233.55405,0.9529239,209.42705,231.36531,0.97244126,255.10078,229.03856,0.93130815,228.00272,229.77466,0.94972557,255.12137,267.8871,0.9967692,228.2768,267.6836,0.99761486,253.85422,316.21246,0.99278367,230.93146,315.72717,0.99378806,251.19778,363.911,0.97699475,238.03288,362.7721,0.97920805
105.32344,151.89447,0.9592114,111.34231,147.63503,0.93365246,100.919754,147.83498,0.87054193,122.150536,151.27963,0.8409869,97.68416,152.22885,0.5736891,133.4147,181.06471,0.99347645,92.510445,182.12375,0.9833156,139.5171,214.27779,0.969779,78.32596,216.52562,0.8966398,117.508026,191.86746,0.93485636,82.28248,197.70226,0.84566885,125.51427,260.61203,0.9958253,100.35184,260.06833,0.9930339,116.02256,327.5508,0.9930265,110.32074,325.2536,0.98908734,113.31641,389.96198,0.97521687,124.731865,385.7895,0.9682226
0.0,0.0,0.37298983,0.0,0.0,0.0897589,0.0,0.0,0.45723626,0.0,0.0,0.06275463,23.222935,157.93512,0.73844635,0.0,0.0,0.46402895,27.513483,196.58604,0.83959424,0.0,0.0,0.20180051,50.908333,231.29181,0.74962467,0.0,0.0,0.20753759,44.12021,196.37517,0.64624596,3.7468495,294.815,0.50508416,16.673542,295.38663,0.70426387,0.0,0.0,0.43551204,19.382881,379.88193,0.64714587,0.0,0.0,0.22680552,0.0,0.0,0.3273984
0.0,0.0,0.08373954,0.0,0.0,0.052302353,0.0,0.0,0.048287585,0.0,0.0,0.48544365,0.0,0.0,0.4747724,413.9378,214.55814,0.9585205,442.25366,213.78845,0.9629681,405.4518,240.77837,0.84387654,448.5194,235.64421,0.8444495,404.3221,264.3028,0.63682956,445.49362,252.64359,0.62848276,419.79172,262.44272,0.9886889,437.73602,262.65778,0.9889832,423.07202,297.936,0.9776783,434.26486,298.50204,0.97559977,426.9628,330.95898,0.95060766,432.23904,331.5938,0.9467883
0.0,0.0,0.11982808,0.0,0.0,0.051680263,0.0,0.0,0.091842294,0.0,0.0,0.30837652,512.8032,217.17737,0.59835297,493.08472,231.82909,0.9482522,518.7954,232.29713,0.972023,485.46805,250.2613,0.7818391,527.4409,253.26866,0.90975857,485.4252,265.62082,0.6078507,531.2655,270.6342,0.7717593,499.3905,270.80875,0.98906726,515.7781,270.85715,0.99255824,499.57886,299.64716,0.98223513,511.5372,299.34943,0.98733693,502.49805,326.1396,0.9703021,510.4891,326.3085,0.9768813
0.0,0.0,0.24240574,0.0,0.0,0.27106962,0.0,0.0,0.07570595,662.44604,203.08359,0.84143424,0.0,0.0,0.3280807,658.4517,221.75359,0.9824356,684.15643,219.9616,0.95099837,652.1714,247.52138,0.9236512,687.8875,244.5517,0.6279278,650.64484,268.26523,0.7600623,0.0,0.0,0.42118,663.0902,266.0965,0.9900379,680.2622,265.4302,0.9823318,664.63135,302.23532,0.98522574,680.33246,302.23743,0.9700853,667.6677,337.6998,0.9735694,682.3152,336.4467,0.9555062
0.0,0.0,0.045661412,0.0,0.0,0.027400382,0.0,0.0,0.03005268,0.0,0.0,0.29415256,0.0,0.0,0.35371035,541.9375,230.57468,0.8764811,564.2652,227.9538,0.9143762,537.8728,252.89854,0.6679244,572.7523,246.3679,0.7907483,0.0,0.0,0.46423578,573.7372,261.0534,0.5835321,550.4491,268.31146,0.9783418,564.70325,267.47266,0.98246324,552.5273,298.30768,0.9731322,562.78827,297.55054,0.97667706,555.2107,327.61368,0.96148044,561.04913,325.9427,0.96489125
0.0,0.0,0.22455905,0.0,0.0,0.09745123,0.0,0.0,0.19548443,0.0,0.0,0.4191814,745.1966,213.75378,0.76119834,725.45996,228.88155,0.9635331,749.8941,228.26227,0.9786951,718.8746,250.49872,0.7923059,755.13025,248.97661,0.9014845,718.7154,267.9479,0.57756054,754.16376,265.8307,0.71825397,728.03845,269.3689,0.96847546,743.95905,269.01962,0.97605354,731.68335,300.74573,0.879361,743.0616,300.33832,0.90279824,733.8388,324.7159,0.72380614,741.8238,325.11758,0.7573059
0.0,0.0,0.15113859,0.0,0.0,0.11129965,0.0,0.0,0.11869358,0.0,0.0,0.39535654,0.0,0.0,0.379966,694.3675,228.45552,0.8884977,710.70325,228.90605,0.8914406,689.7621,242.00844,0.55484724,713.49817,242.18414,0.57990676,0.0,0.0,0.3522672,0.0,0.0,0.36588725,696.42566,253.22751,0.9100728,706.8534,253.31963,0.91311514,697.75525,273.19177,0.83664083,705.89343,273.22095,0.8420183,699.52094,291.45895,0.7978058,705.16156,291.54626,0.80282605
0.0,0.0,0.49444422,0.0,0.0,0.3877464,0.0,0.0,0.37062642,0.0,0.0,0.30486,0.0,0.0,0.28409225,63.507027,194.48082,0.7302058,43.761993,196.17677,0.6578117,0.0,0.0,0.39586967,0.0,0.0,0.2836645,0.0,0.0,0.31941426,0.0,0.0,0.24090771,62.086548,258.46225,0.7407019,48.50903,259.4634,0.7054923,59.45381,310.55206,0.7079152,45.59695,311.87134,0.6644241,67.1866,358.28806,0.5962168,50.61449,359.7383,0.5589085
