0.0,0.0,0.31833613,0.0,0.0,0.0942571,0.0,0.0,0.31483045,0.0,0.0,0.3372758,97.23495,192.92944,0.87590355,70.21561,211.28209,0.97156954,100.30534,213.53044,0.98749036,61.36774,234.84993,0.68612826,105.25842,239.41823,0.9032186,0.0,0.0,0.46293092,107.249916,257.95593,0.7085727,72.27089,262.13275,0.9886354,92.35079,262.96088,0.9927799,70.21793,296.99448,0.98052853,88.99733,297.3655,0.9871679,73.55895,330.5231,0.96605176,90.31169,332.6114,0.97470474
0.0,0.0,0.19083628,0.0,0.0,0.081557445,0.0,0.0,0.14521074,128.44977,190.03513,0.58499277,145.62253,190.32513,0.8046986,118.5957,211.69945,0.98554975,153.32755,212.5682,0.9934509,108.69183,237.77875,0.87733996,159.43532,240.44582,0.9531318,111.93491,253.84853,0.68617356,159.93797,261.61438,0.8143694,125.015076,263.62598,0.99575585,148.1391,263.90082,0.99711597,122.70317,300.61276,0.9903626,143.32904,300.5201,0.9922914,124.71292,334.9334,0.97854406,142.79837,335.27872,0.9814595
0.0,0.0,0.3078706,0.0,0.0,0.17307627,0.0,0.0,0.09620868,725.81995,161.37875,0.68668175,0.0,0.0,0.44284087,714.3091,186.38309,0.9856501,766.77057,184.70049,0.98305535,696.50574,221.9596,0.9568539,776.4944,220.81467,0.9393786,707.75586,238.9598,0.8871812,766.84937,249.23045,0.8590218,718.6429,259.9407,0.9974878,754.52924,259.7213,0.9971118,711.7379,318.05157,0.9943159,757.23804,317.095,0.9939957,717.80396,370.69373,0.9758636,767.55646,368.07404,0.9764971
0.0,0.0,0.121763624,0.0,0.0,0.10771734,0.0,0.0,0.04374337,193.48741,188.5623,0.76894116,0.0,0.0,0.38295642,189.28442,208.6052,0.977967,222.3684,207.1982,0.9712421,181.29454,236.2114,0.9129072,231.02037,229.60678,0.82932705,178.06297,254.7822,0.7560273,226.89156,245.17235,0.61805844,193.45064,257.74728,0.9935875,215.1316,256.8319,0.9922464,191.09027,296.0853,0.98954445,212.20999,295.44785,0.9850626,189.90813,335.08612,0.9767513,209.07933,333.3624,0.96967435
0.0,0.0,0.20891069,0.0,0.0,0.27350268,0.0,0.0,0.042863045,606.37885,194.76884,0.91701555,0.0,0.0,0.2422143,604.77545,215.64499,0.988908,630.8001,214.22797,0.9559311,601.6654,245.45212,0.96014124,636.69147,242.04489,0.6014008,593.64,271.6986,0.8526137,0.0,0.0,0.40477985,607.81824,265.8132,0.99427694,627.2114,264.90283,0.98756474,593.97577,303.49832,0.99140036,627.896,303.33047,0.97624934,594.7456,341.9874,0.9835849,639.20306,340.4375,0.96517766
806.89496,145.54018,0.5453683,810.3541,140.29385,0.6868473,0.0,0.0,0.13177817,821.2553,142.16768,0.9044755,0.0,0.0,0.12722015,816.19366,173.66489,0.9772818,852.2594,172.25485,0.6865629,791.0895,220.7851,0.945996,0.0,0.0,0.2235822,771.314,256.80908,0.8563864,0.0,0.0,0.2367304,823.56836,260.4606,0.93411887,846.051,259.79974,0.7670483,831.47186,325.94193,0.8819736,849.25665,326.76968,0.65123427,848.15106,391.9764,0.672247,0.0,0.0,0.46602985
286.98114,190.73865,0.9530206,290.07916,187.38841,0.908984,283.65936,187.60123,0.9186886,294.27728,190.13383,0.6992877,277.83115,190.52614,0.7421952,299.37198,211.02429,0.99258536,270.0907,212.54797,0.995046,306.6813,234.9693,0.9549881,261.0378,238.10095,0.9662968,310.95392,260.4834,0.927646,263.5916,263.66623,0.93673635,296.20752,260.01047,0.9944712,277.60406,261.08328,0.9954834,295.8144,295.92676,0.98519695,278.31064,296.86697,0.9861457,295.5428,329.72842,0.9601131,280.26483,330.94513,0.961756
351.96954,201.55977,0.9054395,353.88098,198.9689,0.7571975,349.47684,198.62875,0.880964,0.0,0.0,0.41822156,344.20242,200.90495,0.7801815,357.4155,219.85785,0.97169906,337.75137,219.26392,0.9891282,360.8513,239.22278,0.81539184,328.66318,241.3437,0.9480151,361.99112,247.34505,0.77268654,330.3378,256.5481,0.9034416,353.01212,262.0899,0.98665756,340.76282,261.9484,0.99179536,352.57812,296.22696,0.9791758,342.19916,295.98645,0.9861222,348.37112,330.01724,0.9654218,337.93765,329.89923,0.9745112
0.0,0.0,0.15564695,0.0,0.0,0.08786547,0.0,0.0,0.04786047,407.94217,167.63736,0.5389809,0.0,0.0,0.2974792,402.19418,194.01694,0.96395653,446.29138,188.4188,0.9472397,391.94757,232.96028,0.92667925,464.0803,221.00215,0.87720746,396.91818,253.78035,0.84222615,468.29825,240.02385,0.7855277,412.5193,263.96576,0.99438983,440.679,262.21436,0.99298614,415.82428,316.47314,0.9910755,439.58997,314.31824,0.9898268,414.02585,365.33395,0.9728054,434.95618,363.45023,0.97178304
247.47005,206.07019,0.8028967,248.89778,203.61441,0.5866232,245.20505,203.5958,0.78654927,0.0,0.0,0.31539017,240.04657,204.85313,0.72377264,249.89043,218.90385,0.9275394,235.1403,219.01456,0.9695637,253.78734,231.95573,0.6053947,234.12979,234.04071,0.8695676,256.7209,237.4145,0.55968565,240.41104,240.58913,0.78725904,243.90443,253.05444,0.9502704,234.67743,253.12059,0.9698316,241.28171,281.5684,0.9357612,233.13727,281.59818,0.9598292,240.58379,310.32657,0.9190745,231.50606,310.90326,0.94248706
664.26154,207.75305,0.88709694,666.98804,204.88528,0.8570447,661.93066,205.13712,0.78516376,672.3068,206.19673,0.6960209,0.0,0.0,0.46450138,679.80493,221.74403,0.9666859,654.6625,223.23659,0.9563591,684.8962,241.07066,0.85328275,649.7627,243.3986,0.75824255,681.88916,256.58362,0.78379554,652.9284,258.6515,0.68887985,677.8256,259.1114,0.9505381,661.44464,259.76865,0.94300306,680.87836,286.89078,0.90720356,661.41046,287.15704,0.8855913,682.9608,313.7239,0.85710794,663.8711,313.31454,0.8338437
