0.0,0.0,0.25044382,0.0,0.0,0.15960787,0.0,0.0,0.038309604,538.28107,66.477745,0.8753594,0.0,0.0,0.32751054,534.47754,127.588455,0.99034894,620.7657,122.67613,0.9769468,513.1982,222.48177,0.95454216,646.33,216.27907,0.883847,503.30386,293.39142,0.8187118,635.4227,286.4373,0.7020089,552.62177,290.92282,0.986265,614.3271,287.9276,0.98256344,511.13107,397.7685,0.8651066,608.89825,402.09384,0.85261416,0.0,0.0,0.31040597,0.0,0.0,0.3043425
324.37482,177.71692,0.96344125,327.35706,173.7706,0.8963248,319.97464,173.94579,0.9525566,330.93298,177.00201,0.54757553,311.55066,177.08026,0.851336,337.78503,203.15576,0.9910945,300.74966,203.88597,0.997279,345.6583,233.69566,0.92546046,291.2791,235.58554,0.9846703,347.4813,264.03647,0.89384574,291.6727,268.15228,0.9646427,331.04465,265.02322,0.9952531,307.6129,265.53125,0.9975337,325.92526,309.35257,0.985993,303.5617,309.79147,0.99173623,318.42932,350.87634,0.9604342,300.52832,352.05518,0.97291034
0.0,0.0,0.13084564,0.0,0.0,0.10695878,0.0,0.0,0.055956822,174.67384,196.04327,0.70217264,0.0,0.0,0.46765226,169.99649,212.93936,0.98208445,195.76758,211.95009,0.9820613,162.10484,234.53503,0.9168282,202.14412,234.92224,0.89206064,161.8038,252.08528,0.7576579,203.4154,254.58153,0.71423846,175.50081,255.04381,0.9942287,192.00043,254.70554,0.99433666,178.13333,287.215,0.9874779,191.47218,287.30093,0.9859488,179.65453,320.36703,0.9729485,190.5379,319.49768,0.97041434
0.0,0.0,0.36979106,0.0,0.0,0.13555433,0.0,0.0,0.37348214,0.0,0.0,0.32032374,89.3263,203.39658,0.8414424,71.116745,221.51254,0.9620247,93.00009,221.6408,0.9867575,63.093338,243.35745,0.69161,101.487915,241.95197,0.9308829,61.474937,257.98788,0.52020526,103.66304,253.62947,0.80263513,75.53532,262.202,0.98599106,89.62346,262.21542,0.99232155,75.147705,293.09656,0.97853035,85.3091,292.7965,0.98781335,75.577354,322.27582,0.96883875,82.469025,323.1444,0.9793403
0.0,0.0,0.07722246,0.0,0.0,0.046039976,0.0,0.0,0.04065231,721.8583,176.9367,0.62571245,742.24097,176.3582,0.6076542,712.41046,198.76776,0.97349656,753.07855,198.51372,0.9773219,704.5455,227.42732,0.8305456,765.17065,228.24849,0.8426368,709.05786,243.89645,0.5395236,759.68146,248.653,0.5469936,721.5521,258.27097,0.9890592,747.9123,258.50983,0.98960054,726.9511,304.17438,0.96621555,750.04877,304.58734,0.9642054,731.2851,349.16797,0.9146011,749.172,349.05927,0.91071427
0.0,0.0,0.10939075,0.0,0.0,0.050813533,0.0,0.0,0.08803007,0.0,0.0,0.38376874,133.04596,203.86975,0.63969445,114.28594,219.26001,0.95468205,139.94244,219.20422,0.97486794,107.93569,238.21428,0.7381869,144.83228,239.95915,0.8785662,0.0,0.0,0.49908057,144.92836,256.2922,0.66652954,118.81104,258.5599,0.9880554,135.59216,258.4665,0.9911327,119.38394,287.931,0.9794152,131.72545,287.69733,0.9834065,122.35016,316.28857,0.96515936,129.72444,316.04694,0.9696988
385.06558,193.69043,0.7459888,387.53528,190.46487,0.51550174,382.14462,190.47293,0.74118626,0.0,0.0,0.22824082,376.00653,193.84076,0.64117616,395.15912,216.41443,0.9131747,366.0503,217.02434,0.9716552,402.90686,239.62735,0.6445014,353.586,243.44385,0.91771823,405.51657,258.4582,0.6065597,353.74808,269.4615,0.85155743,388.45792,271.67432,0.969532,370.82004,272.07388,0.98358524,383.2437,311.95657,0.94875854,371.9504,312.30353,0.9704029,377.22852,350.75772,0.90961736,371.15088,351.61868,0.9392003
0.0,0.0,0.06069778,0.0,0.0,0.093062915,0.0,0.0,0.00990684,786.3812,159.0796,0.7820382,0.0,0.0,0.08213914,785.73883,185.45958,0.9321294,818.0507,183.86931,0.71252567,778.7743,225.13632,0.8387966,0.0,0.0,0.19257018,771.34076,255.80655,0.5695851,0.0,0.0,0.11649612,793.17053,261.15137,0.9725302,815.8094,260.23627,0.9340126,785.91144,316.44766,0.97155535,813.5588,316.47592,0.9199744,790.70953,371.10693,0.9445016,819.5547,369.4772,0.8845889
0.0,0.0,0.0939851,0.0,0.0,0.041693557,0.0,0.0,0.063389316,0.0,0.0,0.30938387,484.84094,181.92683,0.5167858,458.73898,201.82764,0.9108764,487.62567,203.08238,0.8854688,447.95837,228.63782,0.59989756,489.2562,231.66005,0.51274353,0.0,0.0,0.3464436,0.0,0.0,0.28221473,463.15988,255.40811,0.95991015,482.68478,256.3076,0.9531032,465.58835,297.19556,0.9313647,487.648,298.11572,0.9192939,460.41534,336.78946,0.8813048,483.1284,338.64764,0.86821425
410.6054,221.45178,0.8070811,412.58612,218.96814,0.7604477,408.70517,218.9958,0.7188385,416.25928,219.75952,0.5700097,0.0,0.0,0.45175013,421.39383,231.86652,0.9713414,402.49548,232.3666,0.96457136,427.7319,245.17368,0.84052056,400.23853,245.85419,0.8046936,424.8462,251.18034,0.78404063,405.31143,251.36797,0.7509204,417.64798,263.7251,0.97971046,405.85178,263.87015,0.97787756,417.37698,289.43585,0.9587466,407.03818,289.27634,0.9554876,416.5374,313.30917,0.91115016,408.63257,313.41953,0.9063571
0.0,0.0,0.13395205,0.0,0.0,0.09666888,0.0,0.0,0.06091056,0.0,0.0,0.46364465,0.0,0.0,0.31362516,644.29193,195.89189,0.8827192,667.2254,194.07666,0.84491664,644.11646,227.32268,0.529242,0.0,0.0,0.4143399,0.0,0.0,0.2888776,0.0,0.0,0.22710468,649.6673,248.29315,0.9201341,665.3046,247.61877,0.9118825,650.152,292.42444,0.8639042,666.2727,292.1273,0.8490451,653.9527,333.57074,0.8001564,668.5536,332.74286,0.7868947
0.0,0.0,0.060708463,0.0,0.0,0.07945416,0.0,0.0,0.011845209,785.99036,158.75836,0.71472967,0.0,0.0,0.08984265,783.8573,184.9155,0.89906996,816.7568,183.71268,0.6823908,775.12146,224.62413,0.76297027,0.0,0.0,0.1977415,0.0,0.0,0.4848499,0.0,0.0,0.11794804,787.241,261.62747,0.9566538,810.6843,260.55643,0.9090571,779.8696,314.97745,0.951048,808.1751,314.50183,0.88245517,786.87634,367.5508,0.9055981,815.5699,365.5747,0.8270046
