640.1677,147.23105,0.8933952,0.0,0.0,0.38504976,635.1554,141.53389,0.903781,0.0,0.0,0.1239223,618.59705,143.9068,0.92262185,625.6829,172.43248,0.9574022,602.33466,173.51242,0.99645364,634.1476,211.65141,0.818243,595.7122,212.20415,0.99340135,660.4903,206.53406,0.799979,637.5302,204.15517,0.9830787,625.8753,258.97162,0.9934123,609.77734,260.4626,0.9980286,639.42834,330.09537,0.98812175,625.5281,328.43875,0.9965945,619.37415,394.14374,0.96135604,593.8492,387.69373,0.9823533
338.11868,193.25966,0.94608957,339.81122,189.67151,0.77989024,333.6785,189.57721,0.9530119,0.0,0.0,0.27843535,323.2921,191.29315,0.91170186,343.306,215.06984,0.97810316,312.1909,213.34987,0.9959067,350.98636,243.27022,0.79816234,297.88174,239.37354,0.98327625,354.7529,266.78186,0.7581361,291.58948,261.6978,0.9593907,333.23758,269.72495,0.98878396,314.72275,269.48126,0.9954503,330.66977,311.30048,0.969911,323.44836,311.69742,0.9872163,318.05173,349.20886,0.92215633,317.4889,350.80084,0.9575642
407.9495,202.55109,0.7824805,0.0,0.0,0.36399826,405.08154,199.59926,0.817792,0.0,0.0,0.10465333,396.55087,201.24208,0.8471683,400.15625,217.97162,0.91323704,387.33698,218.55467,0.9853697,398.73843,242.54848,0.56319547,376.4236,243.88593,0.9644152,402.67145,261.11795,0.55789185,382.23788,262.0074,0.92394966,397.06583,265.60406,0.97369057,388.88162,266.64563,0.99010825,400.58734,302.01443,0.9543939,393.46234,303.29916,0.98284113,391.85486,334.89948,0.9243454,382.97018,337.75974,0.9635611
104.21004,208.49133,0.91245544,106.3199,206.35487,0.8038349,102.25189,206.18568,0.88585824,108.7716,207.49142,0.51605594,98.27577,206.88707,0.7757404,111.50688,219.39754,0.9817723,92.19845,218.8687,0.9929264,114.8315,233.93138,0.8731972,85.21142,233.30571,0.9637179,111.86439,241.98033,0.83155227,84.90188,243.76949,0.92928654,106.0967,249.03891,0.9870805,94.032616,248.76244,0.9921766,105.19791,272.64505,0.97187364,93.187065,272.19687,0.9814123,103.65407,294.6357,0.9497032,93.31016,294.26605,0.96268624
0.0,0.0,0.17075096,0.0,0.0,0.076246224,0.0,0.0,0.11510683,0.0,0.0,0.3471569,433.67465,179.46227,0.58641124,415.5332,198.99466,0.94993746,442.11523,197.94432,0.97918314,411.341,226.43915,0.77016824,443.65112,222.82213,0.92548007,415.30753,240.57587,0.6004473,435.15823,238.8696,0.79581094,419.42072,251.87582,0.9911039,438.45255,251.10435,0.9945311,418.83572,290.0752,0.98613954,435.53674,288.9577,0.99073887,418.4889,329.89825,0.9714755,433.69534,328.57687,0.978867
731.0847,197.73277,0.78736335,0.0,0.0,0.39495638,727.57294,194.67184,0.8378526,0.0,0.0,0.11054026,718.9072,196.51219,0.85383505,725.8304,213.924,0.90319055,712.3978,215.7088,0.98452306,728.8337,237.47887,0.53144443,705.9636,242.29207,0.964804,733.86115,257.12048,0.5276152,708.01764,265.16718,0.92370147,725.1613,264.02173,0.9670156,717.6056,265.31567,0.9880854,726.4765,301.86795,0.9403027,723.5255,303.02707,0.9784322,712.7304,334.43774,0.90116966,711.7586,336.96005,0.9532728
142.57167,204.20947,0.8784591,144.25208,202.2394,0.7790908,140.61911,202.16222,0.8173129,146.61662,203.65451,0.5656371,136.84262,203.20482,0.6734887,150.393,215.19345,0.98244804,132.08037,214.4938,0.9887765,156.1838,228.4495,0.8981834,126.80359,226.61916,0.9354295,155.67455,237.02911,0.8504448,129.09985,232.16342,0.88773674,146.94086,243.88042,0.9848337,135.69069,243.64568,0.98804617,145.45921,266.6143,0.9621932,136.53645,266.3431,0.96752954,142.86041,287.12555,0.92271745,135.83777,286.8794,0.93076044
678.16705,200.82942,0.7407314,0.0,0.0,0.43459418,675.72235,197.59875,0.7581795,0.0,0.0,0.19956923,667.35486,199.21344,0.7711714,672.671,217.70044,0.9184908,658.68,217.59636,0.96779513,676.04254,239.62788,0.54816717,658.5135,241.09648,0.85978127,0.0,0.0,0.46775717,672.47565,248.23651,0.7416386,671.4937,259.66583,0.9173538,662.48315,260.72824,0.94996834,673.66614,282.1379,0.7973543,667.00714,283.38898,0.8716932,666.24866,307.57913,0.71047187,661.1598,309.86365,0.78756195
0.0,0.0,0.18969403,0.0,0.0,0.13841385,0.0,0.0,0.10274537,231.38254,212.42468,0.57944274,0.0,0.0,0.4380053,228.01172,223.046,0.9604803,244.05534,222.86258,0.9546068,224.79152,237.61296,0.81523395,249.23924,235.8425,0.75326407,222.32368,249.64822,0.6282931,247.29951,245.93752,0.5555105,230.45319,248.18562,0.9815061,241.62973,248.35106,0.9794676,228.12405,268.5565,0.9706618,242.95824,268.96042,0.96405613,228.66054,287.74994,0.956202,245.91199,287.64386,0.94853055
0.0,0.0,0.18333505,0.0,0.0,0.14952679,0.0,0.0,0.09514889,286.91025,209.28137,0.5307702,0.0,0.0,0.2671857,282.504,219.67424,0.9376122,301.3215,220.14294,0.9224954,275.85178,233.82907,0.72708666,302.41354,234.64682,0.5767112,274.68033,240.82668,0.54901415,0.0,0.0,0.40996408,285.88943,249.60641,0.9736134,297.74478,249.87213,0.97019815,285.52887,276.15268,0.961918,296.22165,276.3988,0.9540275,288.13373,302.3985,0.93784016,296.41003,302.50598,0.92854345
