603.7902,185.34816,0.94835377,607.1926,182.28197,0.91817075,600.9133,182.13577,0.8919774,612.0907,184.74536,0.76921326,596.27716,184.50296,0.6494671,618.96747,204.30864,0.99355644,589.37335,205.6524,0.99398583,626.7998,226.98471,0.9581769,584.93774,232.29247,0.9440353,620.8997,243.12532,0.9249935,584.43646,254.98311,0.899445,613.0002,253.8225,0.9938315,593.9886,254.27325,0.99397355,612.4351,291.4911,0.98041177,593.9882,291.70218,0.97791946,611.22095,327.7337,0.9497897,596.598,327.81546,0.94507205
0.0,0.0,0.18777052,0.0,0.0,0.13377684,0.0,0.0,0.073698096,229.65701,178.4286,0.53334296,0.0,0.0,0.2687204,221.21355,200.73453,0.94142175,255.29318,200.45187,0.88116807,209.57597,234.73013,0.8696874,257.8688,230.30287,0.68891764,204.88026,261.85873,0.73567075,248.69193,247.17058,0.5621687,224.27005,258.37518,0.98610145,248.64362,258.87704,0.979324,222.5806,312.24643,0.98483443,254.6519,316.70383,0.9789965,217.29095,358.00015,0.96872264,256.7394,365.1823,0.9621083
365.40268,204.73419,0.69139636,0.0,0.0,0.37371537,362.86978,202.15059,0.6523058,0.0,0.0,0.3073583,358.33655,203.61699,0.7836481,355.61337,218.03595,0.956509,357.945,218.62172,0.9822499,352.74808,234.37756,0.7198953,358.3084,235.60786,0.91998416,356.134,229.83994,0.6294099,359.04034,232.47684,0.83673716,356.75186,260.8072,0.98408264,359.90604,261.2841,0.99053895,354.53442,299.22864,0.9810052,366.11658,299.4044,0.98829365,351.7096,336.19144,0.97188425,368.26038,337.11462,0.98030627
472.29257,206.99153,0.9026027,474.73715,204.46452,0.8291208,470.14478,204.69597,0.8346757,478.65967,206.27678,0.64026874,466.99933,206.74988,0.64842147,484.8663,221.17621,0.98602015,461.14474,222.2785,0.9899435,490.5338,237.57228,0.907259,454.3242,238.98155,0.93164253,485.78946,240.55582,0.8572781,460.72372,241.37817,0.88119775,481.90652,258.73428,0.9891572,466.39236,259.3388,0.99105144,482.63766,287.6433,0.9769264,464.89722,288.04553,0.97905797,481.44513,315.13962,0.9511421,464.57083,315.29468,0.95405006
316.16354,213.90407,0.8029024,317.95486,211.74515,0.72096866,314.47015,211.54993,0.7652616,0.0,0.0,0.470599,311.21472,212.358,0.58285755,324.2727,224.13017,0.98417133,305.0214,223.45001,0.98476726,330.10144,234.41678,0.8884366,298.07568,233.51617,0.91327965,327.59464,232.69507,0.8479463,301.84433,232.41406,0.8735259,317.70004,254.7888,0.9934637,305.9718,254.5426,0.9936958,316.10876,279.7914,0.9851778,306.27518,279.45538,0.9861028,312.53452,303.21497,0.9699892,305.5373,303.32648,0.9716859
0.0,0.0,0.23137642,0.0,0.0,0.13735256,0.0,0.0,0.27541584,0.0,0.0,0.069912344,0.0,0.0,0.27641925,0.0,0.0,0.15501563,0.0,0.0,0.44066796,0.0,0.0,0.066995144,0.0,0.0,0.41909185,0.0,0.0,0.09812497,0.0,0.0,0.3767279,0.0,0.0,0.19790578,0.0,0.0,0.36809936,0.0,0.0,0.27055198,0.0,0.0,0.4627091,0.0,0.0,0.39200684,844.8498,331.15598,0.55091125
0.0,0.0,0.14430493,0.0,0.0,0.075324684,0.0,0.0,0.11347102,0.0,0.0,0.40484974,199.15652,214.1321,0.5975732,184.42477,226.20473,0.943501,203.26883,225.41177,0.9595239,179.75238,242.16566,0.7067325,207.6635,239.95256,0.8078104,0.0,0.0,0.47874916,208.58766,255.29175,0.57865965,187.22894,253.41518,0.97436553,199.66397,253.34178,0.9777796,188.25473,275.60907,0.9530942,199.37317,275.60583,0.9567678,188.45227,295.52637,0.92782843,198.15573,295.54834,0.9309313
282.7887,218.1462,0.8235495,284.32123,216.23433,0.7300662,281.16925,216.10307,0.79433453,0.0,0.0,0.4706289,278.17368,216.95468,0.65496653,289.58716,228.27989,0.97804785,272.9854,227.8339,0.98162913,295.2768,240.18907,0.8253197,266.21866,239.68446,0.89114004,297.2018,252.02481,0.75806344,265.55753,252.09526,0.8270562,285.2894,254.09727,0.9793362,275.67734,253.95822,0.98116916,283.71988,273.7915,0.94509035,276.3071,273.50864,0.9522951,281.61124,291.3332,0.9005974,276.16364,291.31512,0.9112216
413.69742,227.41502,0.84079427,415.48468,225.49767,0.8195281,412.32465,225.52866,0.74145,419.14816,226.2211,0.6747683,0.0,0.0,0.44744912,423.41208,235.48592,0.97995126,409.40018,235.73587,0.9721156,427.45932,245.9098,0.8923876,406.45505,245.99887,0.8236258,424.33942,252.43985,0.8501017,407.39682,252.05367,0.7844594,421.15997,258.48596,0.9805103,412.55295,258.48987,0.97746223,419.81818,276.4025,0.956151,412.67395,276.2541,0.9482291,420.13275,293.1032,0.91949195,414.2771,292.89337,0.90892047
140.78531,218.5382,0.59937096,0.0,0.0,0.4354868,139.34662,216.82745,0.57572144,0.0,0.0,0.336067,136.78601,217.72063,0.60863215,139.63284,227.40356,0.95617646,134.87369,227.41194,0.9649869,142.39494,237.57234,0.77676105,135.75037,238.16666,0.86903083,144.67456,240.78683,0.69643,140.95088,241.06999,0.79092526,138.39955,251.9485,0.96258026,136.03879,252.17546,0.9674838,139.83064,268.72617,0.89585674,138.51471,268.70328,0.9127343,138.07034,282.82,0.8023141,136.498,283.31314,0.8260771
