644.8928,159.71852,0.963847,648.4528,155.89551,0.90980965,640.60944,155.35777,0.9466492,652.1878,160.42278,0.5994549,631.46234,158.82866,0.8089665,658.19507,188.52983,0.9918554,619.1043,189.20618,0.99620605,669.56964,218.1677,0.9497598,608.5191,225.92554,0.9789448,672.8104,243.83849,0.92631495,606.13873,265.36047,0.9571029,650.26965,255.95998,0.99513185,626.52826,256.53342,0.99671906,642.8747,306.23883,0.98414814,630.65137,306.85263,0.9876807,633.1753,352.66006,0.9455216,630.5816,353.83856,0.95443463
0.0,0.0,0.10226863,0.0,0.0,0.08297266,0.0,0.0,0.023605362,442.46957,116.700714,0.8049224,0.0,0.0,0.34457815,430.1675,172.3574,0.95660055,509.82837,171.51364,0.8863994,405.54764,239.7205,0.87513864,520.5789,250.361,0.59616196,413.5498,255.89427,0.68170726,0.0,0.0,0.41487688,445.61008,321.82816,0.9561343,495.47986,320.76456,0.92967355,457.09494,437.6161,0.76893616,474.91193,433.5907,0.67590564,0.0,0.0,0.28481346,0.0,0.0,0.23135024
0.0,0.0,0.24751307,0.0,0.0,0.08175971,0.0,0.0,0.25275597,0.0,0.0,0.38492948,174.96901,191.70708,0.8710405,152.41492,210.94057,0.9751398,180.03557,210.14136,0.9909066,143.05449,235.22212,0.7208925,188.33966,232.3986,0.9288616,0.0,0.0,0.47717768,186.21545,247.86197,0.7456637,156.6876,257.1595,0.9920264,174.7583,256.8911,0.99524176,157.8033,294.2907,0.9857124,172.64397,293.98535,0.99078935,157.63573,333.142,0.9748077,169.50002,333.80414,0.98136526
555.2313,171.21327,0.9076628,558.23083,166.15141,0.7766629,549.5046,166.5799,0.8861314,0.0,0.0,0.38431224,535.852,170.802,0.7080751,562.75256,200.7671,0.92361015,522.4666,200.69585,0.94172275,576.58765,235.082,0.704026,517.8967,239.52979,0.7974232,582.17065,254.70076,0.5904168,534.4047,278.8115,0.69735605,555.96674,277.63232,0.9650859,527.2303,278.5026,0.9702297,565.95416,340.5324,0.96536493,521.91205,341.62885,0.9716338,581.19855,398.00406,0.9487017,518.89685,398.481,0.95470023
362.112,201.09218,0.8952925,365.10114,198.48975,0.83022594,359.7695,198.6732,0.8099786,369.5605,201.20036,0.6737139,356.8279,201.65857,0.6101462,375.79303,216.72357,0.98460704,352.3936,218.84818,0.9851715,382.198,232.52141,0.9002597,353.81168,237.50363,0.8894009,378.95584,235.43076,0.8461212,367.2974,239.51164,0.82694715,374.1535,254.87201,0.98577476,358.81644,255.922,0.98643434,373.66318,286.00854,0.97229564,359.23816,286.69183,0.97166204,371.45523,316.46274,0.94393367,360.89062,316.78687,0.94301736
338.68784,204.13498,0.90682083,340.64197,201.96507,0.83717906,336.64716,202.11526,0.847726,343.01517,203.54955,0.64093083,332.84943,203.83287,0.6689464,346.7389,217.3674,0.9827466,326.95175,217.77939,0.9892492,346.91275,232.85432,0.8901363,318.63052,232.67674,0.9287474,340.9309,239.13832,0.8402885,320.28815,238.28084,0.8770784,343.31296,253.1714,0.98290795,330.8625,253.34135,0.9866599,341.2863,282.27057,0.96004003,330.3779,282.23102,0.9648675,338.84668,309.66565,0.9175334,329.78796,309.47293,0.92477286
0.0,0.0,0.3086519,0.0,0.0,0.1548495,0.0,0.0,0.37187767,0.0,0.0,0.08009569,0.0,0.0,0.43965575,0.0,0.0,0.39415297,840.8365,227.27449,0.777275,0.0,0.0,0.1304293,837.55597,244.83829,0.6791252,0.0,0.0,0.15685794,841.7362,253.77716,0.5683398,850.901,262.88904,0.53349954,844.34686,263.3867,0.7518674,0.0,0.0,0.47254077,843.978,294.49466,0.70011306,848.82794,325.22772,0.5126387,845.2268,325.69595,0.68523854
297.68475,212.55273,0.8536423,299.38495,210.49724,0.6544454,295.91245,210.4699,0.845356,0.0,0.0,0.34453338,291.94547,211.77016,0.7906598,303.26044,224.48228,0.9676976,285.01224,224.00719,0.991071,306.80133,238.70374,0.7881258,276.57898,237.24825,0.9661488,306.96902,250.23792,0.74200565,276.94125,248.27876,0.9291818,297.525,254.48952,0.98225313,286.4481,254.37616,0.9911896,293.94998,277.3015,0.9609493,286.1176,277.24405,0.979477,289.4823,297.6758,0.9326595,284.27158,298.08716,0.9577771
0.0,0.0,0.08637213,0.0,0.0,0.05000685,0.0,0.0,0.07966943,0.0,0.0,0.3513547,208.94554,221.19533,0.5423803,193.75789,230.42238,0.9340052,212.42036,231.01305,0.9497483,188.56778,243.79782,0.6586209,216.76413,244.41612,0.78578275,0.0,0.0,0.42706338,216.72342,257.50583,0.54721135,196.08354,254.75319,0.96900684,208.81125,254.94327,0.973795,196.78273,274.3688,0.9378711,209.33104,274.44907,0.94837767,196.18576,291.96188,0.9054004,208.09372,292.09015,0.91793764
749.04877,212.54611,0.6455157,749.6872,210.223,0.5047367,747.64453,210.26817,0.5813781,0.0,0.0,0.47584134,746.9581,211.60175,0.6244665,746.43353,224.08023,0.9697632,745.19147,224.69875,0.97412395,746.04114,238.07657,0.7877813,742.8833,239.45009,0.8462844,745.2303,243.41284,0.6832541,743.64105,244.84354,0.7439716,743.8785,256.49222,0.9728327,743.3102,256.85056,0.9750979,740.12366,281.4306,0.9287493,740.41797,281.5094,0.9350436,734.7173,304.81827,0.83797944,735.9628,305.35492,0.8497722
