0.0,0.0,0.2575738,0.0,0.0,0.1356461,0.0,0.0,0.074681684,452.9284,182.05661,0.66821384,0.0,0.0,0.41703716,441.37964,208.8367,0.9902727,488.15057,209.4139,0.97499657,423.98737,248.09148,0.9796513,500.61002,248.22945,0.9235996,423.95508,282.94943,0.940386,496.9331,283.66754,0.85543007,451.33017,277.9345,0.9979565,480.1576,278.34058,0.996561,454.0058,329.04453,0.9948243,468.54074,328.43973,0.991676,466.77277,377.08392,0.9773088,466.5459,373.01788,0.9701955
0.0,0.0,0.13778625,0.0,0.0,0.15107785,0.0,0.0,0.030689644,732.70654,199.2342,0.8818556,0.0,0.0,0.34775773,727.6109,224.88411,0.9910252,763.48315,222.0844,0.9816398,716.52655,257.80338,0.961384,773.28253,255.25482,0.8362717,717.5573,280.78424,0.84021163,770.7477,279.82492,0.6110091,733.62946,287.62183,0.99554956,757.40173,285.97815,0.99382,727.6666,332.78976,0.98706156,753.55426,332.08386,0.9783426,726.61096,378.38492,0.96087444,753.6987,376.35666,0.9439155
802.16846,210.12488,0.9196866,805.4364,207.03915,0.9127075,799.86597,207.10274,0.76759064,812.48785,208.35826,0.8419917,0.0,0.0,0.39097026,822.0012,225.32265,0.9909758,794.8877,225.98239,0.9812026,828.2879,246.47401,0.9603679,793.5305,247.24591,0.8195452,810.30524,249.17899,0.9313806,805.6659,250.00488,0.7779833,818.7953,272.07858,0.98832744,801.45264,272.01474,0.9822253,817.6868,309.23727,0.969443,806.002,308.8725,0.94667846,814.79926,344.36453,0.9234929,812.7671,343.05743,0.8875889
0.0,0.0,0.25847748,0.0,0.0,0.15712444,0.0,0.0,0.111392625,639.114,180.68355,0.6220119,0.0,0.0,0.42347056,629.97314,206.14175,0.9606856,676.1592,205.3126,0.9449484,623.1817,240.20267,0.8786527,682.9835,238.81508,0.8247089,630.3484,267.64258,0.7420513,676.29315,267.4555,0.6783606,634.6514,268.3958,0.9873072,666.1905,267.74365,0.98529494,630.3234,323.09863,0.98159707,661.1942,324.38248,0.98014164,629.4621,374.40967,0.9536575,659.57996,377.79028,0.95265245
0.0,0.0,0.2861756,0.0,0.0,0.15204254,0.0,0.0,0.1384743,542.0477,166.1225,0.6185755,564.9301,167.44919,0.53203136,533.9378,196.95007,0.9646355,579.516,197.23541,0.9663776,523.56647,238.99103,0.8643272,589.0562,237.78824,0.8817197,529.8427,270.20944,0.70491976,578.83496,271.9715,0.7347974,539.9075,270.90775,0.98977494,570.85974,270.54565,0.99061537,537.2468,328.63235,0.98597324,568.04865,327.1645,0.9880903,544.3831,383.81668,0.96600646,573.96735,382.2011,0.9707982
0.0,0.0,0.11464087,0.0,0.0,0.093927406,0.0,0.0,0.05309752,600.8256,223.94073,0.63154626,0.0,0.0,0.4202904,595.53174,241.26335,0.94280314,622.5242,239.4975,0.90967923,590.2772,262.88327,0.7162311,625.1345,261.50153,0.53073597,0.0,0.0,0.4299644,0.0,0.0,0.29886606,603.39746,280.36935,0.9703508,621.7002,279.73407,0.96190554,599.182,311.62823,0.96118087,619.476,311.35388,0.94578534,600.5186,344.2497,0.9474316,621.1022,343.00195,0.932399
0.0,0.0,0.23584074,0.0,0.0,0.09999405,0.0,0.0,0.21836488,0.0,0.0,0.29895222,298.61746,230.88042,0.6888487,283.8464,241.96037,0.94426495,299.94586,242.63292,0.97360253,275.5529,256.68887,0.7207836,302.84027,257.9866,0.9000567,273.35196,269.98615,0.5610664,303.4505,271.6097,0.76251566,284.81433,271.0071,0.9812521,295.46606,271.3188,0.9874285,284.34885,293.34503,0.96767217,293.8314,293.5521,0.9770765,283.7084,313.3692,0.9530396,291.64072,314.3506,0.9632606
0.0,0.0,0.15007672,0.0,0.0,0.080650076,0.0,0.0,0.13780242,0.0,0.0,0.438071,361.89282,235.16678,0.67434114,347.44547,246.24747,0.9785323,366.43445,246.44101,0.984278,342.03195,260.62497,0.80244917,372.21838,260.50696,0.89885324,343.03217,271.12793,0.5599544,372.67307,271.42392,0.69870394,350.60593,273.74112,0.9849229,363.1882,273.76337,0.98744375,351.59137,294.53485,0.94698745,363.23132,294.34256,0.9574063,351.42563,312.94662,0.9034743,362.07672,313.07153,0.91827244
0.0,0.0,0.14570908,0.0,0.0,0.091120124,0.0,0.0,0.12139494,0.0,0.0,0.42241582,264.16626,236.28264,0.5219309,250.96536,246.06662,0.9604739,266.68723,246.97757,0.96567965,245.15244,259.5564,0.7470531,268.9053,260.9211,0.8089641,244.27412,271.06262,0.5224881,267.58105,272.66315,0.5875538,250.99036,271.8653,0.97888786,261.6223,272.09967,0.9806998,250.42085,292.33582,0.9517838,260.14902,292.6329,0.95646244,249.47188,311.3356,0.9285421,257.63156,311.72858,0.9341434
54.491352,250.53209,0.67620367,55.26073,248.86996,0.57299584,53.29596,248.89847,0.6054666,0.0,0.0,0.44784448,51.841812,249.89189,0.5182021,58.02203,259.02127,0.9589817,49.145657,259.21017,0.96327686,61.438976,270.6791,0.79420495,44.79216,270.87158,0.8366887,61.079765,281.26276,0.72567296,44.25013,281.8213,0.7664575,57.49931,281.7047,0.96974194,52.73285,281.87366,0.97165304,58.42446,299.04175,0.93955815,53.311943,298.99103,0.9436512,59.046665,314.84634,0.90563697,53.87887,314.71634,0.910601
