0.0,0.0,0.40888828,0.0,0.0,0.13959688,0.0,0.0,0.26954177,0.0,0.0,0.40676314,203.4053,152.28452,0.7588799,158.95514,179.73314,0.96161664,208.96593,184.03249,0.98456603,146.61848,228.48735,0.8807249,219.20262,227.48604,0.95340496,142.69226,265.7262,0.8087371,207.41599,248.17155,0.8994787,161.6399,265.58008,0.99121875,193.65622,268.76123,0.99390644,163.98059,328.86514,0.9880943,190.18007,338.1741,0.99168104,163.33592,388.0565,0.9650371,180.64658,400.20383,0.9720899
0.0,0.0,0.18095802,0.0,0.0,0.09054226,0.0,0.0,0.105600215,368.43436,212.27196,0.5262821,386.1287,212.14397,0.6296834,358.75998,232.36688,0.98104423,394.02362,230.72699,0.9799473,350.69995,258.36456,0.9016298,407.47208,254.34131,0.8770922,351.79,274.047,0.7446805,404.1262,266.71243,0.6963255,366.06287,280.2667,0.9915998,387.77386,279.5274,0.9914358,371.53116,316.57755,0.97891986,382.59933,315.886,0.9767864,377.12833,352.3303,0.9475948,379.27826,352.46225,0.94369185
0.0,0.0,0.1901652,0.0,0.0,0.0649751,0.0,0.0,0.16936462,0.0,0.0,0.4194979,639.9068,198.81044,0.8174891,616.55695,217.31921,0.9738404,644.8604,218.66031,0.9911515,607.80884,242.04448,0.8071666,654.6558,245.21916,0.9574135,609.0409,257.2783,0.6110425,658.19073,264.9519,0.8372817,622.48804,267.69122,0.99313325,640.9671,268.49454,0.9960498,619.9691,308.13037,0.983563,641.4901,308.519,0.98942626,617.9009,344.8687,0.96189463,638.9714,345.82144,0.97219455
254.23569,213.04268,0.9019462,257.58463,210.03015,0.8575304,251.63516,209.86401,0.815428,263.17343,211.78009,0.6547898,248.01065,211.60007,0.50207067,269.33664,228.2736,0.9788753,245.1802,228.53435,0.9786558,279.81827,246.23854,0.9128416,242.5531,246.66394,0.8835154,275.22504,247.90353,0.87804973,246.69064,246.40067,0.8407118,265.2728,272.3411,0.9909054,248.55618,272.32574,0.99064684,271.2796,310.1569,0.9893471,245.64291,309.7542,0.9876232,277.80954,346.64972,0.9820302,243.48575,345.70792,0.97990555
0.0,0.0,0.07497341,0.0,0.0,0.02437612,0.0,0.0,0.06657735,0.0,0.0,0.2974854,523.6498,192.71936,0.73455197,494.2444,215.23036,0.928383,527.775,215.25558,0.9655645,488.4314,248.125,0.52461493,536.21875,240.23552,0.8044615,0.0,0.0,0.27428278,0.0,0.0,0.48537555,503.72046,276.83664,0.9790546,527.74554,277.89542,0.9857804,497.51352,319.8005,0.95829284,530.5538,320.958,0.96912295,491.94653,361.77954,0.9234175,529.58655,363.55957,0.93759197
552.69135,199.79564,0.8308116,555.31683,196.89879,0.8240678,551.12024,197.21886,0.6163252,561.7895,199.1367,0.76316303,0.0,0.0,0.31603417,571.80774,218.43326,0.98523706,547.153,219.02568,0.9640279,580.8271,241.02733,0.93618125,542.4454,239.78561,0.70086944,580.76544,256.98416,0.874916,543.3353,245.49316,0.62256026,565.8572,261.68033,0.9884574,550.89886,261.71414,0.9805444,565.5585,293.6731,0.97821665,551.6966,293.81927,0.95911777,565.23535,324.50208,0.9579956,555.0305,324.14835,0.93413323
0.0,0.0,0.16940068,0.0,0.0,0.14565358,0.0,0.0,0.06109219,440.44907,199.599,0.8389561,452.55768,199.12808,0.51311785,436.16824,219.28812,0.98689216,465.59583,221.23528,0.98277515,422.0007,236.43433,0.9271524,476.27304,249.58861,0.85661167,425.72552,227.33057,0.76506346,481.4192,257.0192,0.64164114,447.30243,274.0126,0.9938105,467.0657,274.5975,0.9928175,440.7915,314.69913,0.9860551,469.79303,314.9815,0.98062485,439.73798,353.41522,0.9638163,471.52353,351.66672,0.9541669
0.0,0.0,0.0747273,0.0,0.0,0.04444465,0.0,0.0,0.048239782,0.0,0.0,0.45542935,703.27783,205.49109,0.5169874,684.4195,219.3079,0.96330893,709.1498,219.37794,0.97276515,675.21185,235.32443,0.84793097,714.566,238.63399,0.88402724,673.8659,248.71754,0.6423847,716.11926,256.01392,0.69136894,690.2418,253.3192,0.9908552,706.3522,253.48613,0.99224913,691.90454,279.00522,0.9810805,706.74286,279.21164,0.98211277,693.6165,304.74805,0.9655907,706.8412,304.8414,0.96669525
818.3722,225.76617,0.64143336,0.0,0.0,0.4638195,816.8922,224.11528,0.6430586,0.0,0.0,0.3009277,813.7198,224.89757,0.6567111,817.25476,233.54196,0.9554951,809.656,233.70518,0.9694159,819.20917,243.97754,0.75166583,806.6732,244.75896,0.8835859,819.23,248.21092,0.68311226,810.9995,249.60663,0.8145657,815.3997,255.90433,0.9697084,811.2748,256.21933,0.97542816,815.9467,274.33682,0.94246536,811.4046,274.4205,0.95492053,813.89386,291.2292,0.9108074,809.05493,291.8765,0.9261199
421.3958,191.30965,0.6824162,424.1698,187.91385,0.66072875,0.0,0.0,0.45714903,429.07178,189.42154,0.7571361,0.0,0.0,0.42606777,428.79694,208.41591,0.9426768,432.7624,208.81679,0.9318777,420.5534,226.88321,0.7037405,432.00244,226.1285,0.5660727,420.25552,221.90042,0.554883,0.0,0.0,0.43311286,432.31927,254.91136,0.89622265,434.99014,254.70116,0.8866293,426.99655,288.1476,0.83113384,430.4907,287.75653,0.7942262,432.4148,325.1138,0.7646865,431.94867,323.39087,0.7313345
