0.0,0.0,0.10714632,0.0,0.0,0.047508664,0.0,0.0,0.07620618,253.92726,178.97636,0.6018116,271.61414,179.05229,0.7778819,241.79936,201.53052,0.98735166,279.63406,201.95105,0.99344915,227.51593,231.65059,0.9251237,292.16074,232.97722,0.9634371,228.44547,258.55106,0.76401114,297.97446,261.81305,0.8370325,249.74547,261.97525,0.9967152,273.84158,262.49228,0.9975822,253.05891,305.9276,0.9892211,274.02332,306.27557,0.9906673,256.83966,348.1129,0.9667817,273.55225,348.96634,0.9697684
744.05084,89.01586,0.98285854,751.0616,81.22571,0.8977776,732.315,82.193115,0.9708618,757.4126,88.51264,0.52376723,712.7448,91.47025,0.9174076,755.89044,150.71342,0.9872256,698.7971,151.536,0.9976411,770.1695,225.26912,0.903924,680.9998,232.5033,0.98581463,797.19934,275.36075,0.86957103,681.24194,298.35178,0.9683754,737.13965,277.80936,0.9868809,711.9842,280.24316,0.99357927,713.9663,377.7154,0.95902574,765.0666,382.23383,0.9804914,682.2241,458.1815,0.76065165,785.8612,465.02286,0.83794326
411.21896,160.6727,0.9610385,415.77893,157.17464,0.87352717,406.71582,156.97356,0.93940544,421.40787,160.98328,0.60678875,398.98566,160.38678,0.8350485,430.8383,186.55048,0.98064834,390.02005,188.58276,0.9935134,440.50928,218.28122,0.8924734,392.68872,223.09172,0.97411424,428.90692,226.318,0.84466296,418.811,222.03305,0.94557315,427.15338,254.24762,0.99181634,399.2969,255.15585,0.99512637,428.11392,311.4609,0.9842679,401.052,313.1471,0.99130404,419.6037,360.60507,0.9570245,401.6805,364.67465,0.9711084
0.0,0.0,0.20519857,0.0,0.0,0.14517723,0.0,0.0,0.12737384,72.05411,216.29515,0.62022173,81.25394,216.36986,0.52329546,68.002884,228.05945,0.98201066,86.45895,228.23846,0.98004216,63.680798,242.62216,0.8391114,93.32968,243.0427,0.8096799,64.58969,255.0217,0.6452677,93.668144,254.86461,0.59988123,71.01587,256.21182,0.99122894,82.97653,256.33063,0.99084854,70.83075,277.97708,0.98153806,83.01316,277.819,0.9806113,71.37244,298.63034,0.9691561,83.53382,298.64078,0.9682746
0.0,0.0,0.17160104,0.0,0.0,0.109430484,0.0,0.0,0.12404254,116.76942,218.44762,0.50991976,125.9306,218.62971,0.5467738,111.603134,229.80785,0.97676927,129.67967,230.19302,0.97800946,105.668686,243.91553,0.81474143,135.31073,244.40878,0.83540046,106.37586,256.46655,0.6192194,135.6555,256.69864,0.6376914,113.41582,257.02243,0.9905804,124.769295,257.24683,0.9908965,113.378426,278.0379,0.980589,123.936005,277.97385,0.98139554,112.48136,297.61404,0.9677213,122.73438,297.95172,0.9690985
0.0,0.0,0.19259867,0.0,0.0,0.09806455,0.0,0.0,0.11306582,0.0,0.0,0.13105422,0.0,0.0,0.14198047,0.0,0.0,0.28507563,850.7602,139.73875,0.50433064,0.0,0.0,0.16757579,0.0,0.0,0.42345744,0.0,0.0,0.20252359,0.0,0.0,0.39147356,0.0,0.0,0.47400045,836.4441,286.86392,0.5922563,0.0,0.0,0.42026302,840.165,381.3104,0.5477408,0.0,0.0,0.2595887,0.0,0.0,0.32809156
0.0,0.0,0.07293174,0.0,0.0,0.05830599,0.0,0.0,0.034062076,638.2442,202.01714,0.64763564,0.0,0.0,0.41861257,631.7207,215.8147,0.95428675,665.28357,215.53268,0.9433303,618.7838,235.86815,0.83496636,674.3217,236.47461,0.74957263,616.14496,253.95184,0.5940779,0.0,0.0,0.49410802,641.8232,254.45943,0.9787829,662.9399,254.3948,0.9750313,642.0367,286.40182,0.9541197,660.9698,286.2907,0.9395605,644.27136,317.10294,0.90824234,659.12415,315.95346,0.888302
0.0,0.0,0.14118275,0.0,0.0,0.08650473,0.0,0.0,0.10269267,0.0,0.0,0.48640642,164.27615,213.89847,0.5327879,150.4739,225.45389,0.97693926,168.59277,225.72386,0.9783508,144.41196,240.41405,0.8168953,174.36649,240.7136,0.8454514,144.37828,252.73409,0.59952384,174.40277,253.1128,0.63191485,153.2752,254.32243,0.9899686,164.45169,254.46417,0.9903653,155.36247,276.93567,0.97359836,163.89178,276.88467,0.9751219,156.22906,297.2632,0.95218563,162.71033,297.48285,0.95459807
474.90228,201.81604,0.9096804,477.71252,199.19176,0.8024828,472.00327,198.78185,0.87609565,480.92175,202.2708,0.50171053,466.02002,200.85146,0.7456716,483.9365,220.36935,0.9782707,457.63672,218.90518,0.9885731,488.81787,242.10854,0.8247629,451.19476,240.53691,0.91926163,485.92545,249.7039,0.75504494,459.44168,247.46516,0.8507489,477.20465,266.4024,0.9815167,460.71167,265.93866,0.98665524,474.8769,305.22775,0.95302534,463.99503,304.76862,0.9639199,469.77747,343.21927,0.899409,464.47736,342.70084,0.9173531
583.67737,214.80191,0.89885235,586.22577,212.5023,0.8840469,582.1595,212.17876,0.8072741,591.08344,214.06454,0.75601053,0.0,0.0,0.46713883,594.52234,226.83617,0.98425597,577.32,225.69011,0.9760165,595.43427,240.83589,0.89793646,574.2175,238.63309,0.79907215,586.73096,241.27286,0.8525779,580.5948,238.95084,0.7583683,590.9675,257.8942,0.97784895,579.3833,257.3571,0.9731415,590.2651,283.08273,0.93434507,580.55096,282.62463,0.91794807,590.0208,306.0588,0.8276701,583.3181,305.50122,0.7989813
0.0,0.0,0.14536816,0.0,0.0,0.09723651,0.0,0.0,0.09266071,329.66925,217.12549,0.5862705,340.74942,217.3957,0.52570844,322.93912,230.23929,0.97593486,345.3791,230.92786,0.9742276,314.61948,246.97214,0.81009716,351.4902,248.48076,0.78003395,314.98453,261.32825,0.5605339,350.4451,262.59607,0.5158052,324.8331,263.3427,0.9807185,338.9217,263.72232,0.979982,327.00253,286.87454,0.9237723,339.59784,287.2123,0.92067677,328.10602,306.76126,0.8329506,339.30963,307.29962,0.82924986
0.0,0.0,0.08993291,0.0,0.0,0.0707735,0.0,0.0,0.050159834,0.0,0.0,0.30754852,0.0,0.0,0.16380598,366.1272,222.76045,0.82242703,379.00504,222.07037,0.80119854,362.36246,238.04631,0.5604645,0.0,0.0,0.45893216,0.0,0.0,0.40138987,0.0,0.0,0.32566908,369.74115,253.34837,0.9502206,377.98383,253.09882,0.9469551,372.37842,279.99396,0.94634867,377.7826,279.7307,0.9398363,376.75275,306.2121,0.9292867,378.42517,305.61258,0.9228087
