481.50333,185.48302,0.91510236,484.37585,182.04669,0.52400553,476.97897,182.1108,0.9038171,0.0,0.0,0.21339937,463.9943,186.06383,0.89769393,483.26822,215.96323,0.9677797,448.30466,216.76996,0.9981279,498.0692,245.6945,0.84814113,425.28046,249.10704,0.9955519,507.33698,260.9778,0.8287469,408.77472,272.97388,0.9875661,474.9768,283.8421,0.9956631,458.22607,285.8423,0.9988839,457.6901,329.0812,0.992669,473.86203,339.43475,0.9982046,434.67038,370.36066,0.9791651,482.66226,392.59427,0.9916015
124.52548,201.04163,0.93884003,126.44028,198.667,0.8448336,122.12627,198.64143,0.9205349,128.64395,200.77675,0.51587296,116.95092,200.53268,0.81356245,132.10028,215.62282,0.98735297,109.767105,215.80971,0.99552757,137.42667,232.44682,0.92074144,101.623566,233.51492,0.98043996,137.99872,245.06624,0.89326,100.42573,249.03152,0.9601889,127.81301,250.98792,0.9922099,113.63987,251.20181,0.9954932,128.63126,277.43793,0.97922426,113.338234,277.5305,0.98676306,128.07768,301.78812,0.9574348,113.35167,302.2873,0.9693272
540.9395,190.00099,0.87277067,541.00757,186.33179,0.5009358,537.1754,186.37698,0.907134,0.0,0.0,0.112807,526.20435,187.5616,0.90010947,536.43024,210.28601,0.9397147,515.1908,210.0012,0.9928526,537.9482,240.6701,0.6386749,509.1018,241.68393,0.9826691,543.58026,266.75403,0.648202,521.0329,268.58914,0.959643,536.31055,270.04196,0.98526496,523.14246,271.03986,0.99546546,535.95953,316.6801,0.97589976,527.06415,317.75287,0.9923151,529.7281,361.084,0.9528805,522.5312,363.68253,0.979736
0.0,0.0,0.13546687,0.0,0.0,0.10411043,0.0,0.0,0.06982063,327.75818,189.86436,0.60458225,0.0,0.0,0.43440887,321.85666,203.67789,0.96848863,345.5455,205.44821,0.95993114,313.8348,217.50813,0.884215,350.04678,225.12637,0.81220216,315.06784,221.7232,0.71311796,349.34583,235.85637,0.6176285,324.2891,244.23372,0.9899552,339.45096,244.7247,0.988345,323.07822,274.92233,0.98363227,333.04663,275.49658,0.978449,327.0979,304.70294,0.9695113,332.87085,305.06912,0.96225446
703.9972,205.25719,0.92161155,706.9184,202.7265,0.9159696,702.41486,202.80515,0.80319875,713.4117,203.5942,0.83449143,0.0,0.0,0.4532598,721.3412,216.81868,0.9899865,698.3119,216.06958,0.984053,727.83673,234.77547,0.9572725,691.6667,229.74379,0.87856877,722.15533,240.95375,0.9222725,696.56635,228.77982,0.82996964,717.95355,252.96559,0.984184,703.393,252.37343,0.9802051,716.78534,280.57126,0.940128,702.374,279.95224,0.91422164,716.6977,305.91428,0.85494655,706.31635,304.57794,0.81479824
168.35724,201.68408,0.8250425,169.90247,199.6138,0.7144401,166.76819,199.65446,0.7196298,172.53714,200.87247,0.5447107,163.68996,200.78957,0.55833566,176.5577,213.35252,0.9789209,158.22144,212.99007,0.98292774,179.51259,229.15218,0.89551437,151.62599,227.37692,0.90332824,175.93063,239.92796,0.84237,155.15422,234.71336,0.8446669,172.38475,246.14766,0.98606724,160.99486,246.06819,0.98731637,171.23215,271.88916,0.97041243,161.38281,271.83542,0.9705053,168.44858,296.3139,0.9409531,160.7358,296.24826,0.94124395
794.3679,207.73753,0.6907415,0.0,0.0,0.16627516,791.2932,204.69206,0.8070034,0.0,0.0,0.058475565,781.7114,206.70078,0.9404712,778.8352,221.13733,0.9285222,777.3088,222.81766,0.99372286,0.0,0.0,0.44647357,784.07294,244.38123,0.9828236,0.0,0.0,0.44157037,799.3779,252.61009,0.94746244,776.32465,262.6461,0.9786603,775.20715,264.3193,0.9946247,787.3781,289.29352,0.95423704,787.527,290.80066,0.989447,780.0901,312.61383,0.9333618,776.1293,316.00488,0.97750956
808.3831,194.32285,0.8662568,809.0878,190.77818,0.5331309,804.2637,191.03622,0.8783636,0.0,0.0,0.17647512,794.3611,193.64328,0.87180936,803.6703,212.38974,0.9288276,791.1611,213.61963,0.97725964,0.0,0.0,0.4858797,794.2434,239.53998,0.8839018,0.0,0.0,0.45307404,810.54626,255.8488,0.7940306,807.53033,256.10657,0.92207825,799.6704,258.14096,0.9592059,818.9473,289.7133,0.8562768,818.61145,291.79144,0.92804706,819.9471,319.58426,0.7981605,822.20966,322.64548,0.8752237
0.0,0.0,0.13725518,0.0,0.0,0.096061215,0.0,0.0,0.080289096,0.0,0.0,0.42824453,0.0,0.0,0.35315552,221.05132,227.2457,0.9374369,236.31985,226.98883,0.938489,216.16597,240.54982,0.81198,242.8721,239.55219,0.79488266,214.425,249.54936,0.65948766,243.03828,247.44722,0.6356772,223.84442,253.79346,0.9790228,233.57274,253.83296,0.9792054,223.90237,275.1514,0.9640056,231.97047,275.37717,0.961076,226.38612,295.27838,0.94000834,231.5012,295.2688,0.9360795
0.0,0.0,0.49948186,0.0,0.0,0.11671295,791.2064,204.60085,0.6320681,0.0,0.0,0.07959399,782.57715,206.28152,0.887401,777.1026,219.28915,0.903812,777.03406,221.54645,0.9876024,0.0,0.0,0.48795444,784.3545,243.63974,0.9753175,0.0,0.0,0.4436615,800.86755,255.67442,0.9245357,773.8295,261.56876,0.97338593,772.835,263.3684,0.9915025,784.71906,288.98676,0.93864745,778.3756,290.49686,0.98144734,777.04034,313.86053,0.90493315,762.16174,316.92047,0.9605071
